1 0.085
4 0.187
9 0.382
16 0.847
25 1.32
36 2.157
49 2.879
64 4.146
81 4.852
100 6.523
121 8.042
144 9.95
169 11.644
196 13.842
225 16.159
256 18.984
289 21.302
324 24.665
361 26.93
400 30.945
441 34.987
484 38.676
529 42.311
576 46.986
625 50.731
676 56.941
729 59.709
784 66.37
841 70.39
900 77.483
961 81.964
1024 89.453
1089 93.918
1156 102.19
1225 106.506
1296 115.569
1369 121.178
1444 131.271
1521 138.331
1600 146.983
1681 152.687
1764 168.999
1849 170.388
1936 183.346
2025 188.217
2116 201.141
2209 208.741
2304 220.769
2401 227.587
2500 242.557
2601 248.921
2704 260.885
2809 270.549
2916 286.356
3025 292.701
3136 313.229
3249 320.037
3364 334.697
3481 340.839
3600 361.81
3721 370.682
3844 389.018
3969 397.492
4096 416.887
4225 428.373
4356 448.054
4489 456.822
4624 478.254
4761 482.559
4900 503.188
5041 513.364
5184 541.264
5329 546.01
5476 568.138
5625 578.065
5776 601.603
5929 612.175
6084 647.661
6241 645.897
6400 674.517
6561 682.688
6724 711.714
6889 729.029
7056 748.728
7225 760.505
7396 789.463
7569 807.131
7744 829.475
7921 841.903
8100 875.393
8281 893.126
8464 922.506
8649 929.168
8836 963.395
9025 975.322
9216 1004.15
9409 1015.75
9604 1058.93
9801 1068.03
10000 1097.6
10201 1113.71
10404 1149.3
10609 1160.66
10816 1206.62
11025 1216.36
11236 1244.56
11449 1270.9
11664 1292.8
11881 1319.79
12100 1360.74
12321 1364.25
12544 1412.47
12769 1427.27
12996 1467.12
13225 1481.95
13456 1518.42
13689 1540.44
13924 1585.38
14161 1596.92
14400 1641.08
14641 1659.84
14884 1702.43
15129 1710.6
15376 1764.71
15625 1786.35
15876 1820.56
16129 1837.78
16384 1896.99
16641 1900.79
16900 1971.42
17161 1976.07
17424 2034.55
17689 2043.26
17956 2080.22
18225 2112.66
18496 2155.11
18769 2157.26
19044 2234.61
19321 2241.29
19600 2301.02
19881 2298.06
20164 2374.04
20449 2390.17
20736 2433.72
21025 2461.02
21316 2507.46
21609 2520.19
21904 2579.41
22201 2608.8
22500 2677.09
22801 2686.46
23104 2757.02
23409 2741.58
23716 2831.02
24025 2843.44
24336 2901.38
24649 2917.11
24964 2987
25281 2993.38
25600 3093.29
25921 3089.39
26244 3154.8
26569 3182.73
26896 3255.09
27225 3251.24
27556 3344.18
27889 3340.2
28224 3437.51
28561 3451.38
28900 3541.16
29241 3527.48
29584 3603.87
29929 3636.91
30276 3712.87
30625 3714.92
30976 3801.51
31329 3814.57
31684 3905.49
32041 3895.89
32400 3993.3
32761 4010.35
33124 4098.48
33489 4109.46
33856 4204.34
34225 4175.17
34596 4290.33
34969 4310.72
35344 4394.95
35721 4400.84
36100 4551.91
36481 4485.11
36864 4605.28
37249 4605.29
37636 4693.46
38025 4702.25
38416 4812.03
38809 4812.66
39204 4897.08
39601 4909.8
40000 5004.9
40401 5021.01
40804 5125.09
41209 5142.5
41616 5241.58
42025 5221.95
42436 5356.28
42849 5348.51
43264 5460.67
43681 5459.66
44100 5583.25
44521 5589.08
44944 5691.05
45369 5700.81
45796 5814.85
46225 5813.97
46656 5934.02
47089 5937.83
47524 6058.61
47961 6060.66
48400 6174.35
48841 6181.98
49284 6302.34
49729 6305.31
50176 6408.83
50625 6418.88
51076 6547.54
51529 6569.11
51984 6682.93
52441 6690.74
52900 6799.28
53361 6820.07
53824 6928.04
54289 6941.46
54756 7071.75
55225 7082.83
55696 7213.76
56169 7205.52
56644 7339.95
57121 7351.62
57600 7467.86
58081 7475.16
58564 7610.3
59049 7608.84
59536 7770.26
60025 7755.4
60516 7908.55
61009 7890.75
61504 8033.67
62001 8021.84
62500 8187.09
63001 8187.5
63504 8328.6
64009 8338.04
64516 8466.95
65025 8483.15
65536 8625.04
66049 8626.67
66564 8781.57
67081 8774.97
67600 8923.43
68121 8898.88
68644 9064.65
69169 9057.88
69696 9215.39
70225 9211.45
70756 9353.01
71289 9333.15
71824 9502.04
72361 9514.57
72900 9695.48
73441 9650.65
73984 9781.66
74529 9810.37
75076 9993.01
75625 9968.27
76176 10159.5
76729 10140.6
77284 10335.8
77841 10264.3
78400 10474.2
78961 10489
79524 10609.2
80089 10633.5
80656 10809.1
81225 10816.1
81796 10952.4
82369 10954.1
82944 11122.6
83521 11130.6
84100 11312.6
84681 11299.2
85264 11503.3
85849 11459.8
86436 11665.4
87025 11611.7
87616 11827.1
88209 11814.3
88804 12000
89401 11977.1
90000 12181.7
90601 12171
91204 12376.4
91809 12360.4
92416 12555.4
93025 12537.6
93636 12734
94249 12683.4
94864 12929.4
95481 12887.3
96100 13116
96721 13076.1
97344 13287.9
97969 13228.5
98596 13441.5
99225 13451.7
99856 13667.7
100489 13647.8
101124 13887.5
101761 13845.6
102400 14085.5
103041 14030.2
103684 14239.3
104329 14221.8
104976 14437.7
105625 14442.1
106276 14616
106929 14621.4
107584 14873
108241 14840.5
108900 15075.1
109561 14992.8
110224 15265.3
110889 15234.2
111556 15490.4
112225 15430.2
112896 15696.3
113569 15637.8
114244 15840.9
114921 15845.3
115600 16091.6
116281 16093.3
116964 16326.5
117649 16268
118336 16635.3
119025 16517.9
119716 16742.3
120409 16716.3
121104 16965.9
121801 16947.2
122500 17179.5
123201 17134.8
123904 17411.9
124609 17372.8
125316 17592.6
126025 17602
126736 17893.1
127449 17812.6
128164 18102
128881 18031.5
129600 18288.6
130321 18271.2
131044 18526.1
131769 18511.2
132496 18790
133225 18703.6
133956 18977.3
134689 18983.4
135424 19237.4
136161 19178.5
136900 19445.8
137641 19400.2
138384 19680.2
139129 19584.2
139876 19915.8
140625 19854.1
141376 20188.4
142129 20110
142884 20386.2
143641 20365.4
144400 20640.6
145161 20612.2
145924 20836.6
146689 20844.2
147456 21130.1
148225 21036.6
148996 21354.8
149769 21292.9
150544 21558.3
151321 21536.8
152100 21841.9
152881 21794.2
153664 22086.4
154449 22049.9
155236 22319.2
156025 22247.2
156816 22578.7
157609 22556.7
158404 22794.7
159201 22790.5
160000 23127.7
160801 23052.8
161604 23343.3
162409 23300.1
163216 23625.1
164025 23548.2
164836 23870.2
165649 23800.8
166464 24115.5
167281 24065.9
168100 24426.4
168921 24344.6
169744 24703.9
170569 24585.4
171396 24932
172225 24882.9
173056 25342.3
173889 25265.7
174724 25501.3
175561 25402.4
176400 25746.1
177241 25706.3
178084 26014.4
178929 25988.7
179776 26267.2
180625 26238
181476 26534.3
182329 26493.3
183184 26794.2
184041 26791
184900 27148.2
185761 27040.6
186624 27408.7
187489 27332.6
188356 27716.3
189225 27617.3
190096 27981.5
190969 27881.9
191844 28294.2
192721 28191.5
193600 28569.3
194481 28461.9
195364 28866.2
196249 28757.9
197136 29181.5
198025 29068.2
198916 29456.5
199809 29337.8
200704 29754.1
201601 29675
202500 30045.5
203401 29939.7
204304 30311.1
205209 30262.1
206116 30638.4
207025 30531.2
207936 30944
208849 30807.9
209764 31276.2
210681 31165
211600 31359.9
212521 28631.9
213444 31853.6
214369 31701.5
215296 32128.2
216225 32114
217156 32498.8
218089 32354.9
219024 32822
219961 33352.6
220900 33062.1
221841 32958.3
222784 33386.7
223729 33329.6
224676 33757.2
225625 33618.8
226576 34071.9
227529 33962.3
228484 34371.1
229441 34283.9
230400 34702
231361 34589.4
232324 35044.6
233289 34935.8
234256 35345.1
235225 35267.9
236196 35722.4
237169 35577.8
238144 36011.4
239121 35901
240100 36310
241081 36242.7
242064 36738.7
243049 36591.5
244036 36970.4
245025 36916.1
246016 37389
247009 37201.5
248004 37648.7
249001 37553.2
250000 38038.5
251001 37907.6
252004 38367.9
253009 38202.3
254016 38746.7
255025 38519.2
256036 39030.2
257049 38928.8
258064 39350.4
259081 39262
260100 39878.3
261121 39544.7
262144 40114.2
