1 0.106
4 0.15
9 0.427
16 0.898
25 1.308
36 2.093
49 2.733
64 3.916
81 4.497
100 9.259
121 6.856
144 8.659
169 10.474
196 12.806
225 14.239
256 16.916
289 19.284
324 21.579
361 23.995
400 27.467
441 30.171
484 33.526
529 36.892
576 41.257
625 43.521
676 49.483
729 50.67
784 56.613
841 60.131
900 65.909
961 68.317
1024 74.866
1089 78.377
1156 83.452
1225 90.039
1296 95.599
1369 100.7
1444 105.722
1521 112.734
1600 119.47
1681 123.711
1764 130.618
1849 137.328
1936 144.188
2025 149.871
2116 157.074
2209 163.672
2304 172.292
2401 179.346
2500 189.187
2601 197.02
2704 204.722
2809 211.604
2916 225.015
3025 229.872
3136 239.8
3249 247.1
3364 261.675
3481 263.618
3600 275.743
3721 282.521
3844 295.375
3969 297.401
4096 318.449
4225 321.703
4356 338.845
4489 340.654
4624 354.646
4761 358.466
4900 383.98
5041 382.618
5184 401.835
5329 412.132
5476 428.273
5625 428.7
5776 444.39
5929 449.581
6084 469.808
6241 473.99
6400 496.238
6561 505.452
6724 526.008
6889 531.229
7056 550.155
7225 554.439
7396 581.269
7569 589.545
7744 601.091
7921 606.642
8100 630.536
8281 638.568
8464 670.121
8649 673.639
8836 689.727
9025 695.97
9216 725.542
9409 732.469
9604 757.818
9801 759.873
10000 779.349
10201 781.514
10404 819.534
10609 819.752
10816 845.272
11025 851.964
11236 894.538
11449 878.374
11664 916.916
11881 939.936
12100 965.192
12321 959.964
12544 996.103
12769 978.723
12996 1028.2
13225 1023.64
13456 1084.44
13689 1066.11
13924 1105.46
14161 1106.81
14400 1151.28
14641 1139.97
14884 1197.26
15129 1177.01
15376 1226.81
15625 1237.27
15876 1270.7
16129 1282.4
16384 1318.57
16641 1329.25
16900 1401.62
17161 1348.88
17424 1394.71
17689 1397.04
17956 1608.28
18225 1451.03
18496 1480.11
18769 1482.77
19044 1516.16
19321 1525.87
19600 1561.53
19881 1625.49
20164 1621.47
20449 1626.85
20736 1668.3
21025 1681.62
21316 1730.94
21609 1722.68
21904 1757.68
22201 1771.64
22500 1829.42
22801 1852.72
23104 1882.34
23409 1888.95
23716 1923.37
24025 1918.16
24336 1969.4
24649 1988.16
24964 2013.36
25281 2046.66
25600 2076.19
25921 2089.98
26244 2131.12
26569 2136.79
26896 2183.35
27225 2202.17
27556 2224.12
27889 2245.23
28224 2262.59
28561 2327.43
28900 2356.19
29241 2347.36
29584 2407.56
29929 2420.93
30276 2313.4
30625 2155.21
30976 2163.72
31329 2168.12
31684 2214.76
32041 2208.93
32400 2262.96
32761 2278.45
33124 2311.08
33489 2336.82
33856 2352.73
34225 2398.97
34596 2455.46
34969 2409.58
35344 2454.96
35721 2508.79
36100 2780.4
36481 2960.28
36864 3037.04
37249 3046.19
37636 3108.18
38025 3084.36
38416 3154.07
38809 3166.69
39204 3264.88
39601 3222.01
40000 3286.38
40401 3313.12
40804 3364.03
41209 3395.18
41616 3469.7
42025 3448.89
42436 3522.04
42849 3540.87
43264 3617.03
43681 3585.91
44100 3669.78
44521 3656.5
44944 3750.48
45369 3722.05
45796 3834.74
46225 3781.78
46656 3904.53
47089 3835.27
47524 3965.88
47961 3939.94
48400 4071.4
48841 4005.2
49284 4141.58
49729 4082.88
50176 4208.88
50625 4169.69
51076 4274.34
51529 4258.48
51984 4359.03
52441 4338.1
52900 4445.88
53361 4401.24
53824 4494.11
54289 4505.57
54756 4612.78
55225 4566.2
55696 4713.85
56169 4642.6
56644 4759.67
57121 4744.51
57600 4845.39
58081 4828.96
58564 4944.69
59049 4896.93
59536 5010.85
60025 4981.28
60516 5096.42
61009 5059.43
61504 5172.98
62001 5155.89
62500 5278.2
63001 5210.65
63504 5392.13
64009 5335.5
64516 5443.55
65025 5443.57
65536 5567.47
66049 5504.99
66564 5630.07
67081 5575.34
67600 5761.69
68121 5698.78
68644 5821.65
69169 5771.88
69696 5871.35
70225 5906.58
70756 6026.5
71289 5928.42
71824 6099.69
72361 6061.03
72900 6191.85
73441 6174.01
73984 6333.09
74529 6251.79
75076 6325.52
75625 6365.88
76176 6424.65
76729 6425.75
77284 6565.85
77841 6543.16
78400 6709.44
78961 6638.62
79524 6752.04
80089 6696.59
80656 6841.15
81225 6842.23
81796 6953.74
82369 6943.92
82944 7005.38
83521 7045.01
84100 7128.35
84681 7084.27
85264 7257.59
85849 7249.93
86436 7384.4
87025 7282.79
87616 7466.24
88209 7467.73
88804 7627.57
89401 7499.94
90000 7723.73
90601 7607.99
91204 7775.89
91809 7765.33
92416 7895.48
93025 7855.31
93636 7968.53
94249 7953.9
94864 8129.88
95481 8018.03
96100 8202.97
96721 8199.25
97344 8352.97
97969 8277.79
98596 8469.92
99225 8444.56
99856 8544.78
100489 8541.31
101124 8647.1
101761 8606.92
102400 8757.61
103041 8763.54
103684 8903.81
104329 8845.03
104976 9013.46
105625 8876.34
106276 9193.02
106929 9088.67
107584 9236.95
108241 9212.99
108900 9403.25
109561 9337.96
110224 9534.52
110889 9455.55
111556 9586.91
112225 9570.4
112896 9727.51
113569 9709.3
114244 9845.53
114921 9789.56
115600 10005.1
116281 9900.82
116964 10082.6
117649 10084.6
118336 10288.6
119025 10214.6
119716 10400.1
120409 10258.5
121104 10476.2
121801 10485.5
122500 10627.9
123201 10518.4
123904 10699.3
124609 10685.3
125316 10832.2
126025 10833.1
126736 10931.9
127449 10926.4
128164 11127.5
128881 11014.7
129600 11199.5
130321 11185.8
131044 11335
131769 11258.1
132496 11511.8
133225 11523.3
133956 11674.6
134689 11613.6
135424 11280.5
136161 11096.9
136900 12018.8
137641 11887.9
138384 12027.8
139129 11927.2
139876 12229.3
140625 12077.1
141376 12329.4
142129 12243.5
142884 12431
143641 12354.9
144400 12538.6
145161 12524.7
145924 12725
146689 12641.2
147456 12840.4
148225 12778.4
148996 12980.8
149769 12943.4
150544 13135.8
151321 13059
152100 13322.6
152881 13202.2
153664 13373.2
154449 13373.3
155236 13626.6
156025 13478.9
156816 13659.7
157609 13629.8
158404 13870.1
159201 13674.9
160000 13966
160801 13801.9
161604 14120.5
162409 14055.3
163216 14242.9
164025 14111
164836 14463.5
165649 14343.4
166464 14631.6
167281 14504.6
168100 14739.5
168921 14659.6
169744 14885.2
170569 14875.9
171396 15045.9
172225 14846.6
173056 15232.9
173889 15038.9
174724 15382.6
175561 15273.2
176400 15513.9
177241 15303
178084 15609.8
178929 15429.5
179776 15822.5
180625 15587.6
181476 15913.2
182329 15694.4
183184 16072.3
184041 16056.3
184900 16267
185761 16135.1
186624 16419.4
187489 16255
188356 16573.3
189225 16486.7
190096 16671.8
190969 16550.4
191844 16956.1
192721 16693.7
193600 17028.7
194481 16892.8
195364 17264.2
196249 17039.9
197136 17382.9
198025 17320.7
198916 17562.3
199809 17403.3
200704 17675.4
201601 17578.7
202500 17845.2
203401 17769.7
204304 18074.7
205209 17886.9
206116 18254.4
207025 18049.8
207936 18407.5
208849 18251.4
209764 18564.3
210681 18377.8
211600 18705.8
212521 18551.6
213444 18865.3
214369 18723.5
215296 19034.5
216225 18924.2
217156 19274.8
218089 19142.6
219024 19778.7
219961 19207.8
220900 19611.5
221841 19498.4
222784 19749.3
223729 19659.8
224676 19923.9
225625 19509.4
226576 20245.2
227529 19856.4
228484 20385.2
229441 19977.9
230400 20485.2
231361 20315.3
232324 20687.1
233289 20452.7
234256 20863.4
235225 20573.9
236196 20980.8
237169 20776.3
238144 21191.2
239121 21019.4
240100 21414.7
241081 21154.8
242064 21605.6
243049 21273
244036 21770.2
245025 21418.7
246016 21901.6
247009 21724.2
248004 22102.4
249001 21780.5
250000 22285.4
251001 22023.2
252004 22509.2
253009 22250.9
254016 22559.9
255025 22420.9
256036 22912.5
257049 22362.5
258064 22971.5
259081 22751.8
260100 23193
261121 22988.9
262144 23333.3
