1 0.137
4 0.256
9 0.433
16 0.732
25 1.227
36 2.008
49 2.337
64 3.065
81 3.678
100 4.833
121 6.29
144 7.942
169 9.045
196 10.179
225 12.246
256 14.934
289 16.587
324 20.099
361 21.513
400 24.474
441 27.681
484 31.274
529 33.618
576 36.765
625 39.879
676 43.47
729 47.196
784 50.153
841 54.992
900 58.347
961 60.39
1024 66.882
1089 71.298
1156 74.999
1225 79.845
1296 86.265
1369 90.706
1444 94.677
1521 100.127
1600 108.085
1681 112.114
1764 116.752
1849 122.189
1936 130.191
2025 134.594
2116 141.621
2209 144.752
2304 154.847
2401 164.878
2500 171.037
2601 173.764
2704 181.489
2809 186.274
2916 193.998
3025 201.617
3136 213.098
3249 215.463
3364 228.725
3481 236.099
3600 244.814
3721 256.715
3844 263.135
3969 267.947
4096 282.38
4225 291.559
4356 298.541
4489 306.451
4624 316.206
4761 318.55
4900 337.724
5041 340.524
5184 352.939
5329 361.102
5476 369.194
5625 386.288
5776 394.425
5929 400.858
6084 409.786
6241 429.1
6400 437.386
6561 451.36
6724 465.018
6889 469.881
7056 488.882
7225 502.773
7396 511.14
7569 514.731
7744 532.565
7921 547.062
8100 563.896
8281 580.95
8464 593.594
8649 593.718
8836 612.823
9025 641.981
9216 643.595
9409 660.055
9604 676.236
9801 689.2
10000 708.99
10201 714.748
10404 732.211
10609 742.521
10816 761.975
11025 777.102
11236 794.307
11449 806.615
11664 821.7
11881 818.582
12100 843.482
12321 860.393
12544 893.211
12769 891.266
12996 920.491
13225 927.593
13456 965.073
13689 973.603
13924 987.17
14161 1005.16
14400 1039.95
14641 1046.03
14884 1056.55
15129 1076.61
15376 1110.67
15625 1105.79
15876 1155.39
16129 1146.07
16384 1176.36
16641 1176.92
16900 1207.7
17161 1237.21
17424 1249.19
17689 1237.54
17956 1299.36
18225 1285.92
18496 1316.34
18769 1358.94
19044 1395.93
19321 1391.88
19600 1427.75
19881 1435.27
20164 1462.02
20449 1471.72
20736 1517.75
21025 1514.87
21316 1555.69
21609 1563.56
21904 1612.55
22201 1625.99
22500 1645.53
22801 1628.59
23104 1684.94
23409 1723.27
23716 1757.81
24025 1728.32
24336 1802.99
24649 1793.82
24964 1835.01
25281 1860.17
25600 1868.8
25921 1898.17
26244 1969.52
26569 1932.56
26896 2020.69
27225 1949.04
27556 2002.73
27889 2029.83
28224 2104.44
28561 2097.87
28900 2098.24
29241 2145.1
29584 2205.76
29929 2191.58
30276 2226.11
30625 2287.18
30976 2316.11
31329 2302.93
31684 2373.06
32041 2383.12
32400 2407.03
32761 2402.11
33124 2489.49
33489 2495.8
33856 2517.45
34225 2524.86
34596 2600.96
34969 2598.58
35344 2660.71
35721 2649.12
36100 2696.3
36481 2721.2
36864 2729.81
37249 2753.76
37636 2758.2
38025 2855.94
38416 2901.51
38809 2882.89
39204 2938.09
39601 2899.7
40000 3016.74
40401 3055.21
40804 3075.05
41209 3096.39
41616 3144.94
42025 3132.98
42436 3216.85
42849 3256.91
43264 3264.62
43681 3254.81
44100 3324.19
44521 3349.41
44944 3379.59
45369 3394.27
45796 3493.51
46225 3495.93
46656 3535.12
47089 3548.33
47524 3590.08
47961 3590.23
48400 3636.53
48841 3691.04
49284 3772.73
49729 3772.53
50176 3782.9
50625 3796.96
51076 3847.25
51529 3897.7
51984 3951.37
52441 3943.72
52900 4002.62
53361 4025.66
53824 4036.77
54289 4074.38
54756 4134.81
55225 4169.46
55696 4226.39
56169 4272.3
56644 4339.94
57121 4350.91
57600 4398.68
58081 4399.01
58564 4434.87
59049 4531.03
59536 4510.4
60025 4582.86
60516 4655.14
61009 4586.4
61504 4737.06
62001 4745.97
62500 4816.88
63001 4794.2
63504 4864.77
64009 4857.28
64516 4924.31
65025 4932.29
65536 5008.74
66049 5066.45
66564 5106.55
67081 5130.23
67600 5076.71
68121 5138.48
68644 5269.76
69169 5194.98
69696 5336.46
70225 5367.77
70756 5446.02
71289 5424.87
71824 5440.39
72361 5507.86
72900 5576.6
73441 5577.35
73984 5639.26
74529 5699.82
75076 5757.54
75625 5763.33
76176 5795.03
76729 5869.41
77284 5909.21
77841 5936.32
78400 5961.82
78961 5979.05
79524 6129.96
80089 6066.24
80656 6157.29
81225 6142.82
81796 6253.97
82369 6277.97
82944 6448.01
83521 6361.67
84100 6403.02
84681 6417.09
85264 6588.36
85849 6585.06
86436 6641.95
87025 6629.41
87616 6788.21
88209 6744.1
88804 6787.67
89401 6512.53
90000 6396.29
90601 6337.16
91204 7048.13
91809 7029.8
92416 7098.01
93025 7105.08
93636 7233.38
94249 7266.7
94864 7245.29
95481 7339.52
96100 7412.53
96721 7474.62
97344 7511.03
97969 7481.4
98596 7588.15
99225 7639.53
99856 7733.19
100489 7770.71
101124 7777.84
101761 7835.61
102400 7814.14
103041 7904.81
103684 8060.98
104329 8116.75
104976 8154.25
105625 8167.9
106276 8271.12
106929 8302.94
107584 8350.47
108241 8282.64
108900 8513.88
109561 8433.08
110224 8622.1
110889 8568.46
111556 8695.25
112225 8727.17
112896 8764
113569 8788.17
114244 8866.92
114921 8879.79
115600 8960.5
116281 8899.27
116964 9134.97
117649 9136.42
118336 9211.33
119025 9175.09
119716 9351.24
120409 9253.24
121104 9434.32
121801 9371.75
122500 9402.14
123201 9586.4
123904 9650.85
124609 9616.35
125316 9756.56
126025 9703.44
126736 9814.92
127449 9944.48
128164 10003.3
128881 9939.99
129600 10075
130321 10139.3
131044 10149.2
131769 10238.6
132496 10284
133225 10355.3
133956 10411.7
134689 10307.1
135424 10537.9
136161 10464.6
136900 10653.7
137641 10652.3
138384 10826.5
139129 10680.6
139876 10960.2
140625 10985.1
141376 11049.6
142129 10998.2
142884 11211.6
143641 11141
144400 11219.1
145161 11208.5
145924 11408.1
146689 11457.9
147456 11635.9
148225 11575.1
148996 11649.7
149769 11718.6
150544 11897.9
151321 11759.6
152100 12073.2
152881 11979.7
153664 12141
154449 11968.5
155236 12256.1
156025 12124.2
156816 12418.1
157609 12195
158404 12344.3
159201 12428.9
160000 12707.7
160801 12677.8
161604 12784.3
162409 12672.1
163216 12961.1
164025 12876.3
164836 13057.7
165649 13012.1
166464 13186.9
167281 13118.8
168100 13367
168921 13358.6
169744 13450.2
170569 13348.5
171396 13475.1
172225 13535
173056 13661.2
173889 13705.8
174724 13889.5
175561 13780.8
176400 13981.5
177241 13865.1
178084 14280.1
178929 14096.4
179776 14394.4
180625 14199.2
181476 14358.4
182329 14486.2
183184 14600.9
184041 14514.5
184900 14688.4
185761 14663
186624 14775.5
187489 14781.8
188356 15011.7
189225 14872.4
190096 15138.9
190969 15052.2
191844 15279.7
192721 15257.8
193600 15419.7
194481 15227.8
195364 15406.9
196249 15473.3
197136 15650
198025 15629.9
198916 15817.4
199809 15828.4
200704 16048
201601 15932.2
202500 16178.4
203401 16104.7
204304 16361.8
205209 16177.3
206116 16392.1
207025 16561.2
207936 16671.7
208849 16566.4
209764 16728.1
210681 16729.8
211600 17041.2
212521 16832.5
213444 17108.2
214369 16988
215296 17317.6
216225 17142.4
217156 17471.4
218089 17353.6
219024 17436.1
219961 17448.2
220900 17529
221841 17679
222784 17843.1
223729 17869.3
224676 18175.5
225625 17938.7
226576 18354.4
227529 18199.2
228484 18418.5
229441 18353.2
230400 18303.6
231361 18497.6
232324 18601.7
233289 18755.1
234256 18893.6
235225 18782.6
236196 19035.1
237169 18930.2
238144 19235.7
239121 19058.5
240100 19207.7
241081 19231.6
242064 19468.4
243049 19532.4
244036 19542.3
245025 19541.6
246016 19786.9
247009 19784.6
248004 19873.4
249001 20038.1
250000 20145
251001 20054.2
252004 20242.4
253009 20193.4
254016 20371.7
255025 20524.8
256036 20759.2
257049 20615.5
258064 20863.4
259081 20711.1
260100 20954.1
261121 20973
262144 21327.4
