1 0.298
4 0.207
9 0.318
16 0.399
25 0.647
36 0.9
49 1.036
64 1.323
81 2.061
100 2.439
121 2.962
144 4.262
169 4.684
196 5.921
225 7.044
256 7.968
289 9.555
324 10.829
361 13.507
400 15.407
441 18.173
484 20.635
529 23.616
576 25.097
625 28.465
676 33.405
729 37.611
784 41.6
841 46.562
900 52.52
961 58.417
1024 68.816
1089 72.05
1156 77.383
1225 85.678
1296 94.412
1369 106.473
1444 114.725
1521 125.553
1600 137.138
1681 149.494
1764 162.536
1849 176.74
1936 191.87
2025 208.005
2116 225.223
2209 248.955
2304 265.152
2401 283.399
2500 304.978
2601 346.988
2704 358.523
2809 377.396
2916 403.953
3025 427.436
3136 462.795
3249 494.951
3364 522.875
3481 568.841
3600 603.544
3721 639.182
3844 679.645
3969 722.051
4096 772.872
4225 820.123
4356 858.431
4489 908.984
4624 971.153
4761 1028.3
4900 1074.14
5041 1141.2
5184 1208.38
5329 1260.61
5476 1339.92
5625 1399.68
5776 1474.48
5929 1554.9
6084 1640.57
6241 1722.19
6400 1797.41
6561 1880.04
6724 1980.93
6889 2076.73
7056 2160.85
7225 2265.66
7396 2406.15
7569 2469.7
7744 2594.09
7921 2705.9
8100 2844.93
8281 2941.83
8464 3066.88
8649 3194.51
8836 3330.55
9025 3492.09
9216 3639.76
9409 3797.15
9604 3961.29
9801 4122.32
10000 4308.56
10201 4494.83
10404 4691.61
10609 4868.55
10816 4994.85
11025 5215.5
11236 5395.46
11449 5718.83
11664 5932.57
11881 6059.61
12100 6317.93
12321 6599.29
12544 6958.82
12769 7124.72
12996 7246.82
13225 7579.31
13456 7769.39
13689 8096.46
13924 8677.72
14161 9006.76
14400 9073.97
14641 9599.12
14884 10009.4
15129 10164.5
15376 10775.5
15625 10757.7
15876 11123.2
16129 11627
16384 11868.6
16641 12272.6
16900 12864
17161 12928.7
17424 13358.8
17689 13899
17956 14314.4
18225 14611.1
18496 15509.6
18769 15674.8
19044 16102.2
19321 16964.9
19600 17014.9
19881 17562.7
20164 18438.7
20449 18354.1
20736 19391.8
21025 19857.7
21316 20373.4
21609 21096.5
21904 21384.4
22201 21967.5
22500 22808.3
22801 23492.3
23104 23962.2
23409 24649.5
23716 25178.6
24025 25758.6
24336 26564.9
24649 27364.1
24964 28231
25281 28800.8
25600 29534.9
25921 30354.1
26244 31030.1
26569 31708.3
26896 33036.1
27225 34107.9
27556 34854.8
27889 35231.2
28224 36336.6
28561 37058
28900 38017
29241 39199.7
29584 40316.1
29929 41212.5
30276 42050.8
30625 43198.4
30976 43949.5
31329 45093.3
31684 46762.4
32041 47576.3
32400 49671.2
32761 50340.5
33124 51037.2
33489 52452.9
33856 53893
34225 54833.5
34596 56535.5
34969 56999.5
35344 58864.5
35721 60157.5
36100 61549.4
36481 62460.4
36864 64000.7
37249 65477.5
37636 67465.3
38025 68446.7
38416 70060.4
38809 71675.6
39204 72932.7
39601 74161
40000 76496.7
40401 77747.9
40804 79121.1
41209 80973
41616 83616.6
42025 85172.1
42436 86421.9
42849 88636
43264 90203.1
43681 92576.5
44100 94419.8
44521 95551.1
44944 97137.8
45369 98868.7
45796 101180
46225 104056
46656 105490
47089 107340
47524 109414
47961 112885
48400 113518
48841 115305
49284 117081
49729 119949
50176 121383
50625 124868
51076 125867
51529 128851
51984 131960
52441 133726
52900 136529
53361 138724
53824 141721
54289 144520
54756 146846
55225 148999
55696 152439
56169 148969
56644 150800
57121 155798
57600 159335
58081 160489
58564 164676
59049 166866
59536 169012
60025 175444
60516 178957
61009 182151
61504 183930
62001 188052
62500 192928
63001 194589
63504 198649
64009 203820
64516 208735
65025 210315
65536 214363
66049 218649
66564 224040
67081 227107
67600 233147
68121 236901
68644 241841
69169 245783
69696 250445
70225 253582
70756 257662
71289 262232
71824 269183
72361 274168
72900 278639
73441 282824
73984 288274
74529 290500
75076 297722
75625 303177
76176 308300
76729 315375
77284 319361
77841 325029
78400 331235
78961 336383
79524 342405
80089 350279
80656 354928
81225 362520
81796 366963
82369 372823
82944 379284
83521 386446
84100 393553
84681 400571
85264 407739
85849 412704
86436 419875
87025 428231
87616 434308
88209 442674
88804 448924
89401 456763
90000 463214
90601 472856
91204 479431
91809 486373
92416 494877
93025 502483
93636 510437
94249 518436
94864 529075
95481 536976
96100 544749
96721 552724
97344 561156
97969 570879
98596 581031
99225 589655
99856 596793
100489 606565
101124 616657
101761 625220
102400 634106
103041 645927
103684 652346
104329 662404
104976 674693
105625 681729
106276 694298
106929 702975
107584 713590
108241 721844
108900 734557
109561 744421
110224 754015
110889 764984
111556 777478
112225 788190
112896 799197
113569 808162
114244 822495
114921 831713
115600 846202
116281 857488
116964 865954
117649 879217
118336 891330
119025 903400
119716 917463
120409 930405
121104 940851
121801 953842
122500 966653
123201 977815
123904 992586
124609 1.00625e+06
125316 1.01707e+06
126025 1.03077e+06
126736 1.04593e+06
127449 1.05981e+06
128164 1.07327e+06
128881 1.08686e+06
129600 1.10081e+06
130321 1.11288e+06
131044 1.12817e+06
131769 1.14271e+06
132496 1.15805e+06
133225 1.17085e+06
133956 1.18529e+06
134689 1.20057e+06
135424 1.21508e+06
136161 1.23193e+06
136900 1.24668e+06
137641 1.26081e+06
138384 1.27632e+06
139129 1.29207e+06
139876 1.30742e+06
140625 1.32391e+06
141376 1.3406e+06
142129 1.35846e+06
142884 1.37231e+06
143641 1.38868e+06
144400 1.40534e+06
145161 1.42146e+06
145924 1.43976e+06
146689 1.45717e+06
147456 1.47264e+06
148225 1.4909e+06
148996 1.50897e+06
149769 1.52428e+06
150544 1.54241e+06
151321 1.55991e+06
152100 1.58023e+06
152881 1.59802e+06
153664 1.61441e+06
154449 1.63418e+06
155236 1.65292e+06
156025 1.67186e+06
156816 1.6889e+06
157609 1.70789e+06
158404 1.72825e+06
159201 1.74709e+06
160000 1.76806e+06
160801 1.7873e+06
161604 1.80688e+06
162409 1.82735e+06
163216 1.84469e+06
164025 1.8684e+06
164836 1.8867e+06
165649 1.90623e+06
166464 1.92685e+06
167281 1.95029e+06
168100 1.96961e+06
168921 1.99287e+06
169744 2.01041e+06
170569 2.03331e+06
171396 2.05374e+06
172225 2.07586e+06
173056 2.09745e+06
173889 2.12171e+06
174724 2.14216e+06
175561 2.1666e+06
176400 2.1883e+06
177241 2.21197e+06
178084 2.23411e+06
178929 2.25565e+06
179776 2.28059e+06
180625 2.30503e+06
181476 2.32591e+06
182329 2.35011e+06
183184 2.38015e+06
184041 2.40159e+06
184900 2.42324e+06
185761 2.44637e+06
186624 2.4709e+06
187489 2.49748e+06
188356 2.52093e+06
189225 2.54545e+06
190096 2.57311e+06
190969 2.59887e+06
191844 2.62505e+06
192721 2.64796e+06
193600 2.67659e+06
194481 2.7023e+06
195364 2.72763e+06
196249 2.75607e+06
197136 2.78117e+06
198025 2.80901e+06
198916 2.83399e+06
199809 2.86193e+06
200704 2.88936e+06
201601 2.91694e+06
202500 2.94347e+06
203401 2.97289e+06
204304 3.0004e+06
205209 3.02978e+06
206116 3.05623e+06
207025 3.085e+06
207936 3.11502e+06
208849 3.14277e+06
209764 3.17652e+06
210681 3.20616e+06
211600 3.23463e+06
212521 3.26298e+06
213444 3.2929e+06
214369 3.32311e+06
215296 3.35213e+06
216225 3.385e+06
217156 3.41636e+06
218089 3.44869e+06
219024 3.47686e+06
219961 3.51139e+06
220900 3.54092e+06
221841 3.5722e+06
222784 3.60701e+06
223729 3.6387e+06
224676 3.67047e+06
225625 3.7041e+06
226576 3.73425e+06
227529 3.769e+06
228484 3.80267e+06
229441 3.83634e+06
230400 3.86978e+06
231361 3.90498e+06
232324 3.93391e+06
233289 3.98053e+06
234256 4.01864e+06
235225 4.04619e+06
236196 4.08386e+06
237169 4.11476e+06
238144 4.14943e+06
239121 4.1904e+06
240100 4.22112e+06
241081 4.25943e+06
242064 4.29747e+06
243049 4.33059e+06
244036 4.3715e+06
245025 4.40743e+06
246016 4.44879e+06
247009 4.48203e+06
248004 4.52364e+06
249001 4.56296e+06
250000 4.59751e+06
251001 4.68393e+06
252004 4.68066e+06
253009 4.71786e+06
254016 4.75598e+06
255025 4.79662e+06
256036 4.83478e+06
257049 4.8801e+06
258064 4.91738e+06
259081 4.96095e+06
260100 4.99682e+06
261121 5.04233e+06
262144 5.08169e+06
