1 0.32
4 0.134
9 0.173
16 0.217
25 0.307
36 0.356
49 0.447
64 0.597
81 0.755
100 0.82
121 1.003
144 1.289
169 1.491
196 1.696
225 1.95
256 2.201
289 3.201
324 2.88
361 3.241
400 3.654
441 4.09
484 4.486
529 5.091
576 5.723
625 6.144
676 6.725
729 7.315
784 7.885
841 8.579
900 9.266
961 10.013
1024 10.742
1089 11.708
1156 12.53
1225 13.27
1296 14.297
1369 15.2
1444 16.165
1521 17.146
1600 18.157
1681 19.27
1764 20.293
1849 21.383
1936 22.553
2025 23.675
2116 25.099
2209 26.465
2304 27.643
2401 29.119
2500 30.541
2601 31.816
2704 33.381
2809 34.886
2916 36.434
3025 37.974
3136 39.645
3249 41.23
3364 42.801
3481 44.573
3600 46.383
3721 47.998
3844 49.813
3969 51.664
4096 53.368
4225 55.53
4356 57.681
4489 59.77
4624 61.817
4761 67.795
4900 66.033
5041 68.493
5184 70.546
5329 72.974
5476 75.26
5625 77.648
5776 80.096
5929 82.406
6084 84.795
6241 87.314
6400 89.709
6561 92.309
6724 94.9
6889 97.537
7056 100.164
7225 102.81
7396 105.322
7569 108.249
7744 110.97
7921 113.728
8100 116.487
8281 119.677
8464 122.955
8649 126.208
8836 129.395
9025 132.632
9216 136.065
9409 139.417
9604 142.668
9801 145.932
10000 149.407
10201 155.654
10404 156.827
10609 160.381
10816 163.954
11025 167.849
11236 171.297
11449 174.843
11664 178.564
11881 182.546
12100 186.577
12321 190.251
12544 194.062
12769 198.074
12996 201.836
13225 206.188
13456 209.973
13689 214.328
13924 218.166
14161 222.394
14400 226.59
14641 230.728
14884 234.977
15129 239.408
15376 243.871
15625 248.135
15876 252.202
16129 256.823
16384 261.226
16641 266.562
16900 271.604
17161 276.17
17424 284.139
17689 286.583
17956 292.019
18225 297
18496 302.104
18769 307.25
19044 312.752
19321 317.791
19600 323.366
19881 328.949
20164 337.444
20449 339.59
20736 345.319
21025 350.911
21316 356.537
21609 361.997
21904 367.807
22201 373.375
22500 379.285
22801 385.107
23104 393.814
23409 397.015
23716 402.68
24025 408.67
24336 414.784
24649 420.733
24964 427.075
25281 433.031
25600 441.839
25921 445.429
26244 451.847
26569 458.011
26896 464.096
27225 470.904
27556 477.03
27889 485.923
28224 490.156
28561 496.185
28900 503.03
29241 509.627
29584 516.529
29929 525.487
30276 529.298
30625 536.366
30976 542.765
31329 549.533
31684 556.612
32041 566.397
32400 570.382
32761 577.957
33124 584.986
33489 592.92
33856 600.736
34225 611.6
34596 616.132
34969 623.966
35344 631.37
35721 639.37
36100 650.448
36481 655.266
36864 663.335
37249 671.323
37636 680.288
38025 690.661
38416 695.907
38809 704.451
39204 712.279
39601 721.116
40000 732.664
40401 737.45
40804 746.223
41209 754.533
41616 766.021
42025 771.462
42436 780.028
42849 788.49
43264 800.305
43681 806.574
44100 814.67
44521 824.036
44944 837.356
45369 841.828
45796 851.106
46225 859.269
46656 871.526
47089 877.825
47524 887.488
47961 896.016
48400 908.724
48841 914.485
49284 924.028
49729 933.34
50176 945.623
50625 951.969
51076 961.871
51529 973.78
51984 980.528
52441 990.795
52900 1002.81
53361 1009.86
53824 1018.98
54289 1028.99
54756 1041.42
55225 1049.01
55696 1058.51
56169 1071.49
56644 1078.18
57121 1088.71
57600 1101.3
58081 1107.99
58564 1117.8
59049 1131.77
59536 1139.18
60025 1149.27
60516 1162.65
61009 1169.85
61504 1183.09
62001 1190.76
62500 1201.1
63001 1214.75
63504 1222.11
64009 1232.04
64516 1246.1
65025 1254.2
65536 1265.16
66049 1276.16
66564 1288.33
67081 1302.39
67600 1310.77
68121 1322.35
68644 1337.65
69169 1346.83
69696 1361.84
70225 1370.24
70756 1385.33
71289 1394.29
71824 1405.54
72361 1422.92
72900 1430.48
73441 1445.82
73984 1455.88
74529 1470.92
75076 1478.64
75625 1490.56
76176 1507.3
76729 1516.89
77284 1532.67
77841 1541.74
78400 1558.24
78961 1566.39
79524 1582.57
80089 1592.51
80656 1607.7
81225 1618.32
81796 1940.83
82369 1642.33
82944 1660.79
83521 1669.01
84100 1688.97
84681 1831.37
85264 1713.77
85849 1720.52
86436 1740.2
87025 1748.86
87616 1765.78
88209 1780.02
88804 1787.36
89401 1804.47
90000 1820.42
90601 1829.48
91204 1840.92
91809 1865.35
92416 1868.78
93025 1885.44
93636 1901.83
94249 1910.29
94864 1931.77
95481 1937.06
96100 1954.24
96721 1968.74
97344 1979.91
97969 1996.35
98596 2008.22
99225 2025.45
99856 2039.52
100489 2051.87
101124 2068.94
101761 2079.53
102400 2093.76
103041 2111.34
103684 2121.26
104329 2140.58
104976 2155.67
105625 2164.04
106276 2183.82
106929 2199.01
107584 2209.14
108241 2228.83
108900 2243.16
109561 2254.69
110224 2271.89
110889 2287.24
111556 2299.84
112225 2313.37
112896 2334.06
113569 2349.5
114244 2357.78
114921 2377.38
115600 2393.32
116281 2411.03
116964 2423.13
117649 2439.14
118336 2453.37
119025 2467.63
119716 2486.36
120409 2502.89
121104 2517.47
121801 2533.05
122500 2546.83
123201 2563.09
123904 2579.3
124609 2597.38
125316 2606.39
126025 2629.82
126736 2970.8
127449 2663.68
128164 2678.51
128881 2695.5
129600 2705.1
130321 2726.16
131044 2740.21
131769 2914.95
132496 2784.62
133225 3438.34
133956 2836.54
134689 2853.58
135424 2842.36
136161 2905.2
136900 2890.77
137641 2911.44
138384 2919.76
139129 2937.47
139876 2963.72
140625 2973.54
141376 2992.97
142129 3012.77
142884 3029.51
143641 3046.8
144400 3064.17
145161 3082.05
145924 3105.24
146689 3119.15
147456 3139.43
148225 3159.12
148996 3175.16
149769 3196.4
150544 3216.21
151321 3630.98
152100 3503.94
152881 3384.87
153664 3336.42
154449 3342.05
155236 3331.21
156025 3356.2
156816 3369.66
157609 3392.7
158404 3409.45
159201 3426.94
160000 3443.5
160801 3466.66
161604 3490.52
162409 3503.84
163216 3527.17
164025 3542.74
164836 3562.14
165649 3589.44
166464 3602.3
167281 3623.72
168100 3642.11
168921 3660.18
169744 3681.68
170569 3700.6
171396 3759.93
172225 3744.45
173056 3760.51
173889 3779.41
174724 3872.05
175561 3821.79
176400 3840.06
177241 3863.64
178084 3882.12
178929 3903.55
179776 3924.66
180625 3944.58
181476 3965.31
182329 3988.1
183184 4022.61
184041 4027.22
184900 4047.75
185761 4071.47
186624 4088.92
187489 4109.65
188356 4132.67
189225 4154.2
190096 4174.9
190969 4196.19
191844 4217.72
192721 4239.09
193600 4259.82
194481 4280.44
195364 4303.07
196249 4323.14
197136 4361.32
198025 4383.89
198916 4402.94
199809 4425.64
200704 4450.23
201601 4468.59
202500 4491.29
203401 4514.69
204304 4533.08
205209 4588.59
206116 4599
207025 4604.31
207936 4636.11
208849 4648.49
209764 4679.36
210681 4698.31
211600 4711.76
212521 4737.51
213444 4758.77
214369 4782.98
215296 4805.73
216225 4828.21
217156 4850.12
218089 4875.04
219024 4895.64
219961 4920.56
220900 4938.96
221841 4964.55
222784 4987.01
223729 5012.47
224676 5031.67
225625 5060.39
226576 5078.43
227529 5105.71
228484 5128.47
229441 5147.39
230400 5175.41
231361 5194.65
232324 5219.78
233289 5240.97
234256 5268.67
235225 5291.62
236196 5313.02
237169 5340
238144 5362.77
239121 5382.37
240100 5411.6
241081 5431.76
242064 5457.88
243049 5484.9
244036 5502.88
245025 5539.6
246016 5556
247009 5577.82
248004 5601.62
249001 5628.76
250000 5652.21
251001 5672.65
252004 5784.27
253009 5731.86
254016 5750.72
255025 5772.15
256036 5796.91
257049 5822.93
258064 5851.99
259081 5874.25
260100 5893.23
261121 5922.1
262144 5946.74
