1 0.087
4 0.313
9 0.502
16 0.736
25 1.134
36 1.502
49 1.967
64 2.515
81 3.051
100 3.856
121 4.446
144 5.329
169 6.557
196 7.711
225 9.808
256 11.646
289 14.183
324 16.763
361 19.62
400 23.124
441 26.372
484 31.21
529 36.025
576 41.713
625 46.311
676 51.609
729 57.849
784 63.955
841 71.012
900 91.403
961 85.126
1024 94.153
1089 102.347
1156 111.345
1225 122.181
1296 130.453
1369 143.088
1444 153.951
1521 165.94
1600 178.28
1681 190.13
1764 204.291
1849 218.799
1936 235.773
2025 252.879
2116 270.145
2209 288.673
2304 310.049
2401 329.065
2500 347.935
2601 371.667
2704 392.763
2809 415.93
2916 438.949
3025 464.512
3136 488.573
3249 520.767
3364 542.304
3481 570.041
3600 599.373
3721 629.38
3844 664.06
3969 690.362
4096 726.236
4225 763.386
4356 796.503
4489 840.243
4624 869.682
4761 909.276
4900 951.233
5041 991.681
5184 1034.83
5329 1080.52
5476 1131.58
5625 1175.22
5776 1225.41
5929 1283.15
6084 1336.39
6241 1394.54
6400 1446.65
6561 1511
6724 1566.54
6889 1633.85
7056 1692.02
7225 1765.84
7396 1830.41
7569 1901.88
7744 1970.86
7921 2050.19
8100 2128.43
8281 2204.63
8464 2287.07
8649 2375.55
8836 2453.55
9025 2543.58
9216 2633.05
9409 2723.16
9604 2820.57
9801 2916.16
10000 3018.95
10201 3121.07
10404 3221.37
10609 3349.02
10816 3450.3
11025 3564.16
11236 3685.55
11449 3804.22
11664 3925.87
11881 4071.86
12100 4185.84
12321 4321.02
12544 4458.07
12769 4594.97
12996 4736.23
13225 4879.14
13456 5049.55
13689 5201.82
13924 5372.85
14161 5541.78
14400 5700.22
14641 5871.43
14884 6057.25
15129 6213.82
15376 6770.24
15625 6842.46
15876 6810.44
16129 7064.91
16384 7187.34
16641 7401.26
16900 7609.64
17161 7805.84
17424 8035.34
17689 8284.09
17956 8448.19
18225 8763.94
18496 8964.15
18769 9171.03
19044 9517.93
19321 9829.65
19600 9993.14
19881 10306.3
20164 10682.2
20449 10883.9
20736 11209.8
21025 11408.8
21316 11681.8
21609 12121.2
21904 12337.4
22201 12705
22500 13881.9
22801 13732.8
23104 13809.2
23409 13969.2
23716 14407.8
24025 14736.7
24336 15208.8
24649 15514.9
24964 15828.6
25281 16135.3
25600 16776
25921 16898.7
26244 17554.1
26569 17846.2
26896 18464.3
27225 18669.6
27556 19185.1
27889 19599.7
28224 20106.3
28561 20359.3
28900 21043.6
29241 21416
29584 21718.2
29929 22380.3
30276 23073.4
30625 23609.3
30976 23918.5
31329 24506.9
31684 24946.1
32041 25480.1
32400 25948.8
32761 26462.8
33124 27167.5
33489 27588.9
33856 28427.8
34225 28886.4
34596 29830.3
34969 30191.2
35344 30809.5
35721 31499.2
36100 32152
36481 32939
36864 33650
37249 33924.8
37636 34800.9
38025 35596.9
38416 36096.7
38809 36930.8
39204 38058.6
39601 38792.7
40000 39584.8
40401 40501.5
40804 41148.5
41209 41803.8
41616 42820.8
42025 43454.1
42436 44298.3
42849 45581.4
43264 46290.4
43681 47501.4
44100 48237.4
44521 49326.9
44944 50431.5
45369 51080.2
45796 52531.1
46225 53677
46656 54574.7
47089 56089.9
47524 56692.6
47961 57877.9
48400 59027.5
48841 59827.4
49284 60426.1
49729 61941.2
50176 63330.9
50625 64641.8
51076 65889.1
51529 66366.7
51984 67744.7
52441 68789.9
52900 70223
53361 71792.1
53824 72810.5
54289 74421.7
54756 75860.1
55225 77662.9
55696 78977.3
56169 79477.3
56644 81885.1
57121 82964.9
57600 83712
58081 86109.9
58564 87713.9
59049 89165.5
59536 89701.8
60025 92133.6
60516 93605.3
61009 95569.4
61504 96398.4
62001 97601.3
62500 99055.9
63001 101495
63504 102231
64009 104043
64516 106125
65025 109046
65536 109276
66049 111364
66564 113125
67081 115139
67600 116791
68121 118139
68644 120764
69169 122098
69696 123849
70225 125802
70756 127530
71289 129710
71824 132308
72361 133703
72900 135809
73441 138061
73984 140360
74529 150119
75076 145404
75625 147833
76176 148950
76729 151860
77284 154352
77841 156757
78400 158034
78961 160890
79524 163648
80089 166189
80656 168406
81225 170699
81796 173863
82369 176717
82944 179049
83521 181941
84100 185400
84681 195362
85264 198749
85849 201436
86436 204026
87025 207361
87616 210811
88209 213551
88804 216795
89401 220869
90000 223946
90601 227287
91204 230885
91809 234089
92416 237565
93025 240341
93636 243610
94249 247063
94864 251668
95481 255159
96100 257984
96721 262599
97344 266371
97969 269366
98596 273137
99225 277142
99856 281558
100489 285122
101124 288832
101761 294401
102400 298442
103041 302023
103684 306359
104329 310736
104976 314251
105625 319546
106276 323548
106929 327548
107584 332423
108241 338727
108900 341253
109561 345746
110224 351354
110889 356005
111556 360262
112225 365677
112896 370302
113569 374820
114244 379825
114921 384607
115600 390721
116281 395914
116964 401357
117649 406323
118336 411100
119025 417516
119716 421849
120409 428584
121104 433194
121801 439889
122500 445514
123201 450839
123904 456093
124609 462367
125316 467724
126025 473983
126736 479658
127449 486179
128164 491995
128881 497717
129600 504023
130321 511169
131044 516726
131769 522993
132496 530268
133225 537211
133956 542651
134689 548911
135424 556285
136161 562489
136900 569849
137641 576346
138384 582413
139129 590860
139876 596663
140625 604424
141376 611823
142129 618045
142884 625523
143641 633761
144400 641423
145161 647999
145924 655666
146689 663969
147456 671296
148225 679190
148996 687552
149769 695890
150544 703073
151321 711241
152100 719760
152881 728781
153664 736986
154449 745180
155236 756779
156025 762956
156816 770694
157609 779908
158404 788284
159201 796942
160000 805567
160801 814135
161604 850246
162409 860609
163216 841718
164025 851334
164836 860510
165649 869571
166464 880228
167281 889030
168100 899506
168921 909095
169744 918448
170569 927478
171396 937625
172225 947102
173056 956833
173889 966664
174724 976293
175561 986038
176400 998117
177241 1.0063e+06
178084 1.01831e+06
178929 1.03002e+06
179776 1.03922e+06
180625 1.05007e+06
181476 1.0601e+06
182329 1.07233e+06
183184 1.0805e+06
184041 1.08687e+06
184900 1.10538e+06
185761 1.1226e+06
186624 1.12841e+06
187489 1.13824e+06
188356 1.15087e+06
189225 1.16163e+06
190096 1.17422e+06
190969 1.18724e+06
191844 1.19791e+06
192721 1.20967e+06
193600 1.22262e+06
194481 1.23578e+06
195364 1.24729e+06
196249 1.26001e+06
197136 1.27288e+06
198025 1.28542e+06
198916 1.29727e+06
199809 1.31067e+06
200704 1.32173e+06
201601 1.33446e+06
202500 1.35122e+06
203401 1.36276e+06
204304 1.37556e+06
205209 1.38836e+06
206116 1.40263e+06
207025 1.41705e+06
207936 1.43033e+06
208849 1.44289e+06
209764 1.45714e+06
210681 1.47138e+06
211600 1.48437e+06
212521 1.49826e+06
213444 1.51314e+06
214369 1.52777e+06
215296 1.5431e+06
216225 1.55824e+06
217156 1.5736e+06
218089 1.5879e+06
219024 1.60188e+06
219961 1.61844e+06
220900 1.63235e+06
221841 1.64814e+06
222784 1.66403e+06
223729 1.67825e+06
224676 1.69475e+06
225625 1.70986e+06
226576 1.72464e+06
227529 1.7405e+06
228484 1.75707e+06
229441 1.77332e+06
230400 1.78978e+06
231361 1.80648e+06
232324 1.82243e+06
233289 1.83909e+06
234256 1.85536e+06
235225 1.87167e+06
236196 1.88897e+06
237169 1.90488e+06
238144 1.92258e+06
239121 1.93968e+06
240100 1.95717e+06
241081 1.97515e+06
242064 1.99293e+06
243049 2.00974e+06
244036 2.02721e+06
245025 2.0442e+06
246016 2.06216e+06
247009 2.0808e+06
248004 2.10008e+06
249001 2.11796e+06
250000 2.13426e+06
251001 2.1561e+06
252004 2.17563e+06
253009 2.19332e+06
254016 2.21354e+06
255025 2.23295e+06
256036 2.25225e+06
257049 2.27056e+06
258064 2.28994e+06
259081 2.30989e+06
260100 2.3309e+06
261121 2.34973e+06
262144 2.37012e+06
