1 0.431
4 5.654
9 0.607
16 0.884
25 1.411
36 1.685
49 2.237
64 2.892
81 3.648
100 4.446
121 5.524
144 6.379
169 7.63
196 8.62
225 9.872
256 13.483
289 12.206
324 13.862
361 16.226
400 17.514
441 19.156
484 21.314
529 22.974
576 24.824
625 27.282
676 30.423
729 32.377
784 34.143
841 37.069
900 39.062
961 42.89
1024 46.336
1089 48.291
1156 50.476
1225 53.882
1296 74.705
1369 72.799
1444 64.274
1521 67.273
1600 73.149
1681 77.853
1764 78.037
1849 82.742
1936 85.927
2025 92.148
2116 93.635
2209 98.542
2304 100.321
2401 106.348
2500 111.401
2601 114.913
2704 123.286
2809 126.882
2916 135.992
3025 135.763
3136 139.964
3249 145.079
3364 148.982
3481 157.796
3600 159.928
3721 169.666
3844 174.104
3969 179.023
4096 184.4
4225 189.145
4356 199.471
4489 203.058
4624 205.589
4761 216.104
4900 222.68
5041 226.603
5184 232.855
5329 245.558
5476 256.434
5625 259.542
5776 276.629
5929 282.565
6084 276.34
6241 286.363
6400 296.428
6561 297.468
6724 303.6
6889 312.167
7056 320.464
7225 327.848
7396 342.102
7569 352.466
7744 356.468
7921 364.709
8100 373.942
8281 375.902
8464 385.533
8649 397.787
8836 408.519
9025 412.814
9216 416.768
9409 430.087
9604 443.883
9801 453.087
10000 461.383
10201 463.628
10404 475.348
10609 492.496
10816 510.44
11025 525.146
11236 537.651
11449 537.34
11664 552.133
11881 553.317
12100 562.641
12321 572.151
12544 579.67
12769 593.928
12996 605.102
13225 609.345
13456 620.348
13689 640.268
13924 645.348
14161 655.707
14400 666.857
14641 686.007
14884 706.978
15129 719.892
15376 722.992
15625 738.106
15876 746.681
16129 749.004
16384 758.451
16641 770.658
16900 785.606
17161 808.973
17424 819.461
17689 830.437
17956 839.435
18225 850.274
18496 857.769
18769 874.471
19044 896.532
19321 905.209
19600 924.162
19881 939.129
20164 947.099
20449 948.47
20736 983.741
21025 989.592
21316 1012.34
21609 1031.42
21904 1046.83
22201 1061.59
22500 1074.47
22801 1082.06
23104 1109.6
23409 1114.55
23716 1147.38
24025 1147.14
24336 1148.41
24649 1157.15
24964 1176.49
25281 1196.71
25600 1216.32
25921 1229.78
26244 1237.86
26569 1248.73
26896 1263.18
27225 1289.55
27556 1304.72
27889 1324.15
28224 1336.78
28561 1345.04
28900 1362.9
29241 1403.37
29584 1422.37
29929 1449.29
30276 1464.76
30625 1480.12
30976 1478.19
31329 1507.91
31684 1516.73
32041 1530.34
32400 1542.7
32761 1546.86
33124 1568.77
33489 1588.5
33856 1611.85
34225 1633.38
34596 1659.85
34969 1687.69
35344 1728.57
35721 1737.86
36100 1734.7
36481 1732.46
36864 1741.65
37249 1761.76
37636 1798.13
38025 1824.02
38416 1842.09
38809 1860.33
39204 1886.24
39601 1914.38
40000 1921.2
40401 1930.95
40804 1936.39
41209 1952.27
41616 1983.74
42025 2019.62
42436 2088.03
42849 2077.22
43264 2109.24
43681 2139.94
44100 2152.87
44521 2166.75
44944 2190.76
45369 2221.98
45796 2226.14
46225 2278.14
46656 2274.82
47089 2284.57
47524 2305.9
47961 2328.38
48400 2337.38
48841 2347.07
49284 2362.62
49729 2386.95
50176 2409.82
50625 2450.2
51076 2468.04
51529 2489.64
51984 2509.78
52441 2524.92
52900 2543.14
53361 2553.39
53824 2581.61
54289 2618.74
54756 2646.13
55225 2686.78
55696 2682.6
56169 2705
56644 2800.41
57121 2740.19
57600 2768.19
58081 2808.24
58564 2845.82
59049 2891.26
59536 2934.34
60025 2955.46
60516 2988.02
61009 3007.02
61504 2993.19
62001 3035.56
62500 3063.09
63001 3083.01
63504 3125.16
64009 3132.23
64516 3136.3
65025 3158.91
65536 3152.2
66049 3179.93
66564 3216.2
67081 3249.18
67600 3298.77
68121 3307.82
68644 3349.46
69169 3376.89
69696 3413.85
70225 3450.64
70756 3469.52
71289 3491.12
71824 3521.05
72361 3543.97
72900 3530.16
73441 3544.56
73984 3561.58
74529 3609.2
75076 3673.83
75625 3690.45
76176 3706.44
76729 3741.19
77284 3769.49
77841 3803.5
78400 3851.55
78961 3913.87
79524 3915.01
80089 3940.54
80656 3940.5
81225 3943.6
81796 3942.14
82369 3978.89
82944 4027.82
83521 4081.92
84100 4126.37
84681 4192.17
85264 4239.93
85849 4309.86
86436 4320.16
87025 4338.38
87616 4392.54
88209 4422.36
88804 4452.37
89401 4478.37
90000 4460.39
90601 4469.97
91204 4516.28
91809 4551.93
92416 4598.46
93025 4651.93
93636 4649.36
94249 4674.69
94864 4693.2
95481 4727.15
96100 4761.27
96721 4770.87
97344 4791.01
97969 4806.73
98596 4870.19
99225 4891.8
99856 4914.42
100489 4940.76
101124 5007.91
101761 5021.23
102400 5070.11
103041 5181.69
103684 5136.59
104329 5135.32
104976 5156.4
105625 5287.75
106276 5187.14
106929 5215.58
107584 5256.99
108241 5313.12
108900 5365.25
109561 5400.86
110224 5428.11
110889 5454.6
111556 5524.92
112225 5521.5
112896 5552.83
113569 5576.78
114244 5594.13
114921 5632.55
115600 5718.47
116281 5760.73
116964 5820.05
117649 5904.75
118336 5963.41
119025 6010.84
119716 6036.97
120409 6067.81
121104 6137.57
121801 6167.73
122500 6177.32
123201 6177.06
123904 6189.24
124609 6316.17
125316 6273.51
126025 6298.78
126736 6326.15
127449 6347.29
128164 6383.05
128881 6406.42
129600 6431.93
130321 6423.48
131044 6437.61
131769 6457.32
132496 6510.67
133225 6557.31
133956 6611.19
134689 6692.13
135424 6694.25
136161 6753.86
136900 6851.13
137641 6870.29
138384 6934.03
139129 6943.07
139876 7068.26
140625 7060.37
141376 7074.39
142129 7113.8
142884 7127.32
143641 7139.63
144400 7156.22
145161 7217.98
145924 7196.62
146689 7210.95
147456 7214.07
148225 7267.74
148996 7334.36
149769 7371.66
150544 7472.26
151321 7711.87
152100 7570.89
152881 7610.64
153664 7638.77
154449 7674.13
155236 7763.9
156025 7875.11
156816 7867.32
157609 7911.69
158404 7949.97
159201 7991.37
160000 8015.37
160801 8055.3
161604 8091.86
162409 8074.58
163216 8047.77
164025 8062.37
164836 8139.4
165649 8210.8
166464 8270.95
167281 8339.15
168100 8423.81
168921 8497.24
169744 8562.8
170569 8652.59
171396 8703.25
172225 8775.27
173056 8848.66
173889 8902.35
174724 8946.67
175561 9335.3
176400 9040.02
177241 9053.51
178084 9091.7
178929 9103.8
179776 9187.79
180625 9089.42
181476 9133.45
182329 9184.59
183184 9245.8
184041 9299.98
184900 9397.07
185761 9632.68
186624 9448.3
187489 9493.76
188356 9508.66
189225 9633.38
190096 9635.23
190969 9680.01
191844 9701.86
192721 9734.13
193600 9794.39
194481 9787.07
195364 9794.9
196249 9797.72
197136 9850.54
198025 9923.1
198916 9956.44
199809 10026.5
200704 10070.1
201601 10167.5
202500 10217.1
203401 10251.4
204304 10296.5
205209 10403.8
206116 10387.2
207025 10471
207936 10489.3
208849 10516.5
209764 10543.6
210681 10564.9
211600 10601.1
212521 10588.8
213444 10651.6
214369 10713.8
215296 10823.2
216225 10866.7
217156 10945.9
218089 10981.8
219024 11016.4
219961 11105
220900 11147.2
221841 11171.7
222784 11221.5
223729 11296.1
224676 11292
225625 11342
226576 11381.1
227529 11402.5
228484 11432.8
229441 11445.6
230400 11517.5
231361 11586.9
232324 11694.2
233289 11745.4
234256 11851.6
235225 11951.8
236196 12043.4
237169 12102.4
238144 12162.2
239121 12207.2
240100 12289.3
241081 12335.9
242064 12414.4
243049 12493
244036 12578
245025 12615.3
246016 12556.4
247009 12708.8
248004 12759.7
249001 12935
250000 12806
251001 12826.9
252004 12837.6
253009 12851
254016 12924.6
255025 12937.2
256036 13031.1
257049 13001.4
258064 12938.8
259081 13049.7
260100 13204
261121 13129.9
262144 13116.3
