1 0.114
4 0.342
9 0.615
16 1.152
25 2.044
36 2.798
49 3.866
64 4.934
81 6.75
100 8.162
121 10.333
144 12.756
169 15.086
196 16.6
225 20.004
256 23.17
289 25.331
324 29.172
361 33.085
400 37.027
441 40.763
484 46.267
529 49.671
576 54.215
625 58.861
676 64.67
729 69.893
784 76.326
841 81.614
900 88.325
961 94.986
1024 99.929
1089 109.188
1156 115.396
1225 123.379
1296 130.946
1369 139.393
1444 147.802
1521 154.93
1600 165.007
1681 172.944
1764 180.838
1849 192.525
1936 203.858
2025 213.995
2116 237.026
2209 235.814
2304 243.256
2401 256.652
2500 296.897
2601 278.042
2704 293.994
2809 301.182
2916 314.401
3025 324.549
3136 341.001
3249 355.889
3364 365.642
3481 379.828
3600 392.052
3721 412.487
3844 426.047
3969 438.455
4096 450.324
4225 471.677
4356 488.117
4489 505.594
4624 518.054
4761 534.699
4900 553.053
5041 589.393
5184 591.803
5329 640.352
5476 625.393
5625 641.492
5776 658.906
5929 681.251
6084 692.335
6241 715.717
6400 736.591
6561 758.238
6724 776.111
6889 795.659
7056 813.414
7225 832.086
7396 873.863
7569 886.768
7744 909.064
7921 928.625
8100 940.269
8281 966.21
8464 991.95
8649 1021.76
8836 1049.62
9025 1073.87
9216 1092.74
9409 1118.59
9604 1146.51
9801 1173.98
10000 1190
10201 1211.67
10404 1245.08
10609 1276.79
10816 1304.25
11025 1324.95
11236 1344.48
11449 1381.44
11664 1401.4
11881 1439.94
12100 1448.21
12321 1477.94
12544 1512.41
12769 1544.16
12996 1573.86
13225 1603.19
13456 1634.72
13689 1673.89
13924 1698.82
14161 1715.67
14400 1750.82
14641 1799.95
14884 1829.4
15129 1865.05
15376 1898.87
15625 1930.75
15876 1957.07
16129 1977.68
16384 1996.41
16641 2046.11
16900 2086.68
17161 2136.81
17424 2182.75
17689 2205.98
17956 2239.13
18225 2271.23
18496 2297.53
18769 2342.66
19044 2382.09
19321 2426.5
19600 2457.77
19881 2491.24
20164 2536.8
20449 2556.03
20736 2594.05
21025 2645.26
21316 2687.92
21609 2735.41
21904 2771.28
22201 2806.79
22500 2832.57
22801 2880.97
23104 2913.26
23409 2949.21
23716 2989.21
24025 3028.25
24336 3072.02
24649 3125.18
24964 3163.38
25281 3226.87
25600 3260.85
25921 3300.42
26244 3345.56
26569 3386.87
26896 3433.79
27225 3489.2
27556 3528.55
27889 3570.91
28224 3600.27
28561 3632.79
28900 3687.47
29241 3762.95
29584 3820.65
29929 3888.23
30276 3930.41
30625 3980.47
30976 4035.36
31329 4077.06
31684 4111.45
32041 4146.7
32400 4179.37
32761 4200.09
33124 4295.53
33489 4346.75
33856 4403.28
34225 4492.88
34596 4525.53
34969 4588.99
35344 4637.79
35721 4690.51
36100 4731.18
36481 4772.29
36864 4833.56
37249 4898.47
37636 4956.77
38025 5015.7
38416 5091.28
38809 5127.87
39204 5191.68
39601 5227.82
40000 5282.1
40401 5326.28
40804 5370.38
41209 5433.23
41616 5500.11
42025 5580.81
42436 5623.2
42849 5690.97
43264 5747.86
43681 5820.44
44100 5861.86
44521 5921.87
44944 5971.35
45369 6068.17
45796 6111.44
46225 6159.59
46656 6205.15
47089 6249.99
47524 6313.71
47961 6365.4
48400 6426.52
48841 6486.31
49284 6557.92
49729 6650.85
50176 6711.66
50625 6765.57
51076 6831.48
51529 6910.37
51984 6981.17
52441 7054.48
52900 7099.06
53361 7171.98
53824 7218.68
54289 7305.63
54756 7396.92
55225 7453.74
55696 7518.22
56169 7569.56
56644 7638.91
57121 7687.3
57600 7751.74
58081 7845
58564 7966.27
59049 8000.66
59536 8116.9
60025 8227.52
60516 8289.98
61009 8341.67
61504 8426.47
62001 8491.96
62500 8536.84
63001 8647.07
63504 8678.08
64009 8708.18
64516 8803.51
65025 8778.62
65536 8857.75
66049 8988.54
66564 9071.4
67081 9174.65
67600 9270.57
68121 9366.83
68644 9483.33
69169 9564.32
69696 9636.66
70225 9756.97
70756 9795.01
71289 9843.04
71824 9885.89
72361 9985.82
72900 10073
73441 10151.9
73984 10233.5
74529 10304.5
75076 10426.3
75625 10454.1
76176 10598.2
76729 10664.1
77284 10761.5
77841 10798.6
78400 10923.4
78961 11021.7
79524 11020.3
80089 11121.2
80656 11219.7
81225 11277.8
81796 11376.8
82369 11478.1
82944 11516.4
83521 11655.1
84100 11708.8
84681 11843.5
85264 11924.1
85849 12025.6
86436 12118.9
87025 12177.1
87616 12266.2
88209 12362.9
88804 12425.5
89401 12617.4
90000 12583.4
90601 12682.3
91204 12772.6
91809 12852.1
92416 12951
93025 13049.9
93636 13122.5
94249 13213
94864 13281.6
95481 13356.5
96100 13444.8
96721 13549
97344 13615
97969 13687.2
98596 13749.8
99225 13880.5
99856 14006.6
100489 14093
101124 14204.9
101761 14338.6
102400 14405.2
103041 14507.4
103684 14618.8
104329 14703.2
104976 14762.1
105625 14882.4
106276 14947.4
106929 15060.5
107584 15169.6
108241 15267.2
108900 15363.2
109561 15483
110224 15572.9
110889 15623.8
111556 15717.1
112225 15793.3
112896 15899.1
113569 15967
114244 16041.7
114921 16276.2
115600 16294.7
116281 16416.3
116964 16554
117649 16678.6
118336 16798.7
119025 16902.8
119716 17044.2
120409 17171
121104 17239.8
121801 17348.5
122500 17442
123201 17574
123904 17721.5
124609 17809.2
125316 17931.7
126025 17975
126736 18084.2
127449 18123.5
128164 18176.9
128881 18270.7
129600 18384.9
130321 18450.1
131044 18471.3
131769 18640.1
132496 18789.7
133225 18915.3
133956 19044.1
134689 19191.6
135424 19330.3
136161 19468.1
136900 19579.3
137641 19748.5
138384 19863.4
139129 19996.1
139876 20126
140625 20238.9
141376 20344.5
142129 20443.1
142884 20542
143641 20651.2
144400 20748.8
145161 20835.7
145924 20940.5
146689 21044.9
147456 21136.8
148225 21281
148996 21396.8
149769 21538.1
150544 21679.4
151321 21812.2
152100 21933.5
152881 22071.8
153664 22197.6
154449 22338.9
155236 22428.5
156025 22562.6
156816 22680.9
157609 22788.1
158404 22907.6
159201 22988.4
160000 23082.3
160801 23187.7
161604 23353.6
162409 23400
163216 23519.7
164025 23606.9
164836 23774.6
165649 23903.3
166464 24078.1
167281 24227.4
168100 24346.9
168921 24495.5
169744 24625.6
170569 24789
171396 24906.8
172225 25047.8
173056 25174.7
173889 25289.6
174724 25417
175561 25507.7
176400 25632.2
177241 25768.3
178084 25875.2
178929 25980.2
179776 26082.7
180625 26224.3
181476 26375.5
182329 26513.6
183184 26630.3
184041 26795.4
184900 26892.8
185761 26992.2
186624 27118.9
187489 27231.4
188356 27363.5
189225 27481.6
190096 27613.9
190969 27787.8
191844 27884.1
192721 27971.4
193600 28119.6
194481 28245.9
195364 28367.1
196249 28480.7
197136 28644.7
198025 28784
198916 28990.4
199809 29123
200704 29275.5
201601 29447.5
202500 29564.8
203401 29836.9
204304 29906.2
205209 30089.1
206116 30210.8
207025 30343.8
207936 30474.2
208849 30617.7
209764 30741.2
210681 30863.6
211600 30984.8
212521 31156.5
213444 31286.7
214369 31457.3
215296 31577.9
216225 31781.7
217156 31949.6
218089 32057.4
219024 32177.4
219961 32277.3
220900 32400.5
221841 32528.4
222784 32672.1
223729 32811.2
224676 32940.2
225625 33052.7
226576 33210.6
227529 33302.7
228484 33429.4
229441 33600
230400 33787.3
231361 33978.9
232324 34167.8
233289 34364.2
234256 34582
235225 34746.1
236196 34931.6
237169 35148.3
238144 35335.9
239121 35471.5
240100 35679.5
241081 35805.3
242064 35971.5
243049 36140.5
244036 36323.3
245025 36406.9
246016 36627.5
247009 36834.8
248004 37255.5
249001 37180
250000 37277.1
251001 37389.6
252004 37563
253009 37613.7
254016 37692.8
255025 37829.5
256036 37961.6
257049 38050.7
258064 38156.3
259081 38314.8
260100 38439.7
261121 38501.4
262144 38567.3
