1 0.09
4 0.273
9 0.592
16 0.84
25 1.576
36 1.823
49 2.416
64 2.877
81 3.968
100 4.559
121 5.562
144 6.431
169 8.116
196 8.893
225 10.234
256 11.507
289 13.101
324 14.314
361 16.542
400 17.6
441 19.382
484 21.72
529 23.834
576 24.768
625 27.102
676 35.045
729 32.598
784 34.733
841 37.285
900 39.55
961 42.972
1024 44.003
1089 49.47
1156 50.679
1225 53.731
1296 57.071
1369 63.239
1444 66.254
1521 67.137
1600 71.471
1681 74.124
1764 77.315
1849 83.285
1936 86.228
2025 88.687
2116 95.218
2209 100.302
2304 101.075
2401 107.344
2500 109.951
2601 116.102
2704 125.425
2809 131.009
2916 132.658
3025 135.305
3136 140.323
3249 145.736
3364 149.953
3481 154.777
3600 160.654
3721 171.002
3844 180.441
3969 186.52
4096 187.325
4225 200.748
4356 209.322
4489 211.926
4624 216.51
4761 226.274
4900 231.06
5041 237.406
5184 246.508
5329 260.242
5476 271.386
5625 277.167
5776 284.713
5929 269.359
6084 275.686
6241 282.318
6400 291.164
6561 296.669
6724 302.874
6889 309.095
7056 316.966
7225 325.946
7396 339.767
7569 351.049
7744 352.043
7921 357.383
8100 363.434
8281 372.221
8464 387.361
8649 402.938
8836 407.976
9025 410.922
9216 416.143
9409 428.845
9604 438.784
9801 444.443
10000 450.068
10201 459.187
10404 474.921
10609 493.493
10816 513.547
11025 524.471
11236 534.866
11449 539.164
11664 542.591
11881 546.601
12100 560.262
12321 562.551
12544 575.162
12769 588.53
12996 597.975
13225 605.841
13456 613.842
13689 625.069
13924 634.434
14161 643
14400 655.961
14641 693.175
14884 695.345
15129 703.849
15376 713.362
15625 727.683
15876 730.948
16129 729.99
16384 733.722
16641 754.319
16900 772.662
17161 788.941
17424 803.318
17689 815.358
17956 824.948
18225 830.11
18496 843.66
18769 865.135
19044 888.653
19321 888.881
19600 900.037
19881 908.238
20164 922.184
20449 930.788
20736 955.578
21025 982.375
21316 1007.84
21609 1039.9
21904 1059.95
22201 1065.4
22500 1066.36
22801 1080.08
23104 1102.08
23409 1094.39
23716 1107.6
24025 1111.47
24336 1122.28
24649 1138.68
24964 1154.59
25281 1173.15
25600 1191.52
25921 1204.14
26244 1211.67
26569 1222.87
26896 1241.34
27225 1262.18
27556 1269.77
27889 1285.02
28224 1298.47
28561 1310.41
28900 1337.49
29241 1365.81
29584 1391.62
29929 1427.04
30276 1424.59
30625 1442.41
30976 1456.88
31329 1466.24
31684 1472.39
32041 1484.67
32400 1488.17
32761 1491.19
33124 1521.47
33489 1541.73
33856 1567.87
34225 1593.23
34596 1615.69
34969 1638.68
35344 1656.71
35721 1661.87
36100 1679.49
36481 1686.47
36864 1699.26
37249 1731.4
37636 1767.83
38025 1798.59
38416 1806.28
38809 1808.51
39204 1833.4
39601 1848.08
40000 1856.77
40401 1874.23
40804 1888.55
41209 1922.28
41616 1953.54
42025 1991.57
42436 2031.19
42849 2079.03
43264 2116.51
43681 2137.86
44100 2161.96
44521 2187.89
44944 2208.35
45369 2184.18
45796 2206.03
46225 2239.87
46656 2230.91
47089 2226.72
47524 2263.04
47961 2262.96
48400 2347.39
48841 2439.26
49284 2305.72
49729 2335.53
50176 2360.45
50625 2384.87
51076 2412.42
51529 2452.52
51984 2456.89
52441 2458.88
52900 2479.82
53361 2499.4
53824 2525.57
54289 2562.87
54756 2572.78
55225 2577.27
55696 2611.43
56169 2621.83
56644 2649.88
57121 2655.59
57600 2689.91
58081 2730.94
58564 2770.57
59049 2803.8
59536 2871.55
60025 2878.23
60516 2891.32
61009 2903.36
61504 2910.97
62001 2928.19
62500 2947.48
63001 2965.26
63504 2990.16
64009 3014.02
64516 3003.75
65025 3030.62
65536 3037.36
66049 3067.3
66564 3130.06
67081 3174.21
67600 3167.97
68121 3209.6
68644 3244.89
69169 3270.83
69696 3313.91
70225 3327.55
70756 3356.24
71289 3366.23
71824 3381.74
72361 3403.87
72900 3417.49
73441 3433.38
73984 3470.17
74529 3511.01
75076 3560.1
75625 3597.7
76176 3635.74
76729 3646.53
77284 3656.82
77841 3665.86
78400 3698.77
78961 3730.61
79524 3737.14
80089 3757.57
80656 3782.48
81225 3806.26
81796 3831.9
82369 3877.91
82944 4058.09
83521 3970.29
84100 4015.73
84681 4099.27
85264 4119
85849 4150.19
86436 4233.48
87025 4264.51
87616 4299.81
88209 4325.37
88804 4360.72
89401 4389.51
90000 4383.43
90601 4393.65
91204 4427.91
91809 4453.91
92416 4518.43
93025 4523.64
93636 4531.81
94249 4527.45
94864 4569.5
95481 4591.13
96100 4594.91
96721 4617.23
97344 4635.14
97969 4653.12
98596 4819.17
99225 4755.37
99856 4766.72
100489 4797.72
101124 4839.84
101761 4869.16
102400 4900.28
103041 4944.87
103684 4971.93
104329 4971.99
104976 4995.64
105625 5005.78
106276 5028.77
106929 5069.22
107584 5115.53
108241 5165.4
108900 5210.37
109561 5927.78
110224 5245.66
110889 5399.52
111556 5356.81
112225 5316.95
112896 5358.55
113569 5380.75
114244 5389.58
114921 5442.61
115600 5497.58
116281 5550.34
116964 5616.28
117649 5687.16
118336 5730.6
119025 5795.35
119716 5818.93
120409 5884.91
121104 5850.14
121801 5902.39
122500 5936.69
123201 5974.66
123904 6024.07
124609 6023.09
125316 6051.14
126025 6083.57
126736 6093.31
127449 6156.39
128164 6171.03
128881 6120.45
129600 6121.93
130321 6122.72
131044 6136.95
131769 6181.88
132496 6241.38
133225 6293.7
133956 6344.41
134689 6379.55
135424 6420.21
136161 6497.57
136900 6549.16
137641 6590.11
138384 6622.63
139129 7016.38
139876 7048.83
140625 6746.32
141376 6780.8
142129 6830.82
142884 6819.76
143641 6853.37
144400 6881.9
145161 6898.78
145924 7145.02
146689 6950.6
147456 6984.5
148225 7047.8
148996 7322.98
149769 7174.3
150544 7231.26
151321 7297.69
152100 7370.03
152881 7392.9
153664 7602.63
154449 7409.36
155236 7458.75
156025 8555.97
156816 7649.91
157609 7551.56
158404 7586.4
159201 7571.69
160000 7614.19
160801 7689.52
161604 7686.78
162409 7722.43
163216 7744.88
164025 7782.17
164836 7850.91
165649 8174.41
166464 7987.71
167281 8108.03
168100 8138.53
168921 8183.41
169744 8227.26
170569 8292.16
171396 8346.85
172225 8471.36
173056 8551.48
173889 8607.54
174724 8686.5
175561 8728.46
176400 8748.62
177241 8799.26
178084 8818.26
178929 10762.2
179776 8895.1
180625 8813.51
181476 8860
182329 8899.49
183184 8958.43
184041 9038.21
184900 9193.6
185761 9135.71
186624 9140.93
187489 9154.61
188356 9139.73
189225 9778.87
190096 9619.36
190969 9308.48
191844 9340.02
192721 9325.36
193600 9369.23
194481 9375.93
195364 9443.19
196249 9427.98
197136 9489.87
198025 9553.8
198916 9599.23
199809 9648.34
200704 9943.46
201601 9771.11
202500 9817.69
203401 9877.55
204304 9920.04
205209 9974.69
206116 10091.6
207025 10071.8
207936 10072.4
208849 10077.2
209764 10109
210681 10138.4
211600 10168.2
212521 11323.7
213444 10527.7
214369 10404.3
215296 10393.7
216225 10452
217156 10506.2
218089 10563.9
219024 10566.9
219961 11554.8
220900 10591.8
221841 10646
222784 10720.4
223729 10791.8
224676 10771.1
225625 10819.9
226576 10876.4
227529 10891.1
228484 10958.3
229441 10982.2
230400 11065.2
231361 11155.8
232324 11238
233289 11323
234256 12081.5
235225 11503.7
236196 11601.3
237169 11832.9
238144 11772
239121 11837.1
240100 11886.9
241081 11869.3
242064 11893
243049 12187.7
244036 11987.5
245025 11997.9
246016 12043.3
247009 12127.6
248004 12132.5
249001 12178
250000 12281.6
251001 12231.4
252004 12207.7
253009 12228.2
254016 12292.1
255025 12533.5
256036 12497.7
257049 12384.1
258064 12466.6
259081 12554
260100 12416.8
261121 12423.3
262144 12420.7
