1 0.108
4 0.09
9 0.289
16 0.44
25 0.7
36 0.885
49 1.069
64 1.279
81 1.418
100 1.648
121 1.842
144 2.331
169 2.757
196 3.18
225 3.709
256 3.693
289 4.119
324 4.918
361 5.839
400 6.067
441 6.827
484 7.287
529 7.467
576 8.285
625 9.494
676 10.688
729 11.53
784 12.737
841 13.454
900 14.249
961 14.355
1024 15.111
1089 16.435
1156 17.61
1225 19.376
1296 20.416
1369 22.393
1444 24.051
1521 25.765
1600 26.298
1681 28.172
1764 28.565
1849 29.547
1936 30.89
2025 30.806
2116 32.674
2209 34.759
2304 37.329
2401 38.751
2500 40.711
2601 43.141
2704 46.365
2809 48.67
2916 50.022
3025 53.344
3136 55.552
3249 56.898
3364 59.217
3481 59.275
3600 62.577
3721 62.42
3844 64.473
3969 64.704
4096 66.566
4225 68.619
4356 72.951
4489 74.53
4624 78.801
4761 80.472
4900 85.237
5041 86.779
5184 91.516
5329 95.343
5476 99.148
5625 102.295
5776 106.691
5929 108.165
6084 112.763
6241 118.534
6400 116.248
6561 124.438
6724 125.192
6889 123.615
7056 126.324
7225 131.666
7396 130.554
7569 133.747
7744 137.545
7921 136.803
8100 137.563
8281 143.563
8464 146.051
8649 152.744
8836 154.757
9025 158.277
9216 167.496
9409 166.252
9604 172.165
9801 180.037
10000 180.505
10201 186.013
10404 193.438
10609 202.298
10816 205.588
11025 209.52
11236 214.498
11449 224.075
11664 222.079
11881 228.529
12100 235.947
12321 245.947
12544 246.709
12769 244.974
12996 252.648
13225 258.252
13456 263.16
13689 260.19
13924 263.247
14161 267.664
14400 277.488
14641 274.935
14884 278.108
15129 282.096
15376 287.922
15625 287.756
15876 289.253
16129 289.448
16384 302.579
16641 303.908
16900 306.751
17161 314.076
17424 326.964
17689 327.097
17956 331.57
18225 340.412
18496 351.979
18769 351.26
19044 362.695
19321 367.775
19600 378.503
19881 376.97
20164 383.576
20449 393.388
20736 405.411
21025 414.64
21316 422.889
21609 433.592
21904 441.524
22201 443.407
22500 452.206
22801 472.62
23104 471.449
23409 468.939
23716 490.74
24025 490.802
24336 497.907
24649 515.787
24964 521.679
25281 516.717
25600 514.512
25921 531.101
26244 533.554
26569 540.865
26896 551.887
27225 549.689
27556 550.979
27889 552.596
28224 558.323
28561 568.976
28900 579.27
29241 580.7
29584 582.929
29929 591.209
30276 594.05
30625 601.818
30976 613.769
31329 606.999
31684 611.591
32041 609.207
32400 613.496
32761 628.998
33124 638.326
33489 641.595
33856 651.413
34225 663.323
34596 677.877
34969 693.532
35344 692.059
35721 682.094
36100 681.073
36481 669.049
36864 676.538
37249 662.522
37636 639.316
38025 646.891
38416 654.722
38809 673.009
39204 686.609
39601 677.582
40000 685.655
40401 693.709
40804 705.879
41209 728.388
41616 732.241
42025 746.5
42436 755.066
42849 802.444
43264 885.446
43681 866.884
44100 888.016
44521 941.785
44944 946.82
45369 964.225
45796 981.87
46225 989.584
46656 978.283
47089 997.39
47524 1010.66
47961 1027.92
48400 1037.22
48841 1060.49
49284 1081.21
49729 1093.78
50176 1089.45
50625 1073.28
51076 1080.9
51529 1099.44
51984 1113.38
52441 1115.74
52900 1136.37
53361 1154.01
53824 1157.76
54289 1157.7
54756 1142.92
55225 1148.93
55696 1163.95
56169 1168.12
56644 1179.86
57121 1193.77
57600 1215.99
58081 1252.47
58564 1217.35
59049 1213.08
59536 1232.64
60025 1258.99
60516 1254.02
61009 1351
61504 1275.57
62001 1278.83
62500 1275.16
63001 1269.91
63504 1286.53
64009 1284.1
64516 1282.29
65025 1298.8
65536 1324.36
66049 1351.5
66564 1347.12
67081 1347.27
67600 1362.67
68121 1387.51
68644 1391.85
69169 1418.03
69696 1441.68
70225 1452.69
70756 1454.27
71289 1452.69
71824 1473.54
72361 1489.06
72900 1510.23
73441 1544.78
73984 1550.04
74529 1556.36
75076 1553.05
75625 1566.75
76176 1590.24
76729 1605.76
77284 1621.99
77841 1669.15
78400 1676.43
78961 1667.94
79524 1668.99
80089 1685.34
80656 1695.46
81225 1717.58
81796 1735.02
82369 1778.03
82944 1786.34
83521 1796.06
84100 1825.22
84681 1991.56
85264 1861.61
85849 1864.03
86436 1895.27
87025 1914.1
87616 1924.05
88209 1934.66
88804 1947.06
89401 1965.77
90000 1985.5
90601 2173.84
91204 2112.3
91809 2221.68
92416 2206.19
93025 2065.53
93636 2060.78
94249 2086.26
94864 2113.97
95481 2123.52
96100 2157.5
96721 2173.11
97344 2188.11
97969 2230.63
98596 2266.92
99225 2283.25
99856 2395.25
100489 2314.16
101124 2440.52
101761 2276.11
102400 2248.64
103041 2291.41
103684 2334.09
104329 2330.87
104976 2327.57
105625 2353.87
106276 2380.94
106929 2409.26
107584 2420.92
108241 2415.29
108900 2529.6
109561 2446.66
110224 2600.43
110889 2427.88
111556 2440.8
112225 2513.19
112896 2451.06
113569 2470.23
114244 2498.79
114921 2540.77
115600 2584.44
116281 2568.49
116964 2555.5
117649 2641.81
118336 2761.22
119025 2576.43
119716 2606.26
120409 2659.55
121104 2621.01
121801 2584.87
122500 2627.42
123201 2688.66
123904 2693.12
124609 2812.16
125316 2805.89
126025 2668.56
126736 2686.71
127449 2701.12
128164 2692.92
128881 2688.15
129600 2714.5
130321 2744.38
131044 2770.1
131769 2828.01
132496 2818.34
133225 2830.46
133956 2824.66
134689 2851.52
135424 2875.13
136161 2896.43
136900 2928.39
137641 2944.53
138384 2980.89
139129 3005.87
139876 3079.93
140625 3039.29
141376 3043.53
142129 3046.45
142884 3060.61
143641 3085.12
144400 3115.42
145161 3134.82
145924 3161.01
146689 3183.46
147456 3252.26
148225 3251.81
148996 3257.47
149769 3257.65
150544 3261.65
151321 3282.56
152100 3297.26
152881 3347.42
153664 3365.59
154449 3396.41
155236 3451.91
156025 3474.97
156816 3492.02
157609 3562.47
158404 3722.12
159201 3500.83
160000 3520.53
160801 3540.01
161604 3547.78
162409 3592.75
163216 3620.13
164025 3670.69
164836 3686.66
165649 3739.7
166464 3987.49
167281 3779.06
168100 3811.28
168921 3835.7
169744 3865.16
170569 3900.27
171396 3993.72
172225 3915.04
173056 3968.55
173889 3992.61
174724 4023.34
175561 4023.56
176400 4048.54
177241 4067.18
178084 4349.69
178929 4074.76
179776 4109.28
180625 4193.84
181476 4238.14
182329 4327.97
183184 4318.23
184041 4344.55
184900 4324.26
185761 4331.02
186624 4290.47
187489 4322.7
188356 4353.19
189225 4380.07
190096 4370.35
190969 4400.75
191844 4498.45
192721 4609.73
193600 4535.17
194481 4597.87
195364 4615.07
196249 4931.67
197136 4817.44
198025 4723.63
198916 4774.61
199809 4738.8
200704 4729.87
201601 4705.46
202500 4687.79
203401 4691.6
204304 4942.77
205209 4705.69
206116 4768.75
207025 4805.99
207936 4833.55
208849 4855.87
209764 4893.9
210681 4931.84
211600 5231.77
212521 4979.08
213444 5262.04
214369 4998.11
215296 5289.44
216225 5000.87
217156 5045.62
218089 4993.97
219024 5139.09
219961 5312.61
220900 5054.2
221841 5351.13
222784 5109.51
223729 5126.67
224676 5096.8
225625 5089.72
226576 5393.58
227529 5159.73
228484 5194.26
229441 5241.65
230400 5330.02
231361 5641.64
232324 5284.57
233289 5471.07
234256 5694.26
235225 5495.19
236196 5507.12
237169 5318.76
238144 5405.25
239121 5420.61
240100 5545.79
241081 5456.99
242064 5406.88
243049 5426.28
244036 5503.29
245025 5563.58
246016 5623.46
247009 5612.8
248004 5582.54
249001 5605.05
250000 5591.22
251001 5642.78
252004 5603.09
253009 5604.86
254016 5625.3
255025 5674.78
256036 5672.4
257049 5608.41
258064 5654.88
259081 5692.28
260100 5740.98
261121 5796.59
262144 5864.13
