1 0.295
4 0.212
9 0.378
16 0.432
25 0.741
36 0.771
49 0.935
64 1.1
81 1.413
100 1.586
121 1.694
144 2.145
169 2.666
196 2.931
225 3.593
256 3.586
289 4.019
324 4.711
361 5.627
400 5.896
441 6.497
484 6.907
529 7.458
576 7.99
625 9.032
676 10.114
729 11.073
784 12.411
841 13.142
900 13.558
961 13.942
1024 14.465
1089 16.02
1156 16.936
1225 18.674
1296 19.599
1369 21.683
1444 23.408
1521 25.031
1600 25.205
1681 27.287
1764 27.554
1849 28.59
1936 29.736
2025 29.913
2116 31.552
2209 33.406
2304 36.136
2401 37.337
2500 39.149
2601 42.128
2704 44.765
2809 47.372
2916 48.587
3025 51.77
3136 54.08
3249 55.125
3364 57.366
3481 61.474
3600 60.569
3721 60.396
3844 62.757
3969 62.388
4096 64.383
4225 66.272
4356 70.7
4489 71.987
4624 76.774
4761 78.252
4900 82.704
5041 83.81
5184 88.523
5329 92.532
5476 96.048
5625 99.345
5776 109.129
5929 104.993
6084 109.737
6241 115.071
6400 112.181
6561 117.069
6724 121.414
6889 120.242
7056 122.501
7225 127.535
7396 126.734
7569 130.025
7744 133.398
7921 132.91
8100 133.569
8281 139.621
8464 145.227
8649 147.496
8836 150.382
9025 153.566
9216 162.15
9409 161.377
9604 167.215
9801 174.791
10000 175.141
10201 180.615
10404 187.959
10609 193.892
10816 199.617
11025 203.183
11236 208.694
11449 217.965
11664 215.94
11881 222.314
12100 232.86
12321 239.36
12544 240.446
12769 237.938
12996 246.122
13225 250.063
13456 255.761
13689 250.947
13924 255.801
14161 291.493
14400 288.104
14641 286.013
14884 269.833
15129 277.538
15376 279.612
15625 278.795
15876 280.637
16129 280.672
16384 288.72
16641 295.307
16900 297.758
17161 304.975
17424 319.181
17689 318.337
17956 325.263
18225 330.339
18496 342.232
18769 341.393
19044 350.077
19321 356.802
19600 367.96
19881 366.681
20164 373.689
20449 385.991
20736 392.81
21025 403.64
21316 412.737
21609 419.054
21904 425.901
22201 431.461
22500 440.016
22801 476.952
23104 462.108
23409 457.168
23716 467.254
24025 476.829
24336 485.176
24649 503.253
24964 511.334
25281 541.417
25600 569.82
25921 593.737
26244 593.111
26569 601.023
26896 669.932
27225 611.844
27556 611.441
27889 614.813
28224 620.98
28561 661.014
28900 647.714
29241 643.334
29584 645.247
29929 659.057
30276 664.28
30625 669.214
30976 678.202
31329 674.496
31684 677.123
32041 681.342
32400 682.222
32761 697.913
33124 710.369
33489 710.619
33856 728.996
34225 737.399
34596 754.743
34969 772.633
35344 773.015
35721 770.803
36100 807.16
36481 798.825
36864 831.651
37249 821.937
37636 821.238
38025 839.808
38416 854.727
38809 874.441
39204 886.845
39601 880.399
40000 893.783
40401 898.991
40804 917.598
41209 947.656
41616 952.603
42025 967.188
42436 981.493
42849 1003.83
43264 1009.53
43681 1026.15
44100 1033.13
44521 1036.13
44944 1055.41
45369 1093.36
45796 1093.74
46225 1102.65
46656 1094.27
47089 1110.89
47524 1123.89
47961 1148.1
48400 1157.09
48841 1176.54
49284 1215.96
49729 1219.63
50176 1209.12
50625 1202.2
51076 1202.12
51529 1225.19
51984 1238.42
52441 1243.4
52900 1267.96
53361 1273.15
53824 1291.66
54289 1281.93
54756 1276.7
55225 1283.66
55696 1294.98
56169 1328.19
56644 1315.93
57121 1327.99
57600 1364.6
58081 1358.56
58564 1355.9
59049 1439.02
59536 1362.61
60025 1415.05
60516 1389.57
61009 1398.5
61504 1423.15
62001 1431.13
62500 1371.42
63001 1238.29
63504 1282.92
64009 1282.04
64516 1246
65025 1276.62
65536 1316.29
66049 1323.66
66564 1312.66
67081 1311.05
67600 1330.3
68121 1350.96
68644 1360.3
69169 1382.69
69696 1416.03
70225 1422.65
70756 1412.88
71289 1419.98
71824 1432.38
72361 1453.27
72900 1467.82
73441 1503.46
73984 1517.09
74529 1553.77
75076 1519.53
75625 1524.58
76176 1544.67
76729 1561.99
77284 1584.23
77841 1610.56
78400 1632.93
78961 1624.49
79524 1633.76
80089 1639.42
80656 1661.95
81225 1671.84
81796 1695.17
82369 1720.93
82944 1832.85
83521 1898.2
84100 1780.44
84681 1803.98
85264 1812.19
85849 1824.09
86436 1847.9
87025 1863.47
87616 1873.75
88209 1894.4
88804 1906.87
89401 1921.95
90000 1984.76
90601 2024.09
91204 2031.61
91809 2021.24
92416 2021.2
93025 2017.31
93636 2013.36
94249 2041.85
94864 2066.26
95481 2088.69
96100 2103.39
96721 2121.73
97344 2135.89
97969 2177.86
98596 2214.05
99225 2222.43
99856 2316.2
100489 2222.2
101124 2194.72
101761 2215.43
102400 2192.94
103041 2241.22
103684 2279.55
104329 2271.79
104976 2305.03
105625 2301.92
106276 2316.68
106929 2348.73
107584 2378.17
108241 2361.65
108900 2353.39
109561 2338.98
110224 2472.08
110889 2374.83
111556 2380.1
112225 2399.36
112896 2396.66
113569 2453.42
114244 2437.45
114921 2487.32
115600 2513.47
116281 2493.76
116964 2487.68
117649 2645.48
118336 2492.58
119025 2530.5
119716 2546.26
120409 2558.32
121104 2557.26
121801 2545.85
122500 2615.96
123201 2629.81
123904 2626.66
124609 2627.41
125316 2613.63
126025 2663.78
126736 2622.63
127449 2807.1
128164 2627.28
128881 2622.43
129600 2648.72
130321 2675.34
131044 2708.93
131769 2916.69
132496 2800.41
133225 2752.24
133956 2757.01
134689 2788.75
135424 2797.28
136161 2829.66
136900 2857.46
137641 2875.94
138384 2909.05
139129 2929.85
139876 2972.25
140625 2974.11
141376 2978.55
142129 2976.18
142884 2987.82
143641 3005.89
144400 3047.81
145161 3074.8
145924 3087.49
146689 3127.41
147456 3170.75
148225 3181.75
148996 3191.9
149769 3190.49
150544 3249.61
151321 3415.17
152100 3234.04
152881 3273.06
153664 3283.76
154449 3316.6
155236 3371.5
156025 3390.39
156816 3426.46
157609 3430.96
158404 3409.45
159201 3418.75
160000 3434.95
160801 3456.67
161604 3466.83
162409 3507.69
163216 3554.22
164025 3604.15
164836 3897.63
165649 3917.41
166464 3673.49
167281 3702.64
168100 3732.47
168921 3748.8
169744 3777.68
170569 3804.76
171396 3824.12
172225 3828.36
173056 3891.92
173889 4110.55
174724 3960.77
175561 3945.72
176400 4043.21
177241 3975.13
178084 3986.37
178929 4043.74
179776 4054.38
180625 4135.62
181476 4174.04
182329 4429.3
183184 4231.75
184041 4241.48
184900 4231.21
185761 4241.09
186624 4194.52
187489 4437.87
188356 4300.68
189225 4525.15
190096 4335.82
190969 4629.02
191844 4383.37
192721 4409.26
193600 4439.54
194481 4447.91
195364 4510.4
196249 4566.4
197136 4654.19
198025 4690.04
198916 4658.89
199809 4925.45
200704 4660.12
201601 4891.26
202500 4623.28
203401 4642.57
204304 4643.55
205209 4660.95
206116 4959.47
207025 4746.51
207936 4800.93
208849 4754.4
209764 4795.82
210681 4840.22
211600 5088.17
212521 4858.44
213444 4905.95
214369 4959.86
215296 4976.92
216225 4959.56
217156 5016.66
218089 4959.42
219024 4900.28
219961 5091.62
220900 4948.57
221841 5137.72
222784 5004.99
223729 5021.72
224676 5038.45
225625 5264.09
226576 5266.17
227529 5374.66
228484 5124.44
229441 5181.65
230400 5238.71
231361 5249.82
232324 5220.91
233289 5209.16
234256 5229.73
235225 5216.44
236196 5239.98
237169 5376.07
238144 5306.2
239121 5590.85
240100 5640.38
241081 5406.61
242064 5444.12
243049 5360.75
244036 5401.4
245025 5447.14
246016 5502.05
247009 5545.17
248004 5501.3
249001 5788.52
250000 5495.17
251001 5502.1
252004 5492.02
253009 5361.85
254016 5507.94
255025 5524.23
256036 5570.05
257049 5591.27
258064 5551.43
259081 5568.08
260100 5612.94
261121 5669.63
262144 5775.89
