1 0.105
4 0.164
9 0.404
16 0.776
25 1.375
36 1.906
49 2.72
64 3.939
81 4.582
100 5.316
121 6.759
144 8.423
169 10.024
196 11.423
225 13.493
256 15.347
289 17.282
324 19.449
361 23.187
400 26.391
441 29.518
484 31.85
529 34.908
576 38.731
625 43.96
676 45.847
729 50.035
784 54.667
841 59.972
900 64.373
961 68.414
1024 72.639
1089 76.963
1156 83.381
1225 91.44
1296 96.244
1369 99.605
1444 105.797
1521 113.831
1600 118.328
1681 126.577
1764 132.418
1849 140.633
1936 149.975
2025 151.128
2116 162.981
2209 171.933
2304 176.223
2401 190.89
2500 197.807
2601 204.825
2704 217.462
2809 220.602
2916 230.775
3025 241.694
3136 256.878
3249 260.505
3364 262.262
3481 277.455
3600 285.994
3721 304.355
3844 317.153
3969 326.786
4096 330.103
4225 347.046
4356 364.316
4489 373.162
4624 394.242
4761 401.731
4900 414.091
5041 420.515
5184 441.686
5329 450.586
5476 464.77
5625 480.882
5776 489.851
5929 505.804
6084 522.874
6241 538.507
6400 552.659
6561 563.885
6724 592.093
6889 601.766
7056 619.962
7225 638.807
7396 651.808
7569 660.193
7744 678.758
7921 691.517
8100 712.695
8281 727.02
8464 751.468
8649 760.233
8836 790.542
9025 810.111
9216 826.748
9409 845.829
9604 865.098
9801 875.59
10000 898.045
10201 928.679
10404 942.276
10609 943.391
10816 972.396
11025 1022.17
11236 1033.85
11449 1062.75
11664 1078.42
11881 1063.85
12100 1105.47
12321 1110.27
12544 1153.18
12769 1167.32
12996 1228.06
13225 1228.98
13456 1244.5
13689 1289.92
13924 1310.17
14161 1330.27
14400 1332.88
14641 1373.23
14884 1396.92
15129 1409.98
15376 1425.77
15625 1449.05
15876 1485.41
16129 1490.42
16384 1547.09
16641 1551.72
16900 1596.83
17161 1635.54
17424 1652.37
17689 1627.25
17956 1720.68
18225 1749.58
18496 1768.45
18769 1759.69
19044 1835.05
19321 1850.29
19600 1880.16
19881 1902.53
20164 1941.9
20449 1961.77
20736 1976.6
21025 1991.19
21316 2057
21609 2065.92
21904 2151.51
22201 2140.14
22500 2183.05
22801 2241.34
23104 2273.53
23409 2291.43
23716 2314.62
24025 2364.38
24336 2355.42
24649 2391.3
24964 2442.23
25281 2442.79
25600 2481.34
25921 2586.39
26244 2630.42
26569 2633.17
26896 2631.66
27225 2646.31
27556 2730.55
27889 2747.58
28224 2781.86
28561 2819.16
28900 2873.01
29241 2903.91
29584 2939.58
29929 2956.21
30276 3047.61
30625 3038.32
30976 3087.64
31329 3102.88
31684 3153.1
32041 3245.26
32400 3251.04
32761 3170.61
33124 3325.47
33489 3301.54
33856 3426.16
34225 3463.74
34596 3457.11
34969 3577.91
35344 3537.04
35721 3594.09
36100 3689.95
36481 3730.2
36864 3714.43
37249 3778.2
37636 3858.87
38025 3824.55
38416 3923.27
38809 3893.47
39204 4000.12
39601 3989.67
40000 4143.16
40401 4041.59
40804 4179.65
41209 4193.37
41616 4192.95
42025 4310.62
42436 4351.34
42849 4367.01
43264 4422.29
43681 4437.28
44100 4474.59
44521 4589.44
44944 4606.79
45369 4607.04
45796 4720.43
46225 4750.39
46656 4841.61
47089 4772.71
47524 4868.65
47961 5114.88
48400 5028.1
48841 5061.72
49284 5068.81
49729 5230.52
50176 5255.02
50625 5262.75
51076 5386.39
51529 5374.96
51984 5435.77
52441 5390.8
52900 5522.32
53361 5504.37
53824 5716.03
54289 5767.19
54756 5732.69
55225 5785.64
55696 5804.15
56169 5821.08
56644 5957.52
57121 6009.65
57600 6018.53
58081 6099.76
58564 6104.05
59049 6204.41
59536 6309.22
60025 6280.09
60516 6336.39
61009 6469.56
61504 6514.65
62001 6518.2
62500 6592.57
63001 6628.72
63504 6636.27
64009 6722.81
64516 6867.58
65025 6899.32
65536 6923.96
66049 6899.6
66564 7065.7
67081 7074.21
67600 7183.59
68121 7185.53
68644 7374.31
69169 7381.34
69696 7486.44
70225 7641.6
70756 7567.73
71289 7573.81
71824 7778.69
72361 7783.37
72900 7772.44
73441 7883.86
73984 7960.73
74529 8034.05
75076 7982.58
75625 8024.5
76176 8313.08
76729 8289.97
77284 8291.77
77841 8286.22
78400 8350.89
78961 8529.74
79524 8630.14
80089 8714.01
80656 8691.43
81225 8720.3
81796 8823.76
82369 8884.07
82944 8844.24
83521 9021.07
84100 9143.78
84681 8923.79
85264 9118.01
85849 9179.44
86436 9236.67
87025 9605.91
87616 9436.93
88209 9591.3
88804 9634.43
89401 9671.78
90000 9828.03
90601 9787.15
91204 9921.9
91809 9968.04
92416 9930.48
93025 10091.8
93636 10215.7
94249 10246.1
94864 10338.5
95481 10202.7
96100 10353.2
96721 10563.4
97344 10665.9
97969 10557.6
98596 10657.5
99225 10735.5
99856 11059.8
100489 10930.9
101124 11078.8
101761 11210.8
102400 11331.3
103041 11269.4
103684 11417.1
104329 11295.1
104976 11490.8
105625 11467.7
106276 11626.5
106929 11728
107584 11876.5
108241 12006.2
108900 12044.1
109561 11974.9
110224 12161.5
110889 12103.8
111556 12113.7
112225 12331
112896 12485.5
113569 12596.6
114244 12597.7
114921 12667.9
115600 12803.6
116281 12793.4
116964 13208.6
117649 13089.3
118336 13165.8
119025 13229.9
119716 13479.8
120409 13215.2
121104 13431.8
121801 13523
122500 13554.3
123201 13768.7
123904 13922.6
124609 13860.3
125316 14122.8
126025 13905.8
126736 14152.4
127449 14171.3
128164 14389.9
128881 14514.7
129600 14326.7
130321 14363.4
131044 14362.9
131769 14841.4
132496 14954.1
133225 14819
133956 14998.9
134689 15193.3
135424 14930.9
136161 15093.5
136900 15258
137641 15526.7
138384 15483.8
139129 15665.8
139876 16069.7
140625 15892.8
141376 15867.2
142129 15877.6
142884 16035.9
143641 16080.4
144400 16234.3
145161 16450.2
145924 16444.8
146689 16421
147456 16760.7
148225 16693
148996 16642.2
149769 15620.3
150544 16696.9
151321 16930.4
152100 17302.4
152881 17617
153664 17307.8
154449 17381.9
155236 17724.8
156025 17571
156816 17760.7
157609 17888.9
158404 17948
159201 18068.8
160000 18229.4
160801 18073.2
161604 18163.4
162409 18394.7
163216 18532.3
164025 18855.8
164836 18499.1
165649 18800.5
166464 19089.9
167281 18985.6
168100 19212.5
168921 19166.8
169744 19402.6
170569 19477.9
171396 19598.6
172225 19701.5
173056 19693.4
173889 19901.9
174724 20131
175561 19915.6
176400 19953.7
177241 20317.5
178084 20375.8
178929 20504.2
179776 20720.2
180625 20587.1
181476 20619.2
182329 20988
183184 21047.5
184041 21160.7
184900 21410.8
185761 21186
186624 21534.1
187489 21629.8
188356 21923.1
189225 21467.1
190096 21724.3
190969 21849
191844 20991.9
192721 22181
193600 22228
194481 22358.9
195364 22304.9
196249 22501.1
197136 22547.8
198025 22561.1
198916 22662.3
199809 23131.4
200704 23109.9
201601 23116.1
202500 23327.2
203401 23682.4
204304 23390.6
205209 23749.7
206116 24066.8
207025 23794.6
207936 23736.3
208849 24137.1
209764 24323.1
210681 24567
211600 24395.8
212521 24742.4
213444 24633.1
214369 24607.5
215296 24941.8
216225 23603.3
217156 25187.5
218089 25311.6
219024 25036
219961 25285.8
220900 25660.5
221841 25742.8
222784 25707.3
223729 26190.4
224676 26260.4
225625 26408.4
226576 26394.8
227529 26469.7
228484 26539.7
229441 25459.5
230400 24034.4
231361 25327.9
232324 26907.2
233289 27093.3
234256 27270.5
235225 27277.3
236196 27494.4
237169 27468.7
238144 27620.4
239121 27814.5
240100 28224.4
241081 28428.9
242064 28170.1
243049 28054.9
244036 28246.6
245025 28787.7
246016 28864.3
247009 28557.7
248004 28923.3
249001 28659.2
250000 29205.3
251001 29106.5
252004 29051.6
253009 29445.1
254016 29864.5
255025 30194.7
256036 29971.8
257049 29888.2
258064 30179.6
259081 30390.8
260100 30649.5
261121 30358.9
262144 31159.5
