16 7.814
64 34.204
144 89.111
256 171.975
400 289.99
576 439.542
784 624.606
1024 839.895
1296 1110.61
1600 1394.78
1936 1718.64
2304 2092.03
2704 2498.86
3136 2950.57
3600 3419.15
4096 3927.27
4624 4519.27
5184 5133.52
5776 5782.08
6400 6463.01
7056 7196.64
7744 7957.2
8464 8769.66
9216 9645.48
10000 10569.5
10816 11539.9
11664 12555.2
12544 13578.7
13456 14670.2
14400 15805.5
15376 16971.3
16384 18125.5
17424 19434.7
18496 20794.4
19600 22179
20736 23595.6
21904 25089.7
23104 26594.3
24336 28140.2
25600 29706.2
26896 31317.2
28224 31680.2
29584 33335.5
30976 35005.8
32400 36733.1
33856 39844.8
35344 42148.6
36864 44171.5
38416 45786.3
40000 46459.3
41616 48448.6
43264 50532.7
44944 53516.7
46656 49612.4
48400 58926.4
50176 60023.3
51984 62234.6
53824 64243.9
55696 66904.5
57600 68992.9
59536 71580.2
61504 73743.1
63504 77006.2
65536 81112.6
67600 79007.3
69696 72791.1
71824 75873.3
73984 91283.5
76176 95131.9
78400 100104
80656 101140
82944 102527
85264 106442
87616 111892
90000 115714
92416 99119.6
94864 109365
97344 123448
99856 125922
102400 129924
104976 137208
107584 140041
110224 142595
112896 132848
115600 149188
118336 150715
121104 159660
123904 162953
126736 166413
129600 153483
132496 154624
135424 157458
138384 178642
141376 181469
144400 193499
147456 176639
150544 199385
153664 203462
156816 206099
160000 211889
163216 191456
166464 216546
169744 227142
173056 232219
176400 230812
179776 217586
183184 242556
186624 246273
190096 248233
193600 248048
197136 268181
200704 275700
204304 266795
207936 261987
211600 288349
215296 290874
219024 292847
222784 302193
226576 313694
230400 296268
234256 312304
238144 323148
242064 323056
246016 312884
250000 342551
254016 338754
258064 346687
262144 365833
