16 7.682
64 35.549
144 91.024
256 177.879
400 296.665
576 447.406
784 635.4
1024 857.164
1296 1113.51
1600 1420.88
1936 1740.89
2304 2053
2704 2440.16
3136 2899.8
3600 3495.03
4096 4018.42
4624 4624.97
5184 5228.51
5776 5898.44
6400 6598.22
7056 7352.22
7744 8129.59
8464 8959.44
9216 9851.47
10000 10770
10816 11746.8
11664 12764.9
12544 13845
13456 14926.8
14400 16079.1
15376 17284.3
16384 18548.7
17424 19821
18496 19028.2
19600 18697.7
20736 19876.1
21904 21105.7
23104 22381.9
24336 23689.2
25600 25026.9
26896 26430
28224 33237.1
29584 35410.8
30976 37218.6
32400 38889.3
33856 39695.5
35344 41517.3
36864 43475.4
38416 46796.9
40000 48463
41616 49659.1
43264 51847.6
44944 53874.7
46656 56538
48400 59105.4
50176 60974.8
51984 65552.8
53824 68031.3
55696 68269.7
57600 70298.8
59536 73855.3
61504 78188
63504 78121.6
65536 80851.2
67600 85888.6
69696 87228.1
71824 90621.4
73984 93453.4
76176 98559.7
78400 101259
80656 87481
82944 90818.7
85264 107138
87616 113208
90000 118372
92416 119493
94864 126042
97344 129061
99856 127959
102400 113318
104976 133149
107584 139361
110224 142810
112896 146171
115600 152140
118336 158064
121104 148040
123904 164295
126736 167669
129600 176793
132496 180327
135424 179141
138384 157753
141376 192551
144400 194901
147456 197760
150544 207825
153664 180040
156816 212273
160000 218892
163216 227275
166464 224105
169744 207500
173056 237761
176400 241142
179776 249945
183184 219677
186624 259721
190096 266468
193600 270100
197136 275380
200704 280859
204304 290112
207936 271716
211600 285488
215296 300622
219024 307291
222784 282105
226576 320911
230400 326065
234256 301128
238144 333031
242064 342793
246016 315177
250000 353412
254016 357354
258064 353931
262144 375747
