16 8.227
64 37.07
144 95.232
256 182.758
400 303.889
576 461.325
784 651.295
1024 878.855
1296 1140.14
1600 1452.28
1936 1782.81
2304 2163.85
2704 2590.66
3136 3066.39
3600 3553.5
4096 4084.43
4624 4679.69
5184 5312.98
5776 5982.62
6400 6690.69
7056 7474.42
7744 8272.46
8464 9112.29
9216 10012.4
10000 10935.8
10816 11930.2
11664 12945.8
12544 14011.7
13456 15160.9
14400 16309.7
15376 17515
16384 18735.2
17424 20054.4
18496 21672.6
19600 22729.5
20736 23770.3
21904 25696.9
23104 25979.4
24336 23833.8
25600 25187.8
26896 26598.4
28224 28022.4
29584 29518.4
30976 31143.1
32400 38828.9
33856 41286.5
35344 43323.2
36864 45355.4
38416 47437.3
40000 49551.4
41616 51738.6
43264 53992.3
44944 56262.5
46656 58573.9
48400 61000.5
50176 63384.8
51984 65924
53824 68468
55696 71088.4
57600 67715.8
59536 76419.5
61504 79063.8
63504 81858
65536 84604.5
67600 88682.2
69696 90468.7
71824 93530.3
73984 96583.1
76176 99706.8
78400 103187
80656 98044.3
82944 99352.9
85264 112615
87616 115803
90000 117012
92416 122780
94864 126282
97344 129893
99856 132531
102400 114118
104976 129559
107584 144839
110224 148624
112896 152557
115600 156468
118336 157798
121104 147959
123904 168537
126736 172684
129600 176789
132496 181107
135424 178422
138384 171362
141376 194296
144400 198471
147456 201022
150544 207930
153664 206805
156816 216525
160000 216978
163216 223697
166464 226018
169744 228483
173056 237074
176400 237463
179776 242216
183184 224517
186624 258065
190096 257952
193600 260895
197136 268718
200704 281005
204304 288802
207936 287514
211600 280564
215296 293689
219024 298322
222784 307855
226576 320928
230400 328755
234256 299324
238144 334288
242064 339121
246016 311196
250000 355616
254016 363724
258064 353635
262144 370448
