16 8.761
64 33.087
144 84.53
256 152.111
400 254.448
576 398.224
784 528.47
1024 728.404
1296 927.378
1600 1172.14
1936 1459.22
2304 1767.07
2704 2116.49
3136 2502.4
3600 2933.68
4096 3388.28
4624 3901.14
5184 4445.78
5776 5031.6
6400 5674.03
7056 6356.71
7744 7110.92
8464 7890.3
9216 8682.4
10000 9273.7
10816 10241.2
11664 11426.5
12544 12902.8
13456 14173.1
14400 15475.2
15376 16993.9
16384 18491.1
17424 20038.9
18496 21903.5
19600 23932.6
20736 26078.7
21904 28075.5
23104 30348.4
24336 32699.4
25600 35382.5
26896 38305.8
28224 40788.4
29584 44113.8
30976 47072.8
32400 50396.1
33856 53903.1
35344 57667.8
36864 61523.9
38416 65711.1
40000 70090.6
41616 74430.7
43264 79221.2
44944 83826
46656 89280.3
48400 94932.2
50176 100672
51984 106412
53824 113105
55696 119796
57600 127552
59536 135302
61504 142181
63504 150867
65536 160452
67600 171249
69696 180982
71824 190357
73984 202235
76176 212548
78400 226520
80656 237395
82944 248391
85264 265690
87616 281114
90000 296131
92416 313677
94864 328361
97344 344254
99856 362921
102400 382738
104976 402896
107584 421826
110224 443846
112896 463933
115600 489934
118336 508341
121104 533443
123904 560955
126736 585963
129600 614298
132496 645384
135424 673366
138384 699899
141376 726600
144400 766901
147456 797007
150544 831791
153664 872534
156816 905862
160000 944362
163216 981660
166464 1.02489e+06
169744 1.07411e+06
173056 1.1165e+06
176400 1.15708e+06
179776 1.20737e+06
183184 1.25725e+06
186624 1.30374e+06
190096 1.35475e+06
193600 1.41019e+06
197136 1.46174e+06
200704 1.51805e+06
204304 1.57553e+06
207936 1.63324e+06
211600 1.6825e+06
215296 1.7569e+06
219024 1.81115e+06
222784 1.87745e+06
226576 1.94599e+06
230400 2.02042e+06
234256 2.08759e+06
238144 2.16498e+06
242064 2.23674e+06
246016 2.30041e+06
250000 2.37981e+06
254016 2.45121e+06
258064 2.54701e+06
262144 2.62988e+06
