16 8.016
64 32.839
144 81.562
256 147.846
400 244.456
576 360.456
784 547.572
1024 694.01
1296 892.952
1600 1123.91
1936 1400.26
2304 1704.4
2704 2055.49
3136 2445.69
3600 2879.68
4096 3347.41
4624 3936.17
5184 4514.25
5776 5156.04
6400 5881.54
7056 6598.94
7744 7439.06
8464 8358.81
9216 9474.37
10000 10784.2
10816 12199.6
11664 13741.3
12544 15376.4
13456 17114
14400 19004.9
15376 21280.7
16384 23285.6
17424 25805.3
18496 28683.3
19600 31274.2
20736 34321.7
21904 37987.2
23104 41227.2
24336 45800.4
25600 48933.1
26896 52582.2
28224 56810.8
29584 61446.3
30976 66449
32400 71580.1
33856 76989.5
35344 82877.3
36864 89096.9
38416 95969
40000 102102
41616 111005
43264 119080
44944 125759
46656 134106
48400 144101
50176 154273
51984 165132
53824 176036
55696 190132
57600 202545
59536 216483
61504 233136
63504 250896
65536 264547
67600 285590
69696 303817
71824 322413
73984 344738
76176 368429
78400 395080
80656 420305
82944 448521
85264 474879
87616 500140
90000 535945
92416 565507
94864 602981
97344 630030
99856 675676
102400 712798
104976 752930
107584 799384
110224 837795
112896 884257
115600 937281
118336 988179
121104 1.03533e+06
123904 1.08838e+06
126736 1.1426e+06
129600 1.20916e+06
132496 1.26083e+06
135424 1.32231e+06
138384 1.39576e+06
141376 1.46183e+06
144400 1.52938e+06
147456 1.59938e+06
150544 1.66424e+06
153664 1.74875e+06
156816 1.83121e+06
160000 1.90916e+06
163216 1.98577e+06
166464 2.07325e+06
169744 2.1613e+06
173056 2.26025e+06
176400 2.34919e+06
179776 2.43808e+06
183184 2.54063e+06
186624 2.63775e+06
190096 2.74705e+06
193600 2.85542e+06
197136 2.97147e+06
200704 3.06623e+06
204304 3.16876e+06
207936 3.32079e+06
211600 3.44002e+06
215296 3.53844e+06
219024 3.67907e+06
222784 3.80056e+06
226576 3.94409e+06
230400 4.07581e+06
234256 4.20409e+06
238144 4.3624e+06
242064 4.5071e+06
246016 4.70025e+06
250000 4.8688e+06
254016 4.99359e+06
258064 5.18328e+06
262144 5.35326e+06
