16 5.282
64 19.069
144 50.141
256 93.927
400 154.478
576 234.412
784 334.809
1024 450.227
1296 597.864
1600 764.204
1936 927.493
2304 1141.95
2704 1357.01
3136 1601.15
3600 1879.74
4096 2143.02
4624 2473.89
5184 2858.42
5776 3175.25
6400 3576.79
7056 3951
7744 4346.29
8464 4754.65
9216 5266.98
10000 5738.73
10816 6371.43
11664 6916.61
12544 7489.9
13456 8062.76
14400 8722.58
15376 9332.02
16384 9995.91
17424 10763.2
18496 11478.2
19600 12243.8
20736 13041.7
21904 13843
23104 14725.5
24336 15645.2
25600 16375.6
26896 17252.2
28224 18219.3
29584 19140.4
30976 20118.9
32400 21163.9
33856 22137.2
35344 23279.2
36864 24283.8
38416 24862.8
40000 25639.3
41616 26779.4
43264 27954.5
44944 29101.8
46656 30470.2
48400 32875.7
50176 34200.2
51984 35462.7
53824 36871.9
55696 38228.3
57600 39631.3
59536 41066.7
61504 42482.9
63504 43540.8
65536 45126.5
67600 45208
69696 46792.5
71824 48789.7
73984 50312.9
76176 52295.5
78400 54089.2
80656 56856.3
82944 58984.5
85264 59182.9
87616 61309.7
90000 63006.5
92416 64623
94864 65994
97344 68505.2
99856 70600.5
102400 74116.6
104976 75318.4
107584 75331.4
110224 78993
112896 82357.5
115600 84415.2
118336 86340.5
121104 85247.3
123904 87603.9
126736 93130
129600 95300.3
132496 97739.9
135424 98148.1
138384 98441
141376 100794
144400 104220
147456 109920
150544 109558
153664 110993
156816 117508
160000 115425
163216 118629
166464 120589
169744 123198
173056 130497
176400 132319
179776 131055
183184 136261
186624 142113
190096 143686
193600 147839
197136 150694
200704 151472
204304 154578
207936 159599
211600 161410
215296 159091
219024 164117
222784 170837
226576 174735
230400 178325
234256 181389
238144 183632
242064 187663
246016 189586
250000 191252
254016 197774
258064 220867
262144 206269
