16 9.68
64 36.037
144 89.245
256 167.276
400 274.484
576 422.746
784 570.56
1024 766.048
1296 994.188
1600 1242.14
1936 1532.1
2304 1859.68
2704 2202.18
3136 2578.06
3600 2993.09
4096 3462.2
4624 3959.83
5184 4474.3
5776 5001.47
6400 5601.36
7056 6208.92
7744 6877.86
8464 7607.6
9216 8309.91
10000 9095.5
10816 9737.9
11664 10251
12544 11059.9
13456 11967.3
14400 12832.8
15376 13815.1
16384 14810.8
17424 15869.2
18496 16905.1
19600 17966.8
20736 19123.7
21904 20230.3
23104 22250.8
24336 23443
25600 24854.8
26896 26247.4
28224 27565.9
29584 29006.4
30976 30489.8
32400 31971.1
33856 33552.3
35344 35177.4
36864 36808.3
38416 38419.2
40000 40103.2
41616 41880.2
43264 43572.1
44944 45324
46656 47194.5
48400 49030.9
50176 51046.4
51984 53127.5
53824 55104.4
55696 55641.8
57600 56484.5
59536 58385.8
61504 61100.6
63504 65456.1
65536 67889.3
67600 70310.4
69696 72500.3
71824 74843.4
73984 77295.9
76176 79583.6
78400 82142.5
80656 84774.5
82944 87708.4
85264 86223.1
87616 91000.9
90000 95100.3
92416 97898.1
94864 100660
97344 103183
99856 106004
102400 109152
104976 112543
107584 115055
110224 113244
112896 116767
115600 124306
118336 127010
121104 129230
123904 132813
126736 137016
129600 139689
132496 141039
135424 147076
138384 150580
141376 154455
144400 158075
147456 161637
150544 160530
153664 163382
156816 172056
160000 174649
163216 178787
166464 184536
169744 179404
173056 188121
176400 191361
179776 187988
183184 196981
186624 201442
190096 210358
193600 214801
197136 219000
200704 223914
204304 218475
207936 231843
211600 235085
215296 238695
219024 236433
222784 245955
226576 252620
230400 258197
234256 258614
238144 267720
242064 269664
246016 276683
250000 272527
254016 287587
258064 292655
262144 296643
