16 12.579
64 26.252
144 60.522
256 112.255
400 179.193
576 287.106
784 380.339
1024 519.847
1296 651.357
1600 811.498
1936 995.348
2304 1196.01
2704 1412.18
3136 1652.67
3600 1912.9
4096 2220.62
4624 2498.78
5184 2814.02
5776 3137.64
6400 3516.12
7056 3900.33
7744 4326.74
8464 4747.3
9216 5188.62
10000 5606.64
10816 6109.16
11664 6608.21
12544 7141.42
13456 7741.17
14400 8257.11
15376 8866.33
16384 9548.75
17424 10146.7
18496 10771
19600 11382.2
20736 12108.9
21904 12800.6
23104 13550.1
24336 14292
25600 15125.8
26896 15974.1
28224 16793.2
29584 17611.4
30976 18371.2
32400 18809.5
33856 19556.5
35344 20457.6
36864 21364.9
38416 22208
40000 23122.2
41616 24141.8
43264 25443.5
44944 27259.5
46656 28339.4
48400 29460.2
50176 30610
51984 31803.3
53824 33090
55696 34225.3
57600 34841.9
59536 36041.5
61504 38048.4
63504 39408.6
65536 40943.6
67600 42194.8
69696 43466.3
71824 44779.6
73984 46212.7
76176 47504.3
78400 48864.2
80656 50825.8
82944 51899.3
85264 52782.9
87616 53372.7
90000 55804
92416 57069.1
94864 59006.9
97344 61133.4
99856 62986.1
102400 64373.1
104976 65733.7
107584 68430.8
110224 70023.2
112896 71848.3
115600 73572
118336 75414.8
121104 77344.6
123904 78902.4
126736 77912.5
129600 79884.2
132496 84421.9
135424 87177.3
138384 89098.9
141376 90882.3
144400 91380.8
147456 95126.7
150544 97028.4
153664 99399.7
156816 100803
160000 98331.3
163216 101934
166464 107850
169744 109650
173056 111406
176400 112461
179776 114755
183184 118055
186624 121038
190096 120134
193600 126000
197136 128433
200704 130943
204304 133508
207936 136155
211600 139644
215296 138963
219024 137186
222784 146108
226576 148679
230400 149510
234256 152176
238144 156032
242064 154782
246016 159153
250000 165345
254016 168305
258064 171514
262144 175336
