16 8.955
64 31.833
144 77.137
256 136.426
400 228.911
576 334.555
784 462.956
1024 593.833
1296 790.946
1600 1000.16
1936 1176.26
2304 1439.51
2704 1716.76
3136 1994.04
3600 2289.32
4096 2567.01
4624 3069.21
5184 3400.3
5776 3799.78
6400 4221.11
7056 4658.34
7744 5053.8
8464 5557.19
9216 6175.15
10000 6769.48
10816 7362.9
11664 7931.41
12544 8541.16
13456 9238.55
14400 9806.77
15376 10389.5
16384 10974.8
17424 11927.7
18496 12828.4
19600 13675.6
20736 14528.3
21904 15389.4
23104 16238.4
24336 17075.7
25600 18045.4
26896 19044.4
28224 19898
29584 20771.8
30976 21633.9
32400 22563.9
33856 23740.1
35344 25084.3
36864 26382.6
38416 27612.5
40000 28820.1
41616 30131
43264 31406.6
44944 32574.9
46656 33868.2
48400 35054.4
50176 36458.8
51984 37944.4
53824 39357.8
55696 40601.5
57600 41842.1
59536 43297.1
61504 44393.1
63504 45630.6
65536 46875.1
67600 48902.5
69696 50878
71824 52791.8
73984 54789.1
76176 56540.9
78400 58349.2
80656 60087
82944 61890.4
85264 63806.5
87616 65622.8
90000 67334.3
92416 69166.9
94864 71555
97344 72812.7
99856 74757
102400 76903.5
104976 79125.7
107584 81114.8
110224 82896
112896 84755.5
115600 86545.7
118336 88479.5
121104 90336.3
123904 92210.2
126736 94014.3
129600 95667.1
132496 94690.4
135424 97390.7
138384 103962
141376 106860
144400 109576
147456 112252
150544 114940
153664 117690
156816 120586
160000 122665
163216 125332
166464 128159
169744 130933
173056 133320
176400 135743
179776 138495
183184 141248
186624 144067
190096 146693
193600 149073
197136 151699
200704 154800
204304 158808
207936 161003
211600 163711
215296 166981
219024 169195
222784 170463
226576 174244
230400 177464
234256 180371
238144 183425
242064 186010
246016 188822
250000 191764
254016 193688
258064 196884
262144 199360
