16 5.648
64 21.967
144 58.596
256 107.666
400 188.984
576 291.849
784 425.97
1024 545.837
1296 741.139
1600 920.084
1936 1096.11
2304 1362.79
2704 1646.52
3136 1965.48
3600 2231.88
4096 2546.49
4624 2955.61
5184 3387.77
5776 3862.29
6400 4358.9
7056 4851.29
7744 5180.9
8464 5751.64
9216 6364.01
10000 6984.79
10816 7706.24
11664 8402.46
12544 9148.58
13456 9751.07
14400 10403.4
15376 11058.5
16384 11769.9
17424 12696.3
18496 13681.1
19600 14565.8
20736 15546.7
21904 16652.6
23104 17760.3
24336 18913.3
25600 19872.5
26896 20916.1
28224 21859.7
29584 22831.5
30976 23564.3
32400 24684.7
33856 26361.2
35344 27495.9
36864 28869.8
38416 30553.3
40000 32068.8
41616 33611.1
43264 35171.2
44944 36827.3
46656 38403.1
48400 40120.2
50176 41761.6
51984 43152.7
53824 44571.6
55696 46005.9
57600 47460.4
59536 48997.5
61504 50579.6
63504 52097.1
65536 54046.1
67600 56053.2
69696 58149.4
71824 60219.6
73984 62340.6
76176 64358.4
78400 66614.1
80656 68821.9
82944 71220.7
85264 73451
87616 75796.1
90000 78294.7
92416 80565.3
94864 83083
97344 85830.2
99856 88184
102400 90347.7
104976 92434.4
107584 94590.1
110224 96731.3
112896 98976.3
115600 103476
118336 92322.7
121104 88183.4
123904 104753
126736 110591
129600 113143
132496 116263
135424 119225
138384 122300
141376 127760
144400 117285
147456 131804
150544 134581
153664 137875
156816 139977
160000 144599
163216 150539
166464 139217
169744 132535
173056 158385
176400 161794
179776 161622
183184 165257
186624 172826
190096 146088
193600 178498
197136 183768
200704 182262
204304 186129
207936 181652
211600 176343
215296 200310
219024 201146
222784 200761
226576 201034
230400 190247
234256 216980
238144 216043
242064 221115
246016 216930
250000 231141
254016 234689
258064 237379
262144 234960
