16 5.775
64 37.208
144 71.309
256 145.626
400 237.146
576 364.523
784 489.112
1024 803.805
1296 991.988
1600 1292.83
1936 1735.04
2304 1899.67
2704 2150.97
3136 2350.12
3600 2775.53
4096 3306.48
4624 4070.2
5184 5075.06
5776 5395.08
6400 6245.55
7056 7024.24
7744 7821.48
8464 9019.76
9216 9838.04
10000 10455.9
10816 11916.5
11664 11968.7
12544 14082.2
13456 14621.2
14400 15255.9
15376 17182.6
16384 18542.7
17424 19186.4
18496 20913
19600 21505.9
20736 23650
21904 25534.2
23104 26494.4
24336 27664.5
25600 31253
26896 32007.8
28224 32769.4
29584 35993.7
30976 39705.9
32400 37577.3
33856 39460.9
35344 41065.1
36864 40704.5
38416 44028.6
40000 46934.4
41616 53987.8
43264 52345
44944 50793.8
46656 58040.3
48400 61071.5
50176 60566.1
51984 64669.5
53824 65675.3
55696 67099.4
57600 69634.2
59536 74095.5
61504 76539.3
63504 75037
65536 86046.9
67600 85389.8
69696 95416.3
71824 90652.7
73984 91748.4
76176 95320.9
78400 99030.3
80656 107899
82944 107217
85264 107889
87616 111264
90000 120595
92416 111577
94864 123678
97344 123405
99856 131636
102400 131021
104976 139666
107584 138807
110224 150859
112896 144547
115600 152451
118336 157698
121104 164197
123904 170994
126736 180019
129600 173656
132496 187032
135424 178682
138384 187994
141376 179944
144400 199855
147456 195232
150544 214960
153664 210665
156816 206990
160000 214170
163216 215341
166464 235601
169744 245070
173056 243340
176400 240657
179776 253195
183184 252790
186624 249957
190096 256063
193600 260774
197136 263443
200704 292308
204304 283116
207936 283976
211600 282033
215296 290537
219024 308984
222784 318537
226576 313671
230400 339187
234256 320916
238144 327886
242064 351225
246016 373084
250000 346835
254016 367920
258064 375755
262144 357933
