16 6.49
64 25.521
144 66.019
256 113.717
400 193.619
576 300.396
784 432.752
1024 540.985
1296 727.008
1600 933.817
1936 1116.79
2304 1384.93
2704 1669.22
3136 1994.39
3600 2266.05
4096 2584.53
4624 2999.83
5184 3425.26
5776 3907.93
6400 4400.7
7056 4810.79
7744 5264.41
8464 5803.32
9216 6438.67
10000 7088.54
10816 7779.66
11664 8509.47
12544 9274.59
13456 9890.39
14400 10535.6
15376 11239.6
16384 11992.2
17424 12910.6
18496 13859.1
19600 14810.9
20736 15902.8
21904 16915.7
23104 17995.7
24336 19183.1
25600 20201
26896 21131
28224 22121.6
29584 23110.9
30976 24152.2
32400 25261.4
33856 26641.4
35344 27677
36864 28855.8
38416 30127.8
40000 31958.5
41616 33554.7
43264 35565.7
44944 39423.3
46656 38807.5
48400 40607.7
50176 41518.5
51984 41911.5
53824 43270.6
55696 44673
57600 47952.6
59536 49608.6
61504 51125.7
63504 52747.4
65536 54736.5
67600 56682.2
69696 58222.9
71824 60315.6
73984 62202.2
76176 64610.8
78400 65917.4
80656 69131.6
82944 70184.9
85264 68636.3
87616 75209.9
90000 76686.6
92416 79325.4
94864 81225.3
97344 86723.5
99856 89071.8
102400 89923.9
104976 91593.3
107584 94982.7
110224 97852
112896 102307
115600 100740
118336 100435
121104 103333
123904 109480
126736 111711
129600 113230
132496 116032
135424 115706
138384 113696
141376 123341
144400 128642
147456 127801
150544 131069
153664 138146
156816 140311
160000 144348
163216 149652
166464 147135
169744 153793
173056 159666
176400 160200
179776 166204
183184 170571
186624 168864
190096 174800
193600 181798
197136 179560
200704 184387
204304 190506
207936 189111
211600 197655
215296 199620
219024 201450
222784 206090
226576 205106
230400 210399
234256 210393
238144 218081
242064 226083
246016 217470
250000 232911
254016 233567
258064 239583
262144 237947
