4 105
8 224
12 315
16 458
20 587
24 720
28 796
32 988
36 1087
40 1203
44 1340
48 1255
52 1422
56 1638
60 1790
64 2083
68 2068
72 2149
76 2495
80 2594
84 2654
88 2647
92 3019
96 3127
100 3350
104 3330
108 3331
112 3953
116 3832
120 3940
124 3993
128 4198
132 4674
136 4615
140 4751
144 4971
148 5170
152 5250
156 5208
160 5465
164 5965
168 6028
172 6152
176 6273
180 6644
184 6668
188 6621
192 6956
196 7295
200 7292
204 7538
208 7626
212 7846
216 8123
220 8431
224 8268
228 8362
232 8388
236 8862
240 8904
244 9000
248 9239
252 9613
256 9978
260 9971
264 10094
268 10045
272 10418
276 10552
280 10892
284 10629
288 11138
292 11377
296 11633
300 11514
304 11877
308 11922
312 12385
316 12406
320 12510
324 12983
328 13222
332 13316
336 13281
340 13748
344 14282
348 14151
352 14383
356 14345
360 14904
364 14838
368 15082
372 15085
376 15470
380 15314
384 15883
388 16298
392 16573
396 16686
400 16890
404 16986
408 17390
412 17357
416 17574
420 17832
424 17879
428 18189
432 18251
436 18480
440 18970
444 19188
448 18977
452 19316
456 19870
460 19594
464 19971
468 19880
472 20463
476 20436
480 20352
484 21072
488 21200
492 21400
496 20989
500 21243
504 21930
508 22267
512 22382
516 22181
520 22686
524 22952
528 23082
532 22861
536 23493
540 23403
544 23649
548 23986
552 24390
556 24357
560 24590
564 24720
568 25019
572 24896
576 25450
580 25554
584 25633
588 26068
592 25804
596 26277
600 26652
604 27348
608 27166
612 27903
616 27842
620 28488
624 28539
628 28770
632 28450
636 29380
640 29071
644 29262
648 29740
652 29719
656 30062
660 30241
664 30499
668 30473
672 31191
676 31191
680 31440
684 31713
688 31642
692 31908
696 32470
700 32068
704 32283
708 32383
712 33034
716 33183
720 33230
724 33298
728 33943
732 33715
736 33979
740 33920
744 34258
748 34817
752 35056
756 34743
760 35223
764 35764
768 36308
772 35996
776 36405
780 36577
784 37113
788 37225
792 38259
796 37815
800 38154
804 37995
808 38359
812 38736
816 39138
820 38860
824 39816
828 39473
832 39830
836 39622
840 40516
844 40155
848 40712
852 41020
856 41359
860 40594
864 41091
868 41003
872 41847
876 41387
880 42431
884 41924
888 43183
892 42602
896 43511
900 43662
904 44063
908 43735
912 44177
916 43554
920 45040
924 44102
928 44262
932 44591
936 45682
940 45315
944 45510
948 44973
952 45712
956 45819
960 46323
964 45859
968 46738
972 46905
976 47287
980 47622
984 47537
988 46947
992 48140
996 47222
1000 48576
1004 48235
1008 49012
1012 48582
1016 48669
1020 49253
1024 50126
