4 98
8 241
12 345
16 530
20 675
24 781
28 941
32 1162
36 1339
40 1389
44 1570
48 1839
52 1967
56 2062
60 2235
64 2405
68 2474
72 2677
76 2810
80 2992
84 3307
88 3452
92 3666
96 3974
100 4106
104 4138
108 4242
112 4554
116 4790
120 5158
124 5135
128 5359
132 5632
136 5635
140 5848
144 6090
148 6226
152 6379
156 6844
160 6888
164 7233
168 7537
172 7409
176 7713
180 7826
184 7986
188 8351
192 8601
196 8925
200 8801
204 9192
208 9049
212 9447
216 9701
220 9727
224 10212
228 10023
232 10474
236 10349
240 11028
244 11297
248 11319
252 11684
256 12038
260 12218
264 12552
268 12669
272 12948
276 13147
280 12995
284 13337
288 13552
292 13686
296 13787
300 14059
304 14378
308 14574
312 14985
316 14938
320 15300
324 15630
328 15847
332 16037
336 16053
340 16634
344 16832
348 16918
352 17208
356 17602
360 17397
364 17930
368 18080
372 18208
376 18598
380 19200
384 18857
388 19439
392 19373
396 19650
400 20145
404 20486
408 20539
412 20517
416 20778
420 20839
424 21202
428 21413
432 21921
436 21574
440 22191
444 22690
448 22690
452 22981
456 23353
460 23373
464 23690
468 24154
472 24256
476 24737
480 24775
484 25018
488 25531
492 25441
496 25440
500 25679
504 26052
508 26375
512 26739
516 27211
520 26817
524 27269
528 27893
532 28019
536 28187
540 28400
544 28667
548 29071
552 29407
556 29171
560 29589
564 29801
568 30396
572 30189
576 30429
580 31178
584 31300
588 31220
592 31890
596 32396
600 32676
604 32747
608 32993
612 33246
616 33188
620 33458
624 33921
628 34151
632 34467
636 34903
640 35345
644 35560
648 35801
652 35714
656 36034
660 36453
664 36316
668 36077
672 37057
676 37055
680 37384
684 37461
688 38749
692 38458
696 38767
700 39244
704 38939
708 39333
712 39671
716 39937
720 39826
724 39867
728 40274
732 40704
736 40798
740 41097
744 41339
748 41410
752 41864
756 42536
760 42504
764 43006
768 43521
772 44367
776 43879
780 44171
784 44551
788 43991
792 44909
796 44777
800 45374
804 45365
808 45499
812 46081
816 46305
820 46955
824 46817
828 46645
832 47370
836 47321
840 47113
844 47724
848 48389
852 48235
856 48342
860 49305
864 49508
868 50099
872 50034
876 49817
880 50617
884 50913
888 50922
892 51506
896 51273
900 52229
904 52271
908 52633
912 52530
916 53049
920 53452
924 53766
928 53860
932 54316
936 54697
940 54947
944 55299
948 55320
952 55904
956 55947
960 56532
964 56594
968 56601
972 57220
976 56991
980 57891
984 57665
988 58228
992 58279
996 58457
1000 59089
1004 59099
1008 58505
1012 59698
1016 60054
1020 59842
1024 60087
