4 0.204
16 0.56
36 1.197
64 2.228
100 3.503
144 5.077
196 7.24
256 10.181
324 12.779
400 16.134
484 20.558
576 23.912
676 28.265
784 33.257
900 38.44
1024 43.607
1156 48.236
1296 55.149
1444 60.421
1600 67.574
1764 75.283
1936 84.036
2116 89.692
2304 97.768
2500 105.328
2704 115.752
2916 125.055
3136 138.072
3364 146.444
3600 154.838
3844 170.241
4096 177.227
4356 189.655
4624 199.453
4900 207.819
5184 230.461
5476 238.663
5776 249.157
6084 266.45
6400 281.379
6724 293.111
7056 309.299
7396 389.424
7744 354.443
8100 374.837
8464 375.907
8836 397.439
9216 473.363
9604 440.735
10000 479.471
10404 473.431
10816 565.044
11236 522.28
11664 555.823
12100 564.74
12544 584.138
12996 602.071
13456 616.337
13924 685.036
14400 667.782
14884 684.745
15376 694.464
15876 718.999
16384 744.252
16900 817.776
17424 778.479
17956 821.096
18496 954.875
19044 1166.96
19600 937.4
20164 973.888
20736 962.765
21316 995.946
21904 1019.18
22500 1097.13
23104 1089.04
23716 1111.01
24336 1488.69
24964 1226.04
25600 1375.54
26244 1211.4
26896 1297.67
27556 1296.28
28224 1301.08
28900 1357.54
29584 1364.56
30276 1400.32
30976 1500.73
31684 1504.04
32400 1528.24
33124 1559.75
33856 1597.52
34596 1644.61
35344 1662.04
36100 1719.22
36864 1740.23
37636 1782.04
38416 1882.08
39204 1861.83
40000 1830
40804 1873.2
41616 1944.16
42436 1966.96
43264 1999.76
44100 2066.26
44944 2121.92
45796 2303.98
46656 2228.21
47524 2221.62
48400 2281.17
49284 2333.02
50176 2445.68
51076 2484.94
51984 2534.39
52900 2596.12
53824 2536.13
54756 2555.02
55696 2620.23
56644 2704.08
57600 2787.34
58564 2847.69
59536 2880.88
60516 2944.2
61504 3014.97
62500 3004.41
63504 3059.99
64516 3032.32
65536 3062.41
66564 3137.72
67600 3279.64
68644 3238.58
69696 3296.44
70756 3471.5
71824 3541.55
72900 3510.93
73984 3518.82
75076 3565.11
76176 3682.23
77284 3752.29
78400 3854.26
79524 3844.78
80656 3828.78
81796 3987.05
82944 4034.1
84100 4035.67
85264 4205.43
86436 4287.68
87616 4169.8
88804 4314.64
90000 4406.11
91204 4495.29
92416 4453.29
93636 4477.59
94864 4574.94
96100 4732.59
97344 4763.84
98596 4713.64
99856 4834.6
101124 4972.15
102400 4965.94
103684 5142.12
104976 5009.17
106276 5261.6
107584 5191.64
108900 5197.28
110224 5412.9
111556 5557.37
112896 5484.98
114244 5596.69
115600 5721.71
116964 5643.77
118336 5799.98
119716 5956.48
121104 5795.66
122500 6051.01
123904 6140.02
125316 6359.56
126736 6342.13
128164 6475.94
129600 6435.18
131044 6391.7
132496 6591.36
133956 6507.72
135424 6759.09
136900 6836.8
138384 6792.25
139876 7005.84
141376 6872.49
142884 7189.22
144400 7194.05
145924 7182.9
147456 7374.35
148996 7320.6
150544 7686.89
152100 7429.48
153664 7642.47
155236 7632.72
156816 7912.85
158404 7850.71
160000 8046.55
161604 8011.18
163216 8236.58
164836 8395.59
166464 8434.03
168100 8440.64
169744 8743.82
171396 8620.89
173056 8620.67
174724 8866.8
176400 8898.08
178084 8877.01
179776 8999.88
181476 9000.03
183184 9246.5
184900 9297.74
186624 9397.24
188356 9498.78
190096 9543.3
191844 9755.46
193600 9670.2
195364 9864.73
197136 9924.12
198916 10041.9
200704 10087.1
202500 10200.1
204304 10187
206116 10544.4
207936 10450.5
209764 10693.2
211600 10699.9
213444 10727.6
215296 10830.1
217156 11009.6
219024 10973.8
220900 11332.2
222784 11701.4
224676 11431.1
226576 11588.6
228484 11767.2
230400 12304.9
232324 12177.6
234256 12232.3
236196 12027.1
238144 12149
240100 12227.7
242064 12263.3
244036 12515.6
246016 12945
248004 13175.1
250000 13097.1
252004 13060.1
254016 12932.7
256036 13022.2
258064 13153.4
260100 13318.7
262144 13253.1
