4 36
8 57
12 74
16 95
20 109
24 113
28 140
32 157
36 182
40 206
44 222
48 246
52 258
56 285
60 298
64 326
68 349
72 375
76 391
80 416
84 445
88 459
92 487
96 507
100 532
104 556
108 584
112 591
116 622
120 646
124 662
128 706
132 739
136 754
140 783
144 807
148 835
152 857
156 887
160 907
164 941
168 965
172 991
176 1009
180 1039
184 1064
188 1084
192 1103
196 1140
200 1168
204 1185
208 1218
212 1240
216 1269
220 1297
224 1316
228 1340
232 1378
236 1401
240 1420
244 1445
248 1489
252 1506
256 1524
260 1598
264 1624
268 1639
272 1656
276 1702
280 1716
284 1748
288 1761
292 1800
296 1823
300 1864
304 1885
308 1928
312 1959
316 1979
320 2016
324 2044
328 2075
332 2106
336 2129
340 2163
344 2187
348 2199
352 2242
356 2277
360 2315
364 2332
368 2367
372 2390
376 2417
380 2449
384 2474
388 2503
392 2548
396 2565
400 2576
404 2619
408 2649
412 2692
416 2748
420 2756
424 2763
428 2798
432 2834
436 2849
440 2903
444 2925
448 2986
452 2982
456 3012
460 3018
464 3103
468 3084
472 3109
476 3151
480 3176
484 3194
488 3237
492 3259
496 3294
500 3319
504 3358
508 3382
512 3409
516 3440
520 3481
524 3513
528 3555
532 3585
536 3611
540 3661
544 3695
548 3714
552 3773
556 3793
560 3826
564 3869
568 3878
572 3933
576 3950
580 3978
584 4012
588 4043
592 4102
596 4130
600 4148
604 4182
608 4216
612 4244
616 4291
620 4339
624 4357
628 4375
632 4431
636 4443
640 4484
644 4535
648 4573
652 4601
656 4638
660 4643
664 4683
668 4723
672 4752
676 4796
680 4842
684 4855
688 4905
692 4918
696 4972
700 5004
704 5024
708 5053
712 5084
716 5110
720 5153
724 5209
728 5224
732 5253
736 5269
740 5315
744 5343
748 5452
752 5426
756 5458
760 5502
764 5545
768 5578
772 5607
776 5610
780 5650
784 5693
788 5739
792 5767
796 5804
800 5824
804 5854
808 5981
812 6081
816 6047
820 6084
824 6097
828 6197
832 6187
836 6203
840 6246
844 6277
848 6327
852 6344
856 6383
860 6406
864 6470
868 6494
872 6513
876 6549
880 6585
884 6613
888 6650
892 6673
896 6698
900 6756
904 6793
908 6820
912 6864
916 6892
920 6919
924 6961
928 6988
932 7025
936 7052
940 7180
944 7135
948 7167
952 7185
956 7241
960 7256
964 7302
968 7345
972 7372
976 7487
980 7531
984 7493
988 7508
992 7512
996 7581
1000 7626
1004 7635
1008 7680
1012 7704
1016 7737
1020 7767
1024 7816
