4 0.237
16 0.585
36 1.213
64 1.931
100 3.256
144 4.611
196 6.98
256 9.073
324 12.212
400 16.067
484 20.878
576 26.972
676 34.382
784 43.016
900 50.955
1024 64.468
1156 72.111
1296 84.911
1444 99.146
1600 115.445
1764 133.687
1936 155.856
2116 175.788
2304 207.947
2500 213.157
2704 239.538
2916 334.462
3136 306.905
3364 341.773
3600 376.337
3844 421.333
4096 459.999
4356 506.448
4624 570.571
4900 637.773
5184 696.771
5476 773.133
5776 818.81
6084 896.838
6400 971.662
6724 1051.97
7056 1145.11
7396 1212.22
7744 1319.87
8100 1422.51
8464 1521.55
8836 1652.03
9216 1799.07
9604 1923.53
10000 2017.96
10404 2223.11
10816 2355.67
11236 2489.84
11664 2688.13
12100 2919.5
12544 3071.77
12996 3241.14
13456 3514.38
13924 3678.56
14400 3936.43
14884 4184.75
15376 4477.85
15876 4660.36
16384 4971.78
16900 5365.03
17424 5608.25
17956 6058.77
18496 6243.65
19044 6694.28
19600 7035.94
20164 7496.75
20736 7922.93
21316 8303.02
21904 8861.09
22500 9332.16
23104 9936.46
23716 10426.4
24336 10909.3
24964 11518
25600 12137.7
26244 12865.7
26896 13581
27556 13872.1
28224 14664.9
28900 15409.5
29584 16835.7
30276 16926.7
30976 17662.2
31684 18442.4
32400 19306.3
33124 19947.4
33856 21118.6
34596 21978.2
35344 22712.3
36100 23609.3
36864 24830
37636 25911.4
38416 27859.6
39204 28115.2
40000 29069.4
40804 30286.6
41616 31846.3
42436 32641.5
43264 33829
44100 35032.4
44944 36261.6
45796 37462.2
46656 38967.9
47524 40541.9
48400 41475.9
49284 43544.4
50176 45139.1
51076 46723.8
51984 48140.3
52900 49583.7
53824 51830.5
54756 53225.7
55696 54722.8
56644 56929.5
57600 58691.3
58564 61190.2
59536 63156.4
60516 65331.4
61504 67520.7
62500 69436.9
63504 72062.6
64516 74175.3
65536 76570.8
66564 79505.9
67600 81369.5
68644 85174.9
69696 87065.7
70756 90056.3
71824 93399.5
72900 96719.7
73984 99281.4
75076 101694
76176 104424
77284 108193
78400 110943
79524 114673
80656 118177
81796 121475
82944 124961
84100 129407
85264 132417
86436 136916
87616 140426
88804 144924
90000 148659
91204 154423
92416 158320
93636 162179
94864 167497
96100 172857
97344 177126
98596 183213
99856 187490
101124 192308
102400 198155
103684 203885
104976 210543
106276 215808
107584 221355
108900 226907
110224 233136
111556 240095
112896 245735
114244 252668
115600 260080
116964 268453
118336 273674
119716 280718
121104 289484
122500 297668
123904 303698
125316 314088
126736 319862
128164 328042
129600 335859
131044 344436
132496 353589
133956 362544
135424 372968
136900 379932
138384 389611
139876 397784
141376 408946
142884 417067
144400 427826
145924 437750
147456 446585
148996 457903
150544 467659
152100 480048
153664 492791
155236 505716
156816 513654
158404 526287
160000 538048
161604 553994
163216 561439
164836 575170
166464 588654
168100 601944
169744 615463
171396 627194
173056 644234
174724 655565
176400 670074
178084 685502
179776 699437
181476 713960
183184 731306
184900 746454
186624 762836
188356 774589
190096 794162
191844 813024
193600 828378
195364 844499
197136 862903
198916 880683
200704 897486
202500 915282
204304 935100
206116 952752
207936 976859
209764 993517
211600 1.0115e+06
213444 1.0303e+06
215296 1.05071e+06
217156 1.0751e+06
219024 1.09232e+06
220900 1.11458e+06
222784 1.13673e+06
224676 1.15994e+06
226576 1.18121e+06
228484 1.20365e+06
230400 1.22482e+06
232324 1.24968e+06
234256 1.2721e+06
236196 1.29372e+06
238144 1.31876e+06
240100 1.35673e+06
242064 1.37647e+06
244036 1.38646e+06
246016 1.41079e+06
248004 1.43712e+06
250000 1.46756e+06
252004 1.49037e+06
254016 1.51643e+06
256036 1.54e+06
258064 1.56898e+06
260100 1.59589e+06
262144 1.62435e+06
