4 64
8 114
12 166
16 215
20 280
24 338
28 402
32 454
36 535
40 606
44 866
48 719
52 781
56 851
60 909
64 973
68 1066
72 1154
76 1225
80 1298
84 1405
88 1492
92 1576
96 1656
100 1769
104 1796
108 1905
112 1985
116 2130
120 2178
124 2264
128 2387
132 2533
136 2634
140 2731
144 2821
148 2925
152 3016
156 3140
160 3255
164 3364
168 3341
172 3519
176 3677
180 4194
184 3835
188 3909
192 4020
196 4198
200 4315
204 4470
208 4577
212 4667
216 4767
220 4865
224 4977
228 5096
232 5215
236 5382
240 5502
244 5618
248 5687
252 5759
256 5937
260 6112
264 6263
268 6274
272 6462
276 6519
280 6726
284 6793
288 7325
292 7462
296 7622
300 7736
304 7743
308 7945
312 8009
316 8145
320 8295
324 8535
328 8653
332 8823
336 8618
340 8842
344 8760
348 9076
352 9119
356 9424
360 9571
364 9754
368 9925
372 10163
376 10163
380 10371
384 10461
388 10621
392 10841
396 11041
400 11092
404 11202
408 11291
412 11471
416 11879
420 11909
424 12054
428 12330
432 12351
436 12634
440 12768
444 13078
448 13135
452 13394
456 13570
460 13879
464 14056
468 14245
472 14418
476 14471
480 14777
484 14823
488 15149
492 15466
496 15638
500 15886
504 16067
508 16199
512 16512
516 16742
520 16953
524 17088
528 17165
532 17340
536 17463
540 17748
544 18055
548 18182
552 17887
556 18412
560 18426
564 18635
568 18934
572 19363
576 19637
580 20094
584 20128
588 20344
592 20532
596 20973
600 21275
604 21189
608 21638
612 21698
616 22068
620 22367
624 22470
628 23055
632 22944
636 23185
640 23833
644 23800
648 23901
652 24304
656 24705
660 24601
664 25047
668 25085
672 25254
676 25281
680 25560
684 26021
688 26245
692 26678
696 26980
700 27165
704 27199
708 27733
712 27698
716 27982
720 28450
724 28267
728 28715
732 28515
736 28755
740 29011
744 29068
748 29796
752 30031
756 30284
760 30541
764 30604
768 30700
772 31324
776 31753
780 31885
784 32050
788 32307
792 32475
796 33081
800 33161
804 33662
808 33967
812 33889
816 34240
820 34856
824 35271
828 34640
832 34870
836 35420
840 36209
844 36767
848 36512
852 36470
856 37197
860 36941
864 37202
868 38084
872 38364
876 38726
880 38901
884 39183
888 39373
892 39502
896 39959
900 40121
904 40283
908 40800
912 41075
916 41539
920 41939
924 42162
928 42154
932 42178
936 42843
940 43435
944 43485
948 43934
952 44246
956 44523
960 45103
964 45460
968 45837
972 46144
976 46159
980 46322
984 46347
988 47631
992 47697
996 48326
1000 48480
1004 48726
1008 48853
1012 49108
1016 49390
1020 50031
1024 50178
