4 0.629
16 0.787
36 2.096
64 3.536
100 6.086
144 8.591
196 12.131
256 15.614
324 21.421
400 25.88
484 32.478
576 39.331
676 47.345
784 54.145
900 63.04
1024 71.879
1156 82.778
1296 93.87
1444 104.173
1600 117.726
1764 129.14
1936 145.593
2116 160.419
2304 179.014
2500 200.423
2704 205.99
2916 216.653
3136 234.09
3364 254.167
3600 270.523
3844 295.944
4096 310.791
4356 338.741
4624 359.204
4900 394.289
5184 393.404
5476 420.932
5776 441.964
6084 461.541
6400 491.957
6724 517.95
7056 543.642
7396 576.527
7744 605.221
8100 630.774
8464 662.629
8836 699.131
9216 728.56
9604 765.554
10000 795.743
10404 831.301
10816 869.385
11236 880.072
11664 911.056
12100 944.202
12544 984.23
12996 1022.7
13456 1087.77
13924 1143.19
14400 1139.83
14884 1234.63
15376 1272.28
15876 1311.2
16384 1295.65
16900 1398.35
17424 1411.07
17956 1506.48
18496 1497.93
19044 1557.42
19600 1603.25
20164 1648.2
20736 1703.6
21316 1761.46
21904 1836.03
22500 1877.22
23104 1958.39
23716 2007.74
24336 1999.22
24964 2093.25
25600 2120.56
26244 2176.79
26896 2231.71
27556 2286.92
28224 2377.7
28900 2411.31
29584 2482.3
30276 2556.39
30976 2610.52
31684 2700.57
32400 2787.16
33124 2826.78
33856 2887.24
34596 2933.79
35344 3009.86
36100 3124.04
36864 3129.43
37636 3210.59
38416 3290.21
39204 3363.65
40000 3522.76
40804 3602.11
41616 3587.85
42436 3661.85
43264 3802.78
44100 3924.69
44944 3947.09
45796 3977.18
46656 4022.15
47524 4093.93
48400 4284.69
49284 4370.15
50176 4393.66
51076 4442.7
51984 4616.07
52900 4728.79
53824 4746.59
54756 4825.15
55696 4906.79
56644 5052.84
57600 5057.62
58564 5190.24
59536 5297.04
60516 5513.24
61504 5598.48
62500 5536.9
63504 5591.96
64516 5851.33
65536 5804.54
66564 5977.11
67600 6078.57
68644 6274.19
69696 6258.5
70756 6373.14
71824 6498.98
72900 6591.53
73984 6764.97
75076 6719.5
76176 6898.18
77284 7150.36
78400 7105.22
79524 7294.41
80656 7250.7
81796 7457.82
82944 7536.52
84100 7745.76
85264 7773.28
86436 7943.6
87616 8057.2
88804 8349.6
90000 8285.34
91204 8311.6
92416 8455.14
93636 8563.79
94864 8823.82
96100 8731.41
97344 8950.79
98596 8999.67
99856 9216.15
101124 9251.78
102400 9472.27
103684 9575.31
104976 9667.98
106276 9760.03
107584 9957.2
108900 9940.93
110224 10165.4
111556 10293.7
112896 10362.5
114244 10563.9
115600 10573.2
116964 10900.4
118336 11058.9
119716 11171
121104 11422.6
122500 11503.1
123904 11551.3
125316 11888.3
126736 11682
128164 11944.3
129600 12092.4
131044 12342.9
132496 12391.3
133956 12466.5
135424 12734.6
136900 13029.8
138384 13207.8
139876 13255.6
141376 13291.3
142884 13602.5
144400 13628.5
145924 13690.1
147456 13965.4
148996 14420.6
150544 14456.3
152100 14560.2
153664 14616.2
155236 14766.8
156816 14830.3
158404 15154.6
160000 15287.5
161604 15543.2
163216 15578.6
164836 15637.5
166464 15882.7
168100 15965.3
169744 16359.4
171396 16261.1
173056 16491.5
174724 16865.2
176400 16995.7
178084 16955.6
179776 17181.3
181476 17436.1
183184 17717.6
184900 17833.8
186624 17846.6
188356 17927
190096 18256.7
191844 18187.1
193600 18526
195364 18777.4
197136 18741.6
198916 19016.9
200704 19379.6
202500 19724.7
204304 19694.9
206116 19629.8
207936 19936.1
209764 20131.3
211600 20402.1
213444 20548.9
215296 20823.9
217156 20829.7
219024 21032
220900 21232.5
222784 21440.9
224676 21636.5
226576 21811.5
228484 21983.9
230400 22210.7
232324 22399.1
234256 23480.1
236196 22931.7
238144 23006.7
240100 23230.9
242064 23886.7
244036 23960.6
246016 24229
248004 24308.4
250000 24355.3
252004 24370
254016 24709.3
256036 24729
258064 24905.9
260100 25074.8
262144 25306.3
