4 151
8 274
12 419
16 539
20 745
24 858
28 990
32 1064
36 1312
40 1364
44 1611
48 1667
52 1836
56 1882
60 2157
64 2103
68 2383
72 2429
76 2609
80 2689
84 2971
88 3113
92 3315
96 3373
100 3504
104 3538
108 3727
112 3783
116 4153
120 4162
124 4325
128 4260
132 4629
136 4718
140 4937
144 4873
148 5171
152 5318
156 5465
160 5549
164 5793
168 5978
172 6274
176 6273
180 6503
184 6489
188 6710
192 6661
196 6925
200 7011
204 7146
208 7147
212 7382
216 7498
220 7515
224 7576
228 7952
232 8105
236 8279
240 8297
244 8603
248 8560
252 8636
256 8629
260 8970
264 9107
268 9293
272 9402
276 9630
280 9616
284 9753
288 9779
292 10061
296 10234
300 10417
304 10380
308 10592
312 10756
316 10914
320 11004
324 11298
328 11453
332 11725
336 11788
340 12295
344 12301
348 12450
352 12581
356 12869
360 12976
364 13184
368 13116
372 13290
376 13222
380 13377
384 13390
388 13779
392 13816
396 14025
400 14112
404 14309
408 14273
412 14424
416 14506
420 14778
424 14980
428 15114
432 15027
436 15262
440 15322
444 15446
448 15575
452 16100
456 16048
460 16382
464 16651
468 16903
472 16922
476 17098
480 17097
484 17278
488 17440
492 17515
496 17459
500 17626
504 17645
508 17750
512 17660
516 17988
520 18294
524 18449
528 18654
532 18813
536 18996
540 19138
544 19309
548 19552
552 19388
556 19626
560 19716
564 19867
568 19904
572 20114
576 20088
580 20465
584 20614
588 20751
592 20974
596 21324
600 21238
604 21152
608 21275
612 21544
616 21693
620 21904
624 21778
628 22101
632 22258
636 22019
640 22066
644 22491
648 22713
652 22908
656 23137
660 23530
664 23554
668 24235
672 24036
676 24608
680 24710
684 24829
688 25392
692 25211
696 25294
700 25659
704 25428
708 25570
712 25682
716 25887
720 26080
724 26378
728 26445
732 26463
736 26423
740 26666
744 27238
748 26815
752 27240
756 27393
760 27363
764 27663
768 27727
772 28042
776 28048
780 28277
784 28381
788 28614
792 28799
796 28967
800 29097
804 29304
808 29327
812 29327
816 29389
820 29609
824 29576
828 29690
832 29718
836 30211
840 30442
844 30290
848 30627
852 30777
856 30710
860 30800
864 30946
868 31715
872 31323
876 31397
880 31316
884 31472
888 31529
892 31614
896 32308
900 32806
904 32625
908 33029
912 33056
916 33358
920 33557
924 33826
928 33985
932 34303
936 34255
940 34438
944 34496
948 34656
952 35069
956 34966
960 34849
964 35071
968 35345
972 35383
976 35510
980 35606
984 35510
988 35468
992 35757
996 35814
1000 35708
1004 35919
1008 35867
1012 36025
1016 35890
1020 35925
1024 36133
