4 4.374
16 0.641
36 1.142
64 1.748
100 2.957
144 3.882
196 5.225
256 6.768
324 8.902
400 10.735
484 13.528
576 15.328
676 19.103
784 21.188
900 24.373
1024 27.966
1156 31.078
1296 35.006
1444 40.164
1600 44.07
1764 48.275
1936 53.068
2116 57.824
2304 62.013
2500 68.889
2704 76.839
2916 81.718
3136 87.141
3364 93.424
3600 98.564
3844 120.786
4096 115.499
4356 125.094
4624 129.862
4900 140.885
5184 148.716
5476 162.685
5776 168.673
6084 176.606
6400 194.565
6724 194.719
7056 203.051
7396 217.409
7744 255.238
8100 247.038
8464 258.515
8836 274.503
9216 278.452
9604 295.199
10000 307.822
10404 322.836
10816 347.823
11236 355.379
11664 367.256
12100 378.219
12544 390.521
12996 407.313
13456 436.333
13924 443.527
14400 455.438
14884 509.822
15376 512.072
15876 527.748
16384 521.279
16900 538.856
17424 581.287
17956 595.576
18496 603.278
19044 628.846
19600 652.479
20164 668.835
20736 691.402
21316 720.082
21904 732.031
22500 741.793
23104 762.886
23716 809.631
24336 818.442
24964 838.639
25600 864.82
26244 882.8
26896 901.507
27556 927.97
28224 944.238
28900 962.049
29584 1004.33
30276 1035.2
30976 1088.39
31684 1112.89
32400 1085.89
33124 1109.6
33856 1164.99
34596 1205.22
35344 1207.59
36100 1215.9
36864 1226.89
37636 1264.59
38416 1296.48
39204 1387.62
40000 1389.2
40804 1387.9
41616 1416.02
42436 1469.87
43264 1526.45
44100 1552.56
44944 1564.74
45796 1577.51
46656 1615.68
47524 1630.38
48400 1671.49
49284 1681.06
50176 1754
51076 1780.14
51984 1788.31
52900 1813.63
53824 1844.51
54756 1890.93
55696 1892.51
56644 1927.55
57600 1949.86
58564 2016.4
59536 2130.03
60516 2103.03
61504 2133.91
62500 2154.63
63504 2184.85
64516 2205.42
65536 2231.51
66564 2288.61
67600 2385.11
68644 2437.03
69696 2431.46
70756 2469.15
71824 2467.21
72900 2492.18
73984 2510.79
75076 2625.41
76176 2616.51
77284 2659.77
78400 2714.57
79524 2748.03
80656 2780.4
81796 2867
82944 2943.94
84100 2911.44
85264 3012.41
86436 3084.45
87616 3130.71
88804 3164.56
90000 3176.86
91204 3198.45
92416 3251.31
93636 3308.54
94864 3314.83
96100 3364.05
97344 3400.74
98596 3430.72
99856 3496.49
101124 3781.64
102400 3605.79
103684 3697.24
104976 3777.35
106276 3727.21
107584 3758.44
108900 3829
110224 3869.34
111556 3884.63
112896 3901.51
114244 3941.43
115600 4000.05
116964 4107.02
118336 4221.66
119716 4243.59
121104 4303.24
122500 4325.94
123904 4351.56
125316 4410.91
126736 4437.53
128164 4482.96
129600 4522.27
131044 4547.53
132496 4614.58
133956 4760.61
135424 4707.32
136900 4792.26
138384 4884.45
139876 4964.81
141376 5012.52
142884 5031.8
144400 5054
145924 5091.62
147456 5099.88
148996 5175.14
150544 5279.91
152100 5332.48
153664 5392.24
155236 5442.02
156816 5534.23
158404 5600.94
160000 5632.81
161604 5705.12
163216 5720.48
164836 5794.08
166464 5885.01
168100 5986.53
169744 6105.26
171396 6098.94
173056 6273.91
174724 6341.8
176400 6408.07
178084 6470.38
179776 6493.73
181476 6482.91
183184 6464.9
184900 6792.28
186624 6710.38
188356 6665.6
190096 6792.67
191844 6845.48
193600 7118.26
195364 6951.13
197136 7060.07
198916 7077.87
200704 7191
202500 7256.63
204304 7210.43
206116 7442.97
207936 8167.17
209764 7514.57
211600 7533.28
213444 7572.31
215296 7623.16
217156 7767.37
219024 7736.33
220900 7909.39
222784 7891.48
224676 7881.74
226576 8016.17
228484 8055.64
230400 8136
232324 8200.79
234256 8621.5
236196 8538.23
238144 8807.86
240100 8849.01
242064 8723.59
244036 8816.76
246016 8860.98
248004 8918.21
250000 8992.27
252004 9049.34
254016 9097.88
256036 9150.68
258064 9174.85
260100 9171.84
262144 9395.02
