4 0.326
16 0.411
36 0.692
64 0.725
100 1.284
144 1.497
196 1.939
256 2.416
324 3.335
400 3.903
484 4.77
576 5.495
676 7.041
784 8.15
900 9.404
1024 9.644
1156 11.28
1296 13.31
1444 15.731
1600 16.768
1764 18.488
1936 19.858
2116 21.235
2304 24.048
2500 26.295
2704 29.928
2916 32.566
3136 35.976
3364 38.562
3600 40.651
3844 42.462
4096 43.272
4356 47.361
4624 51.053
4900 54.71
5184 58.745
5476 64.062
5776 69.18
6084 73.251
6400 75.365
6724 81.01
7056 81.296
7396 84.656
7744 89.277
8100 89.429
8464 97.836
8836 100.837
9216 108.488
9604 111.547
10000 116.829
10404 124.937
10816 132.861
11236 139.466
11664 148.227
12100 153.441
12544 159.251
12996 163.957
13456 171.138
13924 170.664
14400 180.279
14884 192.173
15376 187.972
15876 187.479
16384 192.834
16900 197.789
17424 211.058
17956 223.973
18496 228.483
19044 233.283
19600 245.491
20164 248.623
20736 262.747
21316 274.051
21904 283.356
22500 293.714
23104 306.009
23716 312.271
24336 323.598
24964 344.185
25600 332.293
26244 346.801
26896 359.189
27556 356.034
28224 412.425
28900 377.065
29584 376.128
30276 385.532
30976 398.323
31684 395.58
32400 398.494
33124 414.021
33856 422.261
34596 439.915
35344 447.378
36100 456.441
36864 486.536
37636 479.388
38416 496.106
39204 516.577
40000 519.188
40804 535.217
41616 558.19
42436 572.892
43264 588.507
44100 599.685
44944 615.801
45796 640.782
46656 678.285
47524 656.032
48400 676.423
49284 704.298
50176 713.696
51076 706.876
51984 725.851
52900 735.472
53824 753.891
54756 745.907
55696 752.528
56644 764.997
57600 790.671
58564 795.778
59536 797.674
60516 810.414
61504 831.037
62500 833.953
63504 832.778
64516 833.484
65536 856.095
66564 878.275
67600 883.856
68644 903.629
69696 944.191
70756 944.603
71824 954.501
72900 977.706
73984 1013.06
75076 1009.3
76176 1034.28
77284 1055.26
78400 1086.16
79524 1087.25
80656 1102.95
81796 1128.18
82944 1154.17
84100 1197.14
85264 1290.01
86436 1228.55
87616 1259.59
88804 1267.36
90000 1296.91
91204 1341.18
92416 1349.94
93636 1346.24
94864 1374.52
96100 1407.48
97344 1422.12
98596 1483.8
99856 1488.36
101124 1464.69
102400 1467.15
103684 1510.93
104976 1528.49
106276 1545.11
107584 1578.9
108900 1567.39
110224 1571.08
111556 1583.2
112896 1620.93
114244 1584.7
115600 1636.61
116964 1613.03
118336 1620.03
119716 1659.19
121104 1658.66
122500 1677.67
123904 1727.45
125316 1699.36
126736 1706.13
128164 1702.65
129600 1720.29
131044 1753.88
132496 1815.91
133956 1785.47
135424 1830.19
136900 1849.69
138384 1888.42
139876 1917.64
141376 2101.25
142884 1938.84
144400 1971.75
145924 2003.7
147456 2055.27
148996 2072.51
150544 2064.61
152100 2099.42
153664 2128.2
155236 2188.47
156816 2223.12
158404 2228.67
160000 2230.72
161604 2246.15
163216 2291.89
164836 2339.06
166464 2375.7
168100 2406.97
169744 2450.97
171396 2474.01
173056 2535.21
174724 2549.77
176400 2560.95
178084 2589.91
179776 2630.81
181476 2696.01
183184 2667.14
184900 2673.66
186624 2649.51
188356 2681.09
190096 2731.6
191844 2762.69
193600 2801.49
195364 2848.88
197136 2956.03
198916 3029.47
200704 3044.24
202500 3023.12
204304 3228.07
206116 3160.81
207936 3182.47
209764 3383.7
211600 3324.56
213444 3286.2
215296 3301.96
217156 3312.37
219024 3198.82
220900 3220.92
222784 3365.89
224676 3283.89
226576 3295.02
228484 3336.32
230400 3509.82
232324 3396.38
234256 3403.8
236196 3406.24
238144 3429.33
240100 3666.59
242064 3737.75
244036 3755.6
246016 3558.94
248004 3591.67
250000 3579.07
252004 3700.03
254016 3596.19
256036 3605.28
258064 3677.38
260100 3646.04
262144 3701.95
