4 82
8 184
12 365
16 409
20 578
24 649
28 765
32 940
36 1131
40 1260
44 1498
48 1479
52 1754
56 1779
60 1958
64 2002
68 2401
72 2478
76 2693
80 2767
84 2877
88 3029
92 3556
96 3382
100 3439
104 3832
108 3870
112 4220
116 4224
120 4392
124 4363
128 4792
132 5092
136 5017
140 5343
144 5504
148 5775
152 5550
156 6085
160 6178
164 6228
168 6345
172 6872
176 6786
180 7201
184 7202
188 7516
192 7285
196 7557
200 7793
204 8058
208 7859
212 8371
216 8894
220 8445
224 8624
228 9186
232 9352
236 9416
240 9799
244 9937
248 10068
252 10274
256 10312
260 10345
264 10940
268 11005
272 11120
276 11224
280 11324
284 11317
288 12188
292 12000
296 12442
300 12581
304 12964
308 12874
312 13225
316 13177
320 13855
324 13908
328 13601
332 13785
336 14178
340 14709
344 14691
348 14721
352 15078
356 15245
360 15432
364 15510
368 15980
372 15903
376 16323
380 16439
384 15898
388 17159
392 17163
396 17627
400 16682
404 17288
408 17663
412 18434
416 18391
420 18652
424 18256
428 18717
432 19131
436 19860
440 19206
444 19548
448 19770
452 20177
456 20664
460 20412
464 20773
468 20990
472 21003
476 21141
480 21327
484 21988
488 21631
492 21836
496 22600
500 22241
504 22706
508 23515
512 23073
516 23159
520 23757
524 23734
528 23436
532 24399
536 24386
540 24313
544 24583
548 24438
552 24917
556 25001
560 26111
564 25568
568 26101
572 25828
576 26475
580 27029
584 27118
588 26597
592 27554
596 26933
600 27216
604 27797
608 28174
612 28364
616 28617
620 28121
624 29159
628 28245
632 29239
636 29415
640 29556
644 30024
648 29651
652 30808
656 30303
660 30978
664 30978
668 31573
672 31642
676 31578
680 31770
684 31597
688 31894
692 32136
696 31997
700 32340
704 32245
708 33173
712 33604
716 33049
720 34463
724 34052
728 34083
732 34198
736 34004
740 34983
744 34537
748 34930
752 34469
756 36001
760 35735
764 37228
768 36024
772 35364
776 36450
780 37349
784 37957
788 37024
792 37202
796 37466
800 38648
804 38869
808 39086
812 37968
816 38621
820 38664
824 39620
828 39904
832 40278
836 40457
840 40433
844 40843
848 40939
852 40931
856 42418
860 41719
864 41771
868 42550
872 41557
876 41992
880 42121
884 43581
888 41828
892 42548
896 42837
900 43714
904 42585
908 44495
912 43495
916 45263
920 44160
924 44770
928 44422
932 45005
936 45975
940 46052
944 45412
948 46520
952 46748
956 46829
960 46792
964 47404
968 47493
972 47188
976 47887
980 47965
984 48933
988 47413
992 48001
996 49140
1000 48145
1004 49159
1008 49055
1012 49233
1016 49652
1020 50471
1024 50175
