4 58
8 103
12 140
16 162
20 224
24 252
28 245
32 279
36 371
40 413
44 457
48 489
52 512
56 540
60 534
64 585
68 666
72 715
76 768
80 810
84 872
88 951
92 957
96 1009
100 1024
104 1055
108 1088
112 1108
116 1116
120 1118
124 1095
128 1157
132 1330
136 1336
140 1438
144 1423
148 1517
152 1556
156 1606
160 1643
164 1754
168 1823
172 1932
176 1973
180 1975
184 2005
188 2082
192 2138
196 2149
200 2149
204 2226
208 2238
212 2247
216 2279
220 2384
224 2349
228 2414
232 2351
236 2389
240 2446
244 2400
248 2397
252 2400
256 2470
260 2631
264 2601
268 2732
272 2769
276 2876
280 2798
284 2964
288 2992
292 2981
296 3010
300 3183
304 3210
308 3248
312 3271
316 3333
320 3423
324 3570
328 3602
332 3634
336 3682
340 3828
344 3821
348 4005
352 4106
356 4123
360 4094
364 4052
368 4051
372 4133
376 4258
380 4355
384 4412
388 4424
392 4416
396 4364
400 4381
404 4538
408 4518
412 4594
416 4650
420 4687
424 4661
428 4611
432 4664
436 4769
440 4859
444 4898
448 4858
452 4928
456 4869
460 4824
464 4862
468 4944
472 4952
476 4984
480 5127
484 5131
488 5089
492 5028
496 5070
500 5069
504 5046
508 5138
512 5247
516 5375
520 5298
524 5326
528 5354
532 5537
536 5557
540 5682
544 5865
548 5892
552 5887
556 5822
560 5942
564 5956
568 6059
572 6176
576 6226
580 6211
584 6181
588 6229
592 6241
596 6459
600 6552
604 6639
608 6663
612 6746
616 6785
620 6778
624 6785
628 6791
632 6842
636 6930
640 7086
644 7213
648 7294
652 7294
656 7334
660 7474
664 7475
668 7498
672 7516
676 7700
680 7750
684 7821
688 7895
692 8055
696 8213
700 8393
704 8545
708 8474
712 8496
716 8440
720 8428
724 8546
728 8480
732 8514
736 8557
740 8631
744 8722
748 8790
752 8916
756 9030
760 9039
764 9170
768 9209
772 9312
776 9346
780 9317
784 9366
788 9278
792 9231
796 9240
800 9220
804 9424
808 9520
812 9561
816 9500
820 9563
824 9438
828 9568
832 9656
836 9692
840 9718
844 9699
848 9655
852 9682
856 9642
860 9665
864 9611
868 9943
872 9955
876 10088
880 10218
884 10317
888 10225
892 10306
896 10292
900 10356
904 10433
908 10365
912 10322
916 10322
920 10213
924 10306
928 10312
932 10420
936 10470
940 10541
944 10493
948 10519
952 10547
956 10771
960 10846
964 10714
968 10722
972 10701
976 10613
980 10581
984 10623
988 10574
992 10645
996 10624
1000 10548
1004 10508
1008 10579
1012 10748
1016 10761
1020 10911
1024 11122
