2 58
4 99
6 189
8 223
10 281
12 365
14 422
16 498
18 588
20 729
22 838
24 852
26 928
28 1037
30 1066
32 1017
34 1249
36 1188
38 1318
40 1475
42 1510
44 1702
46 1705
48 1812
50 1878
52 1917
54 2001
56 2111
58 2258
60 2405
62 2478
64 2593
66 2605
68 2691
70 2601
72 2833
74 2988
76 2878
78 2994
80 3389
82 3478
84 3518
86 3433
88 3455
90 3781
92 3609
94 3575
96 4244
98 4417
100 4317
102 4308
104 4364
106 4448
108 4836
110 4864
112 4825
114 4991
116 4855
118 4966
120 5147
122 5161
124 5150
126 5351
128 5728
130 5616
132 5994
134 5944
136 6038
138 6102
140 6183
142 6205
144 6552
146 6636
148 6697
150 6807
152 6773
154 7040
156 7109
158 7167
160 7260
162 7371
164 7591
166 7826
168 7923
170 7808
172 7850
174 7807
176 7991
178 8386
180 8276
182 8180
184 8549
186 8503
188 8830
190 8682
192 8883
194 8943
196 9076
198 9178
200 9208
202 9420
204 9497
206 9391
208 9835
210 9907
212 10245
214 10167
216 10530
218 10717
220 10596
222 10606
224 10959
226 11036
228 10859
230 10921
232 11341
234 11578
236 11530
238 11913
240 11981
242 11929
244 11945
246 12100
248 12038
250 12187
252 12315
254 12199
256 12494
