2 56
4 100
6 144
8 169
10 288
12 311
14 401
16 442
18 517
20 565
22 583
24 756
26 798
28 777
30 816
32 1016
34 1035
36 1043
38 1170
40 1259
42 1392
44 1451
46 1303
48 1383
50 1647
52 1648
54 1662
56 1724
58 1883
60 1912
62 2066
64 2338
66 2235
68 2068
70 2172
72 2389
74 2571
76 2722
78 2716
80 2808
82 2772
84 2787
86 2904
88 2905
90 3165
92 3164
94 3298
96 3542
98 3554
100 3575
102 3558
104 3571
106 3735
108 3589
110 4056
112 4323
114 4230
116 4145
118 4332
120 4172
122 4230
124 4305
126 4416
128 4500
130 4837
132 4968
134 4899
136 4893
138 5011
140 5004
142 5161
144 5335
146 5318
148 5635
150 5704
152 5830
154 5869
156 5793
158 5653
160 6068
162 6244
164 6627
166 6495
168 6500
170 6596
172 6698
174 6845
176 6821
178 6777
180 7098
182 7095
184 7410
186 7357
188 7342
190 7377
192 7741
194 7695
196 7718
198 7653
200 7931
202 7981
204 8033
206 7903
208 8389
210 8250
212 8558
214 8609
216 8951
218 8933
220 9042
222 8879
224 9197
226 9138
228 9183
230 9370
232 9356
234 9638
236 9706
238 9861
240 10112
242 10099
244 10087
246 9945
248 10380
250 10168
252 10486
254 10559
256 11182
