2 0.122
4 0.147
6 0.194
8 0.265
10 0.334
12 0.39
14 0.462
16 0.498
18 0.54
20 0.588
22 0.553
24 0.673
26 0.697
28 0.678
30 0.693
32 0.746
34 0.748
36 0.782
38 0.854
40 0.965
42 0.918
44 0.981
46 0.963
48 1.1
50 1.1
52 1.125
54 1.101
56 1.165
58 1.203
60 1.318
62 1.259
64 1.411
66 1.436
68 1.587
70 1.413
72 1.596
74 1.658
76 1.776
78 1.53
80 1.885
82 1.738
84 1.931
86 1.8
88 2.208
90 2.102
92 2.403
94 1.932
96 2.655
98 2.379
100 2.486
102 2.259
104 2.96
106 2.408
108 2.805
110 2.226
112 3.237
114 2.625
116 2.724
118 2.461
120 3.614
122 2.897
124 3.068
126 2.485
128 3.688
130 2.934
132 2.868
134 2.782
136 3.328
138 3.027
140 2.955
142 2.939
144 3.433
146 3.256
148 3.296
150 3.197
152 3.935
154 3.573
156 3.469
158 3.435
160 4.345
162 4.163
164 3.989
166 3.785
168 4.43
170 4.172
172 4.026
174 4.045
176 4.931
178 4.963
180 4.673
182 4.373
184 5.291
186 4.916
188 4.755
190 4.629
192 5.75
194 5.52
196 5.413
198 4.999
200 5.748
202 5.672
204 13.992
206 5.542
208 6.213
210 6.146
212 6.161
214 5.721
216 6.465
218 6.068
220 6.084
222 6.021
224 6.804
226 6.789
228 6.444
230 6.263
232 7.117
234 6.917
236 6.657
238 6.624
240 7.708
242 7.579
244 7.123
246 7.004
248 8.055
250 7.592
252 7.76
254 7.511
256 8.811
