2 22
4 28
6 40
8 40
10 46
12 52
14 63
16 70
18 73
20 76
22 83
24 90
26 102
28 104
30 111
32 126
34 144
36 150
38 159
40 166
42 169
44 180
46 186
48 194
50 204
52 212
54 219
56 229
58 236
60 241
62 251
64 261
66 283
68 291
70 289
72 299
74 308
76 320
78 330
80 336
82 352
84 357
86 363
88 376
90 384
92 394
94 404
96 412
98 423
100 437
102 447
104 455
106 458
108 476
110 483
112 493
114 503
116 509
118 519
120 526
122 538
124 551
126 560
128 573
130 590
132 596
134 609
136 622
138 623
140 640
142 646
144 661
146 668
148 679
150 689
152 702
154 711
156 726
158 737
160 739
162 759
164 769
166 771
168 783
170 796
172 813
174 823
176 828
178 840
180 854
182 863
184 875
186 881
188 892
190 904
192 915
194 928
196 936
198 943
200 955
202 963
204 975
206 988
208 1000
210 1009
212 1015
214 1027
216 1043
218 1047
220 1061
222 1069
224 1080
226 1090
228 1106
230 1115
232 1122
234 1136
236 1145
238 1158
240 1167
242 1185
244 1195
246 1203
248 1208
250 1217
252 1234
254 1246
256 1257
