2 0.076
4 0.208
6 0.378
8 0.452
10 0.547
12 0.702
14 0.658
16 0.618
18 0.834
20 0.862
22 0.791
24 0.911
26 0.943
28 1.12
30 1.24
32 1.176
34 1.174
36 1.377
38 1.45
40 1.363
42 1.515
44 1.524
46 1.556
48 1.712
50 1.724
52 1.814
54 1.904
56 2.039
58 2.04
60 2.027
62 2.18
64 1.967
66 2.168
68 2.186
70 2.476
72 2.421
74 2.556
76 2.562
78 2.901
80 2.89
82 2.778
84 3.004
86 2.991
88 3.568
90 3.427
92 3.447
94 3.352
96 3.34
98 3.567
100 3.643
102 3.723
104 3.814
106 3.822
108 4.056
110 4.086
112 3.886
114 4.082
116 4.363
118 4.237
120 4.414
122 4.517
124 4.653
126 4.52
128 4.513
130 4.606
132 4.866
134 4.906
136 4.866
138 5.144
140 5.349
142 5.346
144 5.27
146 5.316
148 5.87
150 5.743
152 5.548
154 5.759
156 6.407
158 6.221
160 5.985
162 6.066
164 6.124
166 6.06
168 6.552
170 6.945
172 7.2
174 7.064
176 6.824
178 6.891
180 7.913
182 7.74
184 7.26
186 7.3
188 7.987
190 7.701
192 7.824
194 7.751
196 8.5
198 8.838
200 8.831
202 8.612
204 8.991
206 9.302
208 9.48
210 9.461
212 10.309
214 9.64
216 10.113
218 9.883
220 10.442
222 10.224
224 10.318
226 10.303
228 10.838
230 10.48
232 10.532
234 10.74
236 11.677
238 11.908
240 12.508
242 12.339
244 13.045
246 12.75
248 12.729
250 12.872
252 13.35
254 13.248
256 13.761
