2 0.061
4 0.124
6 0.218
8 0.215
10 0.186
12 0.256
14 0.223
16 0.206
18 0.28
20 0.379
22 0.363
24 0.36
26 0.358
28 0.371
30 0.41
32 0.455
34 0.548
36 0.559
38 0.594
40 0.597
42 0.612
44 0.62
46 0.651
48 0.695
50 0.731
52 0.744
54 0.777
56 0.804
58 0.832
60 0.909
62 0.951
64 0.974
66 1.054
68 1.14
70 1.165
72 1.126
74 1.225
76 1.244
78 1.231
80 1.259
82 1.29
84 1.36
86 1.391
88 1.442
90 1.458
92 1.942
94 1.991
96 1.553
98 1.588
100 1.645
102 1.714
104 1.812
106 1.862
108 1.923
110 1.969
112 1.945
114 2.037
116 2.04
118 2.097
120 2.082
122 2.117
124 2.222
126 2.255
128 2.309
130 2.418
132 2.404
134 2.409
136 2.403
138 2.536
140 2.577
142 2.562
144 2.674
146 2.763
148 2.801
150 2.847
152 2.896
154 2.939
156 3.016
158 3.059
160 3.112
162 3.154
164 3.222
166 3.262
168 3.385
170 3.335
172 3.395
174 3.442
176 3.489
178 3.455
180 3.525
182 3.568
184 3.716
186 3.752
188 3.801
190 3.852
192 3.904
194 3.956
196 4.042
198 4.162
200 4.169
202 4.18
204 4.231
206 4.29
208 4.345
210 4.393
212 4.476
214 4.522
216 4.567
218 4.628
220 4.669
222 4.733
224 4.785
226 4.826
228 4.909
230 5.027
232 5.052
234 5.088
236 5.143
238 5.181
240 5.22
242 5.262
244 5.356
246 5.422
248 5.474
250 5.521
252 5.559
254 5.628
256 5.675
