2 0.188
4 0.369
6 0.724
8 0.882
10 1.373
12 1.462
14 1.583
16 1.861
18 2.221
20 2.277
22 2.753
24 2.796
26 3.114
28 3.308
30 3.276
32 3.795
34 3.91
36 4.297
38 4.62
40 4.742
42 4.698
44 5.459
46 5.597
48 5.924
50 5.984
52 6.475
54 6.488
56 6.708
58 6.397
60 7.188
62 7.733
64 8.096
66 8.015
68 8.516
70 8.787
72 9.074
74 8.488
76 9.765
78 9.46
80 9.712
82 9.57
84 16.339
86 10.522
88 11.349
90 10.954
92 11.721
94 11.57
96 12.1
98 11.677
100 12.278
102 12.563
104 13.522
106 13.281
108 13.728
110 13.49
112 14.252
114 14.118
116 14.263
118 14.727
120 15.792
122 15.238
124 15.917
126 15.739
128 17.341
130 16.43
132 17.388
134 16.935
136 18.228
138 17.646
140 18.539
142 18.173
144 19.601
146 18.109
148 19.268
150 18.942
152 20.569
154 19.679
156 20.626
158 20.07
160 21.418
162 20.641
164 21.747
166 22.144
168 23.495
170 22.199
172 23.153
174 23.191
176 23.951
178 22.952
180 24.255
182 23.172
184 24.202
186 23.711
188 24.873
190 24.347
192 26.118
194 25.283
196 26.22
198 25.961
200 27.648
202 30.075
204 27.708
206 27.587
208 29.314
210 28.051
212 28.521
214 28.382
216 30.079
218 28.796
220 30.597
222 28.663
224 31.061
226 29.918
228 31.099
230 31.93
232 32.846
234 31.506
236 33.221
238 33.087
240 33.977
242 32.325
244 34.044
246 34.044
248 34.277
250 33.819
252 35.111
254 34.433
256 36.439
