2 56
4 136
6 196
8 258
10 351
12 399
14 474
16 508
18 617
20 681
22 770
24 830
26 873
28 913
30 999
32 1009
34 1134
36 1196
38 1263
40 1283
42 1430
44 1519
46 1608
48 1596
50 1677
52 1729
54 1802
56 1848
58 1949
60 2061
62 2034
64 2059
66 2170
68 2254
70 2315
72 2328
74 2451
76 2510
78 2527
80 2589
82 2708
84 2807
86 2916
88 2967
90 3072
92 3154
94 3129
96 3180
98 3274
100 3347
102 3419
104 3365
106 3583
108 3560
110 3598
112 3655
114 3834
116 3919
118 4022
120 4003
122 4070
124 4093
126 4151
128 4088
130 4270
132 4308
134 4402
136 4473
138 4566
140 4619
142 4636
144 4667
146 4823
148 4879
150 5017
152 4930
154 5042
156 5113
158 5147
160 5209
162 5357
164 5407
166 5542
168 5678
170 5789
172 5874
174 5920
176 5888
178 6022
180 6087
182 6142
184 6143
186 6188
188 6297
190 6293
192 6343
194 6460
196 6486
198 6639
200 6636
202 6743
204 6750
206 6760
208 6833
210 6981
212 7070
214 7088
216 7030
218 7142
220 7201
222 7272
224 7441
226 7573
228 7599
230 7707
232 7808
234 7973
236 7992
238 7969
240 7987
242 8135
244 8094
246 8207
248 8156
250 8279
252 8252
254 8250
256 8316
