2 1.2
4 0.271
6 0.305
8 0.358
10 0.368
12 0.463
14 0.552
16 0.61
18 0.673
20 0.691
22 0.757
24 0.838
26 0.851
28 0.918
30 1.019
32 1.101
34 1.13
36 1.17
38 1.229
40 1.299
42 1.337
44 1.472
46 1.535
48 1.581
50 1.586
52 1.678
54 1.737
56 1.856
58 1.9
60 1.988
62 1.977
64 2.083
66 2.117
68 2.212
70 2.325
72 2.327
74 2.325
76 2.428
78 2.459
80 2.527
82 2.58
84 2.702
86 2.859
88 2.918
90 2.939
92 3.018
94 3.053
96 3.06
98 3.151
100 3.203
102 3.293
104 3.301
106 3.454
108 3.494
110 4.85
112 3.643
114 3.662
116 3.8
118 3.855
120 3.846
122 3.998
124 4.028
126 3.98
128 4.123
130 4.102
132 4.127
134 4.192
136 4.373
138 4.416
140 4.433
142 18.421
144 4.363
146 4.45
148 4.602
150 4.623
152 4.682
154 4.753
156 4.797
158 4.839
160 4.884
162 4.994
164 5.047
166 5.162
168 5.305
170 5.465
172 5.517
174 5.536
176 5.639
178 5.581
180 5.67
182 5.74
184 5.791
186 5.926
188 5.911
190 5.942
192 6.011
194 6.035
196 6.082
198 6.159
200 6.205
202 6.267
204 6.301
206 6.378
208 6.408
210 6.52
212 6.642
214 6.711
216 6.731
218 6.795
220 6.853
222 6.905
224 6.924
226 7.034
228 7.137
230 7.273
232 7.382
234 7.429
236 7.465
238 8.847
240 7.586
242 7.707
244 7.771
246 7.75
248 7.791
250 7.862
252 7.978
254 7.935
256 8.023
