2 0.113
4 0.153
6 0.234
8 0.349
10 0.428
12 0.537
14 0.521
16 0.647
18 0.619
20 0.655
22 0.662
24 0.715
26 0.756
28 0.752
30 0.699
32 0.777
34 0.833
36 0.937
38 0.856
40 0.941
42 0.888
44 1.032
46 0.959
48 1.052
50 1.022
52 1.193
54 1.053
56 1.225
58 1.183
60 1.171
62 1.125
64 1.223
66 1.295
68 1.469
70 1.313
72 1.541
74 1.405
76 1.56
78 1.465
80 1.567
82 1.59
84 1.833
86 1.722
88 1.792
90 1.898
92 1.962
94 1.952
96 2.172
98 2.104
100 2.026
102 2.122
104 2.044
106 2.041
108 2.094
110 2.142
112 2.202
114 2.23
116 2.191
118 2.294
120 2.271
122 2.237
124 2.295
126 2.436
128 2.454
130 2.345
132 2.461
134 2.525
136 2.567
138 2.549
140 2.629
142 2.646
144 2.845
146 2.812
148 2.938
150 2.923
152 2.914
154 3.005
156 3.035
158 3.063
160 3.143
162 3.459
164 3.218
166 3.365
168 3.61
170 3.579
172 3.718
174 3.522
176 3.69
178 3.724
180 3.778
182 20.002
184 3.696
186 3.747
188 3.94
190 3.988
192 3.853
194 3.925
196 3.865
198 3.757
200 3.783
202 4.066
204 3.985
206 3.898
208 4.051
210 4.141
212 4.074
214 4.008
216 4.051
218 4.241
220 4.268
222 4.326
224 4.203
226 4.33
228 4.276
230 4.232
232 4.251
234 4.377
236 4.511
238 4.336
240 4.376
242 4.35
244 4.445
246 4.359
248 4.313
250 4.299
252 4.402
254 4.405
256 4.445
