2 52
4 65
6 152
8 149
10 246
12 272
14 264
16 366
18 458
20 473
22 548
24 593
26 633
28 638
30 670
32 745
34 801
36 890
38 996
40 1047
42 1161
44 1158
46 1213
48 1311
50 1273
52 1493
54 1525
56 1579
58 1638
60 1860
62 1782
64 1869
66 1993
68 1971
70 2052
72 2369
74 2283
76 2317
78 2353
80 2475
82 2441
84 2494
86 2698
88 2743
90 2811
92 3120
94 2984
96 2935
98 3202
100 3102
102 3129
104 3357
106 3285
108 3447
110 3533
112 3671
114 3984
116 3583
118 3917
120 4034
122 3730
124 4104
126 4056
128 4144
130 4299
132 4335
134 4453
136 4465
138 4412
140 4629
142 4726
144 4988
146 4965
148 5093
150 4899
152 5158
154 5236
156 5503
158 5521
160 5563
162 5377
164 5822
166 5104
168 5725
170 5787
172 6065
174 6122
176 6217
178 6320
180 6039
182 6249
184 6393
186 6259
188 6399
190 6479
192 6620
194 6693
196 6594
198 6704
200 6783
202 6976
204 7329
206 7262
208 7215
210 7088
212 7416
214 7240
216 7778
218 7704
220 7877
222 8036
224 7898
226 8316
228 8310
230 8182
232 7909
234 8098
236 8365
238 8519
240 8926
242 8414
244 8920
246 8926
248 9096
250 9296
252 8919
254 9328
256 9238
