2 38
4 36
6 42
8 63
10 78
12 91
14 90
16 118
18 131
20 137
22 151
24 156
26 172
28 181
30 191
32 204
34 241
36 245
38 287
40 271
42 319
44 322
46 343
48 353
50 358
52 361
54 372
56 380
58 382
60 361
62 371
64 397
66 462
68 472
70 497
72 504
74 536
76 555
78 578
80 579
82 626
84 664
86 696
88 705
90 696
92 710
94 745
96 728
98 766
100 773
102 770
104 780
106 790
108 808
110 842
112 804
114 817
116 818
118 850
120 848
122 846
124 842
126 849
128 881
130 962
132 960
134 978
136 992
138 1006
140 1023
142 1074
144 1093
146 1089
148 1120
150 1161
152 1172
154 1193
156 1200
158 1225
160 1251
162 1290
164 1294
166 1327
168 1347
170 1403
172 1402
174 1473
176 1498
178 1475
180 1489
182 1471
184 1477
186 1489
188 1535
190 1595
192 1583
194 1607
196 1618
198 1603
200 1578
202 1627
204 1672
206 1654
208 1689
210 1684
212 1673
214 1658
216 1685
218 1719
220 1776
222 1787
224 1766
226 1795
228 1772
230 1732
232 1738
234 1793
236 1815
238 1821
240 1826
242 1840
244 1820
246 1818
248 1826
250 1810
252 1828
254 1837
256 1861
