2 3.048
4 2.978
6 5.185
8 7.06
10 9.572
12 11.941
14 13.904
16 16.916
18 19.042
20 21.904
22 24.452
24 27.454
26 30.231
28 33.399
30 35.797
32 39.256
34 41.969
36 45.637
38 48.41
40 51.83
42 55.485
44 58.356
46 61.946
48 65.017
50 68.143
52 71.709
54 74.451
56 77.746
58 81.344
60 84.589
62 87.772
64 91.544
66 94.601
68 98.9
70 101.751
72 106.562
74 109.631
76 131.049
78 116.23
80 119.951
82 123.821
84 127.195
86 130.741
88 134.772
90 137.802
92 142.549
94 145.054
96 149.012
98 152.141
100 157.075
102 160.844
104 164.473
106 166.389
108 170.592
110 173.676
112 178.932
114 181.106
116 185.087
118 195.301
120 194.308
122 196.493
124 199.404
126 202.533
128 208.122
130 209.899
132 214.017
134 217.929
136 221.997
138 226.055
140 229.738
142 234.54
144 238.577
146 242.454
148 256.807
150 250.454
152 255.023
154 258.632
156 263.019
158 266.781
160 270.273
162 274.393
164 278.6
166 282.035
168 286.345
170 291.293
172 302.282
174 298.859
176 301.604
178 307.37
180 310.585
182 313.947
184 319.064
186 320.067
188 325.922
190 330.727
192 334.727
194 346.379
196 342.023
198 347.163
200 350.923
202 354.019
204 357.277
206 362.497
208 376.813
210 400.464
212 425.45
214 399.035
216 456.63
218 392.656
220 390.776
222 396.361
224 400.581
226 403.118
228 416.183
230 409.08
232 414.123
234 466.488
236 423.097
238 427.589
240 432.712
242 434.51
244 449.407
246 442.575
248 448.622
250 450.056
252 453.856
254 459.634
256 463.196
