2 2.622
4 3.237
6 5.019
8 7.272
10 9.792
12 11.101
14 14.002
16 16.369
18 19.346
20 22.624
22 25.17
24 28.849
26 31.954
28 35.007
30 38.128
32 41.288
34 43.793
36 46.961
38 50.709
40 54.288
42 56.597
44 60.602
46 62.689
48 67.631
50 69.071
52 73.218
54 77.54
56 79.583
58 119.699
60 87.971
62 90.773
64 94.98
66 98.733
68 100.747
70 104.363
72 108.013
74 112.05
76 114.868
78 119.641
80 123.092
82 127.016
84 130.773
86 135.274
88 158.44
90 143.784
92 146.043
94 147.948
96 153.968
98 156.79
100 162.924
102 164.313
104 170.905
106 173.914
108 175.613
110 179.732
112 183.767
114 185.627
116 191.19
118 193.802
120 198.903
122 201.905
124 219.857
126 210.724
128 214.493
130 217.002
132 220.447
134 225.061
136 229.089
138 233.406
140 236.508
142 238.61
144 242.379
146 247.093
148 252.227
150 254.913
152 267.684
154 265.01
156 268.382
158 271.861
160 277.868
162 280.286
164 285.668
166 289.782
168 294.931
170 297.067
172 303.042
174 308.569
176 317.348
178 314.167
180 319.913
182 322.804
184 325.857
186 330.857
188 334.975
190 337.354
192 342.314
194 346.49
196 361.773
198 356.492
200 359.214
202 363.667
204 367.033
206 373.469
208 320.913
210 264.113
212 265.488
214 269.872
216 279.037
218 274.884
220 277.287
222 282.333
224 283.963
226 287.146
228 289.069
230 291.062
232 294.636
234 297.256
236 299.614
238 307.215
240 306.869
242 308.62
244 312.819
246 315.376
248 318.688
250 320.273
252 323.506
254 325.834
256 329.576
