2 1.782
4 2.294
6 3.704
8 5.553
10 7.2
12 22.561
14 10.868
16 12.933
18 14.832
20 16.68
22 18.488
24 21.586
26 23.17
28 25.696
30 27.843
32 30.907
34 33.084
36 35.017
38 36.967
40 39.533
42 41.659
44 44.259
46 46.103
48 49.223
50 51.699
52 53.658
54 56.169
56 58.651
58 61.032
60 63.178
62 66.153
64 69.178
66 72.113
68 87.034
70 58.51
72 60.74
74 62.659
76 64.282
78 66.309
80 68.186
82 70.218
84 72.054
86 74.238
88 75.029
90 78.043
92 80.236
94 82.043
96 84.493
98 87.063
100 89.054
102 91.407
104 92.385
106 95.049
108 96.438
110 98.14
112 101.538
114 103.263
116 104.375
118 112.76
120 108.68
122 111.534
124 113.051
126 115.274
128 116.726
130 121.197
132 122.152
134 125.406
136 126.195
138 129.181
140 130.476
142 133.048
144 135.139
146 138.125
148 139.192
150 142.679
152 144.095
154 146.851
156 148.267
158 148.788
160 152.181
162 155.23
164 156.489
166 159.032
168 164.307
170 163.06
172 165.288
174 168.067
176 169.474
178 171.601
180 174.189
182 176.776
184 177.489
186 181.708
188 182.089
190 185.457
192 187.843
194 191.275
196 192.557
198 194.92
200 197.181
202 199.917
204 204.177
206 205.816
208 167.393
210 169.026
212 170.764
214 172.279
216 175.188
218 176.207
220 177.949
222 178.77
224 182.023
226 184.351
228 184.705
230 187.56
232 188.328
234 191.632
236 192.159
238 194.355
240 201.696
242 199.019
244 199.044
246 201.612
248 204.29
250 205.429
252 206.377
254 207.845
256 211.361
