2 1.165
4 1.118
6 1.966
8 2.696
10 3.489
12 4.525
14 5.354
16 6.047
18 7.218
20 8.316
22 9.161
24 10.197
26 11.281
28 12.238
30 13.116
32 14.271
34 15.331
36 16.578
38 16.928
40 18.796
42 19.665
44 20.785
46 21.915
48 22.965
50 24.094
52 25.387
54 26.508
56 27.58
58 28.664
60 30.081
62 31.195
64 32.675
66 33.669
68 34.873
70 35.967
72 37.162
74 38.643
76 39.572
78 41.008
80 42.111
82 43.205
84 44.79
86 45.912
88 44.752
90 45.341
92 49.776
94 50.668
96 51.983
98 53.239
100 54.626
102 56.219
104 57.052
106 58.521
108 59.581
110 61.334
112 62.65
114 63.583
116 64.68
118 66.139
120 67.59
122 68.977
124 70.254
126 71.767
128 72.957
130 72.963
132 75.615
134 76.6
136 78.231
138 79.249
140 80.607
142 81.814
144 83.402
146 83.388
148 80.888
150 81.9
152 89.068
154 94.691
156 87.646
158 87.03
160 92.857
162 95.184
164 96.478
166 97.744
168 98.759
170 100.188
172 102.489
174 103.493
176 104.156
178 103.75
180 106.482
182 106.495
184 103.362
186 111.419
188 112.717
190 113.941
192 115.17
194 112.323
196 110.727
198 111.985
200 113.361
202 114.553
204 122.431
206 124.427
208 123.987
210 127.876
212 128.707
214 132.567
216 131.205
218 132.573
220 132.888
222 135.87
224 137.359
226 138.474
228 137.085
230 140.942
232 142.204
234 139.623
236 136.784
238 137.646
240 146.687
242 146.771
244 141.279
246 146.903
248 143.729
250 145.413
252 153.241
254 155.612
256 149.275
