2 1.153
4 0.848
6 1.22
8 1.596
10 2.124
12 2.574
14 3.008
16 3.469
18 4.248
20 4.719
22 5.29
24 5.978
26 6.453
28 6.986
30 7.365
32 8.238
34 8.787
36 9.365
38 10.043
40 10.772
42 11.438
44 12.058
46 12.685
48 13.454
50 14.063
52 14.746
54 15.46
56 16.014
58 16.871
60 17.348
62 18.292
64 18.867
66 19.722
68 20.383
70 21.16
72 21.928
74 22.748
76 23.475
78 24.242
80 25.014
82 25.93
84 26.534
86 27.183
88 28.054
90 28.797
92 29.608
94 30.383
96 31.086
98 31.805
100 32.625
102 33.478
104 33.988
106 34.883
108 35.723
110 36.347
112 37.17
114 37.857
116 38.75
118 39.393
120 40.345
122 41.144
124 41.657
126 42.612
128 43.327
130 44.289
132 45.114
134 45.96
136 46.807
138 47.57
140 48.888
142 49.202
144 50.127
146 50.995
148 51.828
150 51.273
152 53.565
154 54.409
156 55.037
158 55.966
160 57.066
162 55.755
164 56.698
166 59.503
168 60.51
170 61.274
172 61.938
174 62.818
176 63.936
178 64.641
180 71.015
182 66.508
184 67.235
186 68.158
188 65.498
190 69.527
192 70.818
194 71.476
196 72.408
198 73.296
200 74.168
202 75.065
204 75.948
206 76.561
208 77.806
210 78.327
212 78.036
214 80.312
216 81.023
218 81.724
220 81.101
222 82.712
224 84.379
226 85.311
228 85.896
230 86.774
232 87.738
234 88.749
236 89.589
238 88.611
240 84.081
242 91.571
244 92.657
246 93.731
248 94.504
250 95.547
252 96.235
254 97.159
256 98.046
