2 1.052
4 1.387
6 2.121
8 2.909
10 3.922
12 4.883
14 5.751
16 6.528
18 7.681
20 8.685
22 9.611
24 10.703
26 11.653
28 20.852
30 12.978
32 13.832
34 14.899
36 15.95
38 18.059
40 18.072
42 19.233
44 21.533
46 22.616
48 23.735
50 24.763
52 25.867
54 26.981
56 28.027
58 29.165
60 30.25
62 31.242
64 32.59
66 33.79
68 34.898
70 36.048
72 35.033
74 38.733
76 39.853
78 40.936
80 42.238
82 43.32
84 44.554
86 45.901
88 46.884
90 48.297
92 49.581
94 50.518
96 48.292
98 49.462
100 54.559
102 55.429
104 56.54
106 57.797
108 59.06
110 60.151
112 61.515
114 62.464
116 63.861
118 61.239
120 66.405
122 67.671
124 68.79
126 68.937
128 66.612
130 67.78
132 68.739
134 69.91
136 76.372
138 75.085
140 73.483
142 80.174
144 81.708
146 82.459
148 78.153
150 79.465
152 80.606
154 83.244
156 89.516
158 90.096
160 95.293
162 86.82
164 94.072
166 89.243
168 90.136
170 91.456
172 93.354
174 94.878
176 102.52
178 103.904
180 103.885
182 106.525
184 107.465
186 104.557
188 102.275
190 103.569
192 104.782
194 106.075
196 107.319
198 113.18
200 109.326
202 119.638
204 114.923
206 113.616
208 114.887
210 116.925
212 117.128
214 118.081
216 119.402
218 129.971
220 134.296
222 132.61
224 128.312
226 125.667
228 126.599
230 133.605
232 129.206
234 130.342
236 134.996
238 142.9
240 145.109
242 153.478
244 157.269
246 143.96
248 149.652
250 143.673
252 141.162
254 142.74
256 143.56
