2 1.652
4 1.612
6 2.497
8 3.799
10 4.67
12 5.953
14 7.147
16 8.171
18 9.192
20 10.15
22 11.515
24 12.608
26 13.28
28 15.029
30 16.176
32 17.237
34 18.666
36 20.12
38 20.74
40 21.554
42 22.923
44 24.121
46 26.782
48 27.501
50 28.922
52 28.927
54 31.041
56 32.067
58 33.614
60 34.458
62 36.126
64 37.019
66 38.073
68 40.37
70 41.43
72 42.782
74 43.778
76 45.242
78 46.416
80 47.156
82 49.597
84 49.859
86 52.107
88 52.363
90 53.477
92 55.849
94 56.464
96 58.396
98 59.385
100 61.037
102 62.51
104 62.766
106 64.368
108 66.174
110 67.616
112 68.925
114 70.12
116 72.125
118 72.515
120 73.876
122 75.271
124 77.883
126 79.441
128 80.041
130 81.309
132 83.651
134 83.986
136 87.827
138 88.039
140 94.467
142 90.462
144 92.09
146 92.558
148 95.962
150 96.858
152 97.751
154 99.311
156 101.216
158 101.678
160 102.998
162 104.74
164 107.04
166 108.139
168 109.058
170 110.315
172 112.197
174 113.655
176 115.042
178 114.197
180 117.491
182 118.28
184 122.098
186 122.682
188 123.12
190 125.47
192 127.491
194 128.683
196 128.453
198 130.07
200 137.645
202 134.928
204 134.749
206 137.257
208 139.001
210 139.098
212 141.192
214 141.552
216 143.792
218 144.304
220 146.846
222 147.638
224 150.032
226 150.918
228 151.917
230 164.08
232 150.828
234 151.038
236 152.828
238 155.038
240 155.277
242 156.88
244 160.149
246 158.347
248 160.857
250 162.833
252 165.204
254 165.215
256 165.908
