2 4.268
4 1.622
6 2.429
8 3.467
10 4.178
12 4.959
14 5.98
16 7.211
18 7.83
20 8.823
22 9.281
24 10.423
26 11.509
28 12.722
30 13.376
32 14.901
34 15.13
36 16.187
38 17.119
40 17.96
42 18.876
44 20.061
46 21.041
48 22.381
50 23.062
52 24.134
54 25.584
56 25.951
58 27.386
60 28.456
62 29.219
64 30.412
66 30.98
68 32.655
70 33.104
72 33.985
74 35.441
76 35.803
78 36.594
80 38.194
82 38.831
84 39.77
86 41.313
88 41.988
90 43.405
92 44.291
94 45.161
96 46.585
98 47.325
100 48.861
102 49.419
104 58.932
106 51.874
108 53.177
110 53.68
112 54.816
114 55.683
116 57.127
118 58.084
120 59.167
122 59.882
124 61.23
126 62.756
128 64.164
130 64.557
132 66.047
134 66.757
136 67.798
138 69.006
140 70.149
142 70.86
144 78.005
146 78.295
148 95.472
150 74.676
152 75.702
154 76.767
156 77.918
158 78.989
160 80.729
162 80.801
164 82.668
166 83.125
168 84.453
170 85.311
172 86.221
174 98.584
176 80.835
178 81.674
180 82.508
182 83.751
184 84.678
186 86.502
188 87.098
190 88.062
192 92.288
194 94.408
196 91.16
198 91.911
200 93.198
202 94.231
204 95.034
206 96.617
208 97.255
210 98.564
212 101.248
214 100.294
216 101.453
218 102.238
220 102.681
222 104.113
224 105.079
226 106.068
228 109.424
230 108.122
232 108.989
234 110.074
236 110.983
238 112.049
240 112.743
242 114.269
244 115.405
246 116.555
248 119.255
250 118.743
252 120.031
254 121.086
256 125.249
