2 1.402
4 1.475
6 2.634
8 3.335
10 4.593
12 5.619
14 6.702
16 7.005
18 8.435
20 9.767
22 10.853
24 11.711
26 12.716
28 13.613
30 14.144
32 15.307
34 16.774
36 17.355
38 18.832
40 20.514
42 20.944
44 22.274
46 22.904
48 24.655
50 25.225
52 26.293
54 27.391
56 27.972
58 29.176
60 29.766
62 30.676
64 31.598
66 33.119
68 34.571
70 36.561
72 37.209
74 38.878
76 39.307
78 40.468
80 41.292
82 43.439
84 44.253
86 45.237
88 46.328
90 47.295
92 48.31
94 49.251
96 50.153
98 51.023
100 53.134
102 54.033
104 55.252
106 56.713
108 57.271
110 58.134
112 58.858
114 59.884
116 60.893
118 61.651
120 62.586
122 64.023
124 69.751
126 64.937
128 66.462
130 67.856
132 69.118
134 70.247
136 71.98
138 73.486
140 74.562
142 76.686
144 77.579
146 78.668
148 80.18
150 81.46
152 82.525
154 83.743
156 84.79
158 85.669
160 87.161
162 88.606
164 89.719
166 91.818
168 93.034
170 93.136
172 94.864
174 95.639
176 95.89
178 97.945
180 99.675
182 99.789
184 101.114
186 101.139
188 103.245
190 104.621
192 105.467
194 106.185
196 107.718
198 109.072
200 113.932
202 111.486
204 113.857
206 114.236
208 115.373
210 117.173
212 117.651
214 118.857
216 119.505
218 120.649
220 121.134
222 122.917
224 123.216
226 123.868
228 126.012
230 125.45
232 127.128
234 127.877
236 128.83
238 129.6
240 131.142
242 131.964
244 132.553
246 133.791
248 133.808
250 134.967
252 141.789
254 136.709
256 137.935
