2 3.096
4 2.671
6 4.59
8 6.084
10 7.739
12 9.965
14 11.945
16 13.477
18 18.083
20 19.997
22 24.575
24 25.785
26 24.118
28 35.726
30 38.856
32 42.168
34 44.077
36 41.52
38 44.006
40 44.544
42 54.894
44 50.246
46 56.917
48 57.521
50 63.187
52 61.643
54 68.082
56 67.619
58 111.953
60 71.461
62 80.225
64 90.032
66 100.519
68 92.709
70 94.025
72 99.26
74 102.711
76 109.572
78 145.244
80 108.515
82 121.115
84 133.46
86 117.47
88 127.77
90 126.792
92 126.545
94 133.451
96 150.528
98 129.448
100 149.36
102 141.093
104 144.054
106 146.866
108 158.928
110 156.319
112 159.581
114 154.19
116 167.646
118 166.436
120 177.024
122 195.252
124 182.978
126 187.383
128 202.434
130 188.442
132 197.544
134 194.532
136 202.214
138 211.364
140 199.511
142 214.789
144 226.741
146 211.163
148 211.706
150 230.469
152 237.873
154 227.894
156 261.819
158 271.525
160 247.912
162 274.546
164 239.206
166 255.021
168 271.095
170 252.186
172 276.328
174 274.749
176 263.753
178 294.119
180 309.187
182 291.412
184 278.282
186 319.198
188 315.633
190 291.233
192 308.287
194 313.26
196 338.618
198 313.237
200 341.142
202 319.076
204 340.737
206 366.969
208 364.5
210 363.329
212 400.535
214 352.557
216 359.585
218 390.189
220 353.101
222 404.214
224 441.428
226 509.534
228 378.743
230 394.912
232 393.282
234 366.451
236 447.323
238 410.272
240 411.452
242 421.409
244 402.554
246 425.046
248 438.943
250 427.844
252 437.413
254 455.948
256 453.085
