2 3.232
4 2.345
6 3.607
8 5.035
10 7.266
12 8.539
14 9.244
16 11.168
18 13.024
20 15.295
22 17.191
24 18.84
26 20.355
28 21.251
30 22.935
32 24.597
34 27.277
36 29.54
38 32.191
40 34.58
42 36.939
44 39.213
46 41.65
48 43.794
50 45.489
52 46.413
54 48.075
56 49.737
58 51.577
60 53.541
62 54.714
64 57.145
66 59.863
68 62.131
70 82.528
72 67.579
74 70.57
76 72.764
78 75.389
80 78.624
82 81.216
84 83.657
86 86.502
88 89.191
90 92.087
92 94.907
94 97.253
96 100.407
98 101.577
100 103.095
102 105.054
104 107.03
106 108.773
108 110.412
110 112.431
112 114.4
114 116.478
116 118.42
118 120.005
120 122.105
122 124.35
124 126.093
126 128.234
128 131.372
130 134.041
132 143.185
134 139.427
136 142.114
138 145.065
140 147.846
142 150.643
144 154.026
146 156.956
148 159.46
150 162.57
152 165.405
154 168.305
156 171.374
158 174.894
160 178.21
162 180.717
164 183.544
166 186.607
168 189.81
170 192.727
172 202.407
174 199.085
176 202.048
178 204.943
180 207.513
182 211.002
184 213.662
186 216.843
188 220.382
190 223.768
192 226.588
194 228.278
196 229.679
198 231.425
200 233.984
202 242.406
204 238.308
206 240.296
208 241.628
210 244.807
212 246.152
214 248.652
216 250.518
218 252.351
220 254.801
222 257.18
224 259.414
226 262.004
228 270.468
230 265.284
232 267.631
234 269.753
236 272.029
238 274.491
240 276.864
242 278.981
244 280.942
246 283.113
248 285.631
250 288.695
252 299.877
254 293.735
256 297.209
