2 4.757
4 3.42
6 4.859
8 5.309
10 7.553
12 9.015
14 10.116
16 11.803
18 14.034
20 16.376
22 18.691
24 20.433
26 21.921
28 23.343
30 24.731
32 27.063
34 29.663
36 32.34
38 34.634
40 37.402
42 40.33
44 43.05
46 45.678
48 47.823
50 49.682
52 51.237
54 52.788
56 54.688
58 56.342
60 57.955
62 60.112
64 62.549
66 65.799
68 68.333
70 70.926
72 74.126
74 77.131
76 79.585
78 82.762
80 86.185
82 104.496
84 92.17
86 94.839
88 98.015
90 101.404
92 104.064
94 107.567
96 110.381
98 112.122
100 113.567
102 126.777
104 104.593
106 106.017
108 107.593
110 109.639
112 111.655
114 113.592
116 115.023
118 117.453
120 119.148
122 121.028
124 123.324
126 125.707
128 128.42
130 130.95
132 133.14
134 135.865
136 139.394
138 147.643
140 144.284
142 147.349
144 150.704
146 153.396
148 155.852
150 158.852
152 161.743
154 164.711
156 167.71
158 171.324
160 174.181
162 176.816
164 179.216
166 182.066
168 185.633
170 188.352
172 191.609
174 194.637
176 204.737
178 200.918
180 204.059
182 214.481
184 227.073
186 230.54
188 237.257
190 236.335
192 226.597
194 232.533
196 236.563
198 279.234
200 232.808
202 231.199
204 258.564
206 235.994
208 237.569
210 239.972
212 241.483
214 243.446
216 245.258
218 247.569
220 265.227
222 251.854
224 254.461
226 268.3
228 258.92
230 269.103
232 261.981
234 264.927
236 266.197
238 268.639
240 271.029
242 272.95
244 274.74
246 277.393
248 279.736
250 282.686
252 285.145
254 295.424
256 291.134
