4 0.00005305491349721783 0.01687146249211527 318 237.08673755279753
16 0.0003209790723826924 0.2699433998738443 841 59.27168438819938
36 0.00071102417370517 1.3665884618613369 1922 26.342970839199722
64 0.0012277130181868985 4.319094397981509 3518 14.817921097049846
100 0.001892777608611029 10.544664057572042 5571 9.483469502111902
144 0.002716538127690569 21.86541538978139 8049 6.585742709799931
196 0.0036197284821346404 40.50838144356876 11191 4.838504848016276
256 0.004461010287760902 69.10551036770414 15491 3.7044802742624614
324 0.005644756012787775 110.69366541076828 19610 2.9269967599110807
400 0.006778682346464409 168.71462492115268 24889 2.3708673755279754
484 0.00800411789465862 247.01508234705966 30861 1.9593945252297316
576 0.009386312680738952 349.84664623650224 37272 1.6464356774499826
676 0.010984700121670144 481.8658402373042 43867 1.4028801038627072
784 0.01263049991419858 648.1341030971001 51315 1.209626212004069
900 0.014327229533898105 854.1177886633355 59615 1.053718833567989
1024 0.01633265629535978 1105.6881658832663 67698 0.9261200685656154
1156 0.018366349319030268 1409.1214188039594 76723 0.8203693340927249
1296 0.02033268255427057 1771.0986465722924 87106 0.7317491899777702
1444 0.02306754231645216 2198.705863434954 95316 0.6567499655202147
1600 0.025123166543243643 2699.433998738443 107448 0.5927168438819939
1764 0.027872029229029753 3281.1788969290697 117723 0.5376116497795862
1936 0.0302823574475566 3952.2413175529546 130513 0.4898486313074329
2116 0.03304515790205445 4721.326935256029 142875 0.4481790880015076
2304 0.035786734817753116 5597.546339784036 156414 0.41160891936249566
2500 0.03907051835417671 6590.415035982527 168680 0.379338780084476
2704 0.04210296825450591 7709.853443796867 183119 0.3507200259656768
2916 0.04617865864388287 8966.18689827223 194163 0.3252218622123423
3136 0.049811686846698414 10370.145649553602 208187 0.30240655300101726
3364 0.053398061766168965 11932.864862885779 223470 0.28191050838620396
3600 0.057636182208014 13665.884618613369 237106 0.26342970839199725
3844 0.06172341360025664 15581.149912180785 252435 0.24670836373860305
4096 0.06623688406448933 17691.01065413226 267087 0.23153001714140384
4356 0.07000556899926814 20008.22167011183 285809 0.21771050280330353
4624 0.0741618456658115 22545.94270086335 304010 0.20509233352318124
4900 0.07842096617013318 25317.738402230476 322844 0.19354019392065103
5184 0.08288168124724098 28337.57834515668 341904 0.18293729749444254
5476 0.08773734437969001 31619.837015685243 360392 0.17318242334024656
5776 0.09227573585988723 35179.29381495927 381241 0.16418749138005367
6084 0.09765766779147363 39031.13305922164 399673 0.15587556709585637
6400 0.10225927683700452 43190.943979815085 422367 0.14817921097049847
6724 0.10732860129398897 47674.72072318214 444194 0.14103910621820195
7056 0.11319435428415442 52498.862350865114 463794 0.13440291244489655
7396 0.11836176327206538 57680.17283950617 487321 0.12822430370621823
7744 0.12428089848323214 63235.86108084727 508814 0.12246215782685822
8100 0.1302317639340294 69183.54088173018 531234 0.11707987039644321
8464 0.13548416949431272 75541.23096409647 557565 0.1120447720003769
8836 0.1413939853929765 82327.35496498753 582255 0.10732763130502376
9216 0.14733947424220095 89560.74143654457 607853 0.10290222984062392
9604 0.15259704166033897 97260.62384600859 637369 0.09874499689829136
10000 0.1586174206071133 105446.64057572043 664786 0.094834695021119
10404 0.1642611553418099 114138.83492312071 694862 0.091152148232525
10816 0.170978857459122 123357.65510074988 721479 0.0876800064914192
11236 0.177061146575525 133123.9542362482 751853 0.08440254095863207
11664 0.18359507744213588 143458.99037235568 781388 0.08130546555308557
12100 0.19041751335389692 154384.4264669123 810768 0.07837578100918925
12544 0.19661583118300544 165922.33039285764 843891 0.07560163825025432
12996 0.20401835978797012 178095.17493823127 872937 0.07297221839113498
13456 0.21079308617849568 190925.83780617247 905750 0.07047762709655099
13924 0.21861757474824076 204437.60161492036 935138 0.06810880136535408
14400 0.22536855938765016 218654.1538978139 970207 0.06585742709799931
14884 0.23227330652304518 233599.58710329176 1005710 0.063715866044826
15376 0.24015127661972388 249298.39859489255 1038089 0.06167709093465076
15876 0.24740355040195583 265775.49065125466 1074259 0.059734627753287355
16384 0.25578350954444884 283056.17046611616 1106624 0.05788250428535096
16900 0.2627972291045872 301166.1501483151 1146002 0.05611520415450829
17424 0.2703656178160135 320131.5467217893 1184069 0.054427625700825884
17956 0.27936275216156087 339978.8821255763 1216980 0.052815045122031085
18496 0.2878201623778268 360735.0832138136 1253335 0.05127308338079531
19044 0.2971958676545582 382427.4817557383 1286786 0.04979767644461196
19600 0.30595662239070176 405083.8144356876 1323991 0.04838504848016276
20164 0.3151963067776436 428732.22285309824 1360207 0.04703168767165196
20736 0.3207787909648077 453401.25352250686 1413439 0.045734324373610635
21316 0.3292548866475188 479119.85787355003 1455164 0.04448991134411663
21904 0.33795710467155954 505917.3922509639 1496987 0.04329560583506164
22500 0.35029819170305415 533823.6179145847 1523912 0.04214875334271956
23104 0.3577462834897159 562868.7010393483 1573374 0.04104687284501342
23716 0.36737522312918286 593083.2127152903 1614380 0.039987643372035336
24336 0.3774143737879319 624498.1289475462 1654675 0.03896889177396409
24964 0.3839902759424689 657144.8306563516 1711358 0.0379885815659025
25600 0.3949276720938935 691055.1036770414 1749827 0.037044802742624616
26244 0.40360554616929367 726261.1387600506 1799433 0.036135762468038034
26896 0.41525427754201244 762795.5315709142 1836936 0.03525977655455049
27556 0.4234156550165367 800691.2826902664 1891029 0.03441526165666969
28224 0.4337966955408564 839981.7976138418 1936349 0.03360072811122414
28900 0.4448993164371489 880700.8867524746 1979551 0.032814773363709
29584 0.45608218895473673 922882.7654320988 2023501 0.03205607592655456
30276 0.46435507497844025 966562.0538937481 2081515 0.03132338982068933
30976 0.47634425605817804 1011773.7772935564 2124039 0.030615539456714556
31684 0.48503761461626543 1058553.365702757 2182415 0.02993141491639913
32400 0.4961549840690994 1106936.6541076829 2231030 0.029269967599110804
33124 0.5071842854261076 1156959.8824097675 2281143 0.028630206201279738
33856 0.5162068806071275 1208659.6954255435 2341425 0.028011193000094223
34596 0.5290327155019582 1262073.1428866435 2385624 0.02741204041540034
35344 0.5405724188896999 1317237.6794398006 2436746 0.02683190782625594
36100 0.551657357096601 1374191.1646468462 2491023 0.026269998620808588
36864 0.5611447824981706 1432971.8629847132 2553658 0.02572555746015598
37636 0.5718156276649655 1493618.443845433 2612063 0.02519786773863296
38416 0.5850032166159371 1556169.9815361374 2660105 0.02468624922457284
39204 0.5979736856825549 1620665.9552790583 2710263 0.024190055867033725
40000 0.6128834773060338 1687146.249211527 2752801 0.02370867375527975
40804 0.6226382311241152 1755651.1523859743 2819697 0.02324151921897829
41616 0.6352925030899551 1826221.3587699314 2874615 0.02278803705813125
42436 0.6461588292858146 1898897.967246029 2938748 0.0223476988927135
43264 0.6617831163946452 1973722.481611998 2982431 0.0219200016228548
44100 0.6729845891299429 2050736.8105806685 3047227 0.021504465991183448
44944 0.6840139757612994 2129983.267779971 3113947 0.02110063523965802
45796 0.695796589251793 2211504.571752935 3178378 0.020708073853856014
46656 0.712001443628849 2295343.845957691 3223791 0.020326366388271393
47524 0.7204767729681417 2381544.6187674683 3305512 0.01995511636670293
48400 0.7355468139429115 2470150.8234705967 3358251 0.019593945252297313
49284 0.7492622215602484 2561206.798270505 3418305 0.019242491482249616
50176 0.7595454802728211 2654757.286285722 3495192 0.01890040956256358
51076 0.7756972598264321 2750847.435549878 3546290 0.018567369218638698
51984 0.787207965727154 2849522.7990117003 3619784 0.018243054597783744
52900 0.803273750221864 2950829.334535018 3673504 0.017927163520060303
53824 0.8133246976933074 3054813.4048987594 3755958 0.017619406774137748
54756 0.825398814555573 3161521.777796953 3830296 0.01731950745509515
55696 0.8407869170018869 3271001.625838726 3890405 0.01702720034133852
56644 0.8539461596150154 3383300.5265483065 3961960 0.016742231308014797
57600 0.8677724939316169 3498466.4623650224 4031548 0.01646435677449983
58564 0.8849546775698216 3616547.8206433 4086704 0.01619334318371679
59536 0.8952313072955081 3737593.393652668 4175003 0.0159289665112065
60516 0.9109810650279531 3861652.378577753 4239004 0.01567101180202244
61504 0.9262657229132137 3988774.377518281 4306296 0.01541927273366269
62500 0.9383615632783392 4119009.3974890793 4389576 0.015173551203379041
63504 0.9559942759195447 4252407.850420075 4448152 0.014933656938321839
64516 0.9715716571486646 4389020.553156292 4517444 0.014699407127087701
65536 0.9885006424541946 4528898.727457859 4581584 0.01447062607133774
66564 1 4672094 4672094 0.014247144856246471
67600 1.0150634385627255 4818658.402373042 4747150 0.014028801038627072
68644 1.0303809677735418 4968644.37108241 4822143 0.013815438351657683
69696 1.04592132666927 5122104.747548629 4897218 0.013606906425206471
70756 1.0615588288324938 5279092.778107325 4972963 0.013403060520820709
71824 1.0773779969921107 5439662.114009221 5048982 0.013203761280507771
72900 1.0919413072313688 5603866.8114201445 5132022 0.01300887448849369
73984 1.109542931190887 5771761.331421018 5201927 0.012818270845198827
75076 1.123866502054774 5943400.540007866 5288351 0.012631825752719778
76176 1.1398212466256314 6118839.708091813 5368245 0.01244941911115299
77284 1.1569488489080741 6298134.5114990845 5443745 0.012270935125138322
78400 1.1730118722917722 6481341.030971002 5525384 0.01209626212004069
79524 1.1917585142422695 6668515.7521639895 5595526 0.011925292367224864
80656 1.2120820909830026 6859715.565649572 5659448 0.01175792191791299
81796 1.2204045771178949 7054997.7669143705 5780868 0.011594050445146342
82944 1.240614493820478 7254420.05636011 5847441 0.011433581093402659
84100 1.2584443025507086 7458040.539303612 5926397 0.011276420335448158
85264 1.2727619423121515 7665917.725976801 6023057 0.011122477836029158
86436 1.2913080894492357 7878110.531526696 6100876 0.010971666322032373
87616 1.3076023380463955 8094678.276015422 6190474 0.01082390145876541
88804 1.324804829831908 8315680.684420202 6276910 0.010679101732029976
90000 1.3431624198236887 8541177.886633355 6359006 0.01053718833567989
91204 1.3590808289357619 8771230.417462304 6453796 0.01039808506437426
92416 1.377077446355088 9005899.216629572 6539864 0.010261718211253355
93636 1.399264082136326 9245245.628772777 6607220 0.010128016470280556
94864 1.4229403142362453 9489331.403444644 6668819 0.009996910843008834
96100 1.4370927011870565 9738218.69511299 6776333 0.009868334549544121
97344 1.4520394753577235 9991970.06316074 6881335 0.009742222943491023
98596 1.4682629574081587 10250648.471885912 6981480 0.009618513430678629
99856 1.4871899987724937 10514317.290501626 7069922 0.009497145391475625
101124 1.5068641918583388 10783040.293136103 7155947 0.009378060106514676
102400 1.5243512316581873 11056881.658832662 7253500 0.009261200685656154
103684 1.5423601478302047 11335905.971549725 7349714 0.009146512000030768
104976 1.5629861266476588 11620178.22016081 7434601 0.009033940617009508
106276 1.580623244866826 11909763.798454538 7534853 0.008923434737957677
107584 1.598819598851055 12204728.505134627 7633587 0.008814944138637622
108900 1.6193709249179504 12505138.543819895 7722220 0.00870842011213214
110224 1.6359015188419264 12811060.523044262 7831193 0.008603815414167423
111556 1.6586778059845533 13122561.456256747 7911459 0.008501084210720985
112896 1.6794039338667226 13439708.76182147 8002666 0.008400182027806034
114244 1.695529254123413 13762570.263017645 8116976 0.008301065703329629
115600 1.7150762769571295 14091214.188039593 8216086 0.00820369334092725
116964 1.7364194504080395 14425709.169996733 8307733 0.008108024265681664
118336 1.7560473173723279 14766124.24691358 8408728 0.00801401898163864
119716 1.7778546334396912 15112528.861729754 8500430 0.007921639131036703
121104 1.797074974409242 15464992.86229997 8605647 0.007830847455172332
122500 1.8202896159903055 15823586.501394046 8692895 0.007741607756826042
123904 1.8395506407363964 16188380.436696902 8800182 0.007653884864178639
125316 1.8619206636494765 16559445.73080855 8893744 0.007567644596150452
126736 1.88122132950904 16936853.85124411 9003116 0.0074828537290997825
128164 1.9040027312834662 17320676.670433797 9096981 0.007399479964819996
129600 1.9259429162874724 17710986.465722926 9196008 0.007317491899777701
131044 1.948503270007038 18107855.919371914 9293213 0.007236858995537301
132496 1.9664017603216333 18511358.11855628 9413823 0.007157551550319934
133956 1.9825452553265628 18921566.55536663 9544078 0.007079540671647333
135424 1.999549925668746 19338555.126808695 9671454 0.007002798250023556
136900 2.0230714908067142 19762398.134803277 9768512 0.0069272969336098625
138384 2.0471351385899 20193170.286186296 9864112 0.006853010103850085
139876 2.064855164784372 20630946.692708768 9991474 0.006779911852005992
141376 2.085696326962658 21075802.87103681 10104924 0.006707976956563985
142884 2.105499534527988 21527814.742751624 10224564 0.006637180861476373
144400 2.1289196639584302 21987058.63434954 10327801 0.006567499655202147
145924 2.15067322268186 22453611.277241964 10440271 0.006498910050513898
147456 2.1702962328657165 22927549.80775541 10564249 0.006431389365038995
148996 2.192825511199601 23408951.767131492 10675246 0.006364915502504699
150544 2.216468541277287 23897895.101526927 10781969 0.00629946693465824
152100 2.2382154729601162 24394458.162013523 10899066 0.006235022683834255
153664 2.257231326667377 24898719.7045782 11030646 0.00617156230614321
155236 2.2772053968176684 25410758.890122965 11158747 0.0061090658752556756
156816 2.2985375877156184 25930655.284464933 11281371 0.006047513966758431
158404 2.3193034800775107 26458488.85833632 11407946 0.005986887643059456
160000 2.343022343352557 26994339.98738443 11521162 0.005927168438819938
161604 2.3657409681044705 27538289.452171683 11640450 0.005868338346892342
163216 2.3901187918291646 28090418.43817559 11752729 0.005810379804744572
164836 2.4117944562439813 28650808.535788756 11879457 0.005753275681351101
166464 2.435404040476925 29219541.7403189 11997821 0.005697009264532813
168100 2.457878227847514 29796700.451988835 12122936 0.005641564248728079
169744 2.4800290752944 30382367.475936465 12250811 0.005586924723178375
171396 2.5051585378611936 30976626.022214808 12365136 0.005533075160512439
173056 2.5367903760793533 31579559.70579197 12448628 0.0054800004057137
174724 2.545513420244684 32191252.54655116 12646271 0.00542768566545632
176400 2.5702311217018137 32811788.969290696 12766085 0.005376116497795862
178084 2.594098182758379 33441253.803723983 12891283 0.005325278802201153
179776 2.6173184811998977 34079732.284479536 13020858 0.005275158809914505
181476 2.639495972355348 34727310.051100954 13156796 0.005225743074627995
183184 2.6712962658812263 35384073.14804696 13246031 0.0051770184634640035
184900 2.686464123380794 36050108.02469136 13419166 0.005128972148248729
186624 2.712312774344054 36725501.53532305 13540290 0.005081591597067848
188356 2.738429777677987 37410340.939146064 13661238 0.00503486456609394
190096 2.760736025523107 38104713.90027949 13802375 0.004988779091675733
191844 2.7885230092245306 38808708.48775755 13917299 0.004943323482679626
193600 2.8093130416121532 39522413.17552955 14068355 0.004898486313074328
195364 2.834456232926207 40245916.84245989 14198814 0.004854256414749852
197136 2.8604197553446937 40979308.77232808 14326327 0.004810622870562404
198916 2.8805082578930996 41722678.65382873 14484485 0.0047675750075971265
200704 2.9031312313123094 42476116.580571555 14631139 0.004725102390640895
202500 2.9268698077893 43239713.05108136 14773364 0.0046831948158577285
204304 2.952100424253696 44013558.96879805 14909235 0.004641842304659674
206116 2.978586980451549 44797745.64207663 15039932 0.0046010350977662585
207936 3.0013954734264674 45592364.784187205 15190389 0.004560763649445936
209764 3.0284660754954236 46397508.51331499 15320465 0.004521018621933172
211600 3.0537893700406227 47213269.35256029 15460552 0.004481790880015076
213444 3.076999066130762 48039740.22993851 15612530 0.004443071485781705
215296 3.1044969987423827 48877014.47838015 15743940 0.004404851693534437
217156 3.1286444614630984 49725185.83573083 15893524 0.004367122944846977
219024 3.1530976861226603 50584348.44475125 16042747 0.004329876863773788
220900 3.1814608601887526 51454596.853117205 16173261 0.004293105252200951
222784 3.2031893074036635 52336026.01341961 16338724 0.00425680008533463
224676 3.2315615852795903 53228731.28316448 16471520 0.0042209535073225
226576 3.2621236428825156 54132808.4247729 16594346 0.004185557827003699
228484 3.286234617399876 55048353.6055811 16751194 0.004150605513782979
230400 3.3100794943435132 55975463.39784036 16910610 0.004116089193624957
232324 3.338454621026317 56914234.77871709 17048078 0.004082001645164469
234256 3.368359708997501 57864765.1302928 17178915 0.004048335795929198
236196 3.3873221095950563 58827152.239564106 17366861 0.004015084718670892
238144 3.416546302983221 59801494.29844269 17503493 0.003982241627801625
240100 3.447191570059746 60787889.903755374 17634033 0.003949799875931654
242064 3.4718728126260086 61786438.05724405 17796285 0.00391775295050561
244036 3.5028961057553953 62797238.16556572 17927234 0.003886094470533815
246016 3.524813332411311 63820390.040292494 18106034 0.0038548181834156727
248004 3.55651040896921 64855993.89791158 18235851 0.003823917961852188
250000 3.5835382922804935 65904150.35982527 18390804 0.0037933878008447604
252004 3.611016064560733 66964960.452350974 18544631 0.003763221814777504
254016 3.639599205685793 68038525.6067212 18693961 0.0037334142345804597
256036 3.6670404173189857 69124947.65908352 18850337 0.0037039594049711375
258064 3.6975689246071877 70224328.85050067 18992027 0.0036748517817719252
260100 3.726864370789446 71336771.82695045 19141231 0.0036460859293009997
262144 3.75775833581089 72462379.63932574 19283406 0.003617656517834435
