4 0.1059581051096514 39.31045699568067 371 0.10175409561988837
16 0.36954601171027657 314.48365596544534 851 0.05087704780994418
36 0.46072771535537305 914.5445149804154 1985 0.039363857538165785
64 0.5169594344637457 1886.9019357926718 3650 0.033918031873296124
100 0.5553092001905642 3264.6627879203265 5879 0.030631034963247324
144 0.5673623922798218 5073.354511766166 8942 0.028383587164278388
196 0.5838062597206727 7333.774234611091 12562 0.026725665902693808
256 0.6070746812387193 10063.47699089425 16577 0.02543852390497209
324 0.6211477476140225 13277.654252997345 21376 0.02440190065401493
400 0.6227438183142501 16989.69685124937 27282 0.02354368082621705
484 0.6427556037460693 21211.577679224032 33001 0.02281772753160461
576 0.6472350088389696 25954.12385444268 40100 0.022193004981803828
676 0.6462586350316831 31227.21724473093 48320 0.021647782276022806
784 0.6579966337951709 37039.946509597765 56292 0.021166337262308155
900 0.6658186846736188 43400.72514176517 65184 0.020736980708507022
1024 0.6692387539498211 50317.38495447125 75186 0.020350819123977675
1156 0.686330349472871 57797.25138980941 84212 0.02000095112141996
1296 0.6815352020223349 65847.2050785899 96616 0.019681928769082896
1444 0.7016887248217469 74473.7328089561 106135 0.019389386640578685
1600 0.7027753113858471 83682.97020326975 119075 0.019119780238602037
1764 0.7204625614480427 93480.73781044499 129751 0.018870197661222363
1936 0.7231451678000944 103872.57190280556 143640 0.0186382214720892
2116 0.7362305851043397 114863.75096563865 156016 0.018421825704029105
2304 0.7417751941394561 126459.31864728277 170482 0.018219297910549877
2500 0.7470643265183065 138664.1037737159 185612 0.01802917937637066
2704 0.7521374453608132 151482.73790800385 201403 0.0178502186938432
2916 0.7600825475653461 164919.67084053854 216976 0.01768133531396319
3136 0.7688769839462355 178979.1843230047 232780 0.017521590635592818
3364 0.7666334319090136 193665.4043019912 252618 0.017370164857913203
3600 0.7749758471246454 208982.31186317327 269663 0.017226338286261394
3844 0.7817012502603828 224933.7530611749 287749 0.01708947611323834
4096 0.7869007519025901 241523.447781462 306930 0.016959015936648062
4356 0.7941167375317649 258754.99775735027 325840 0.0168344574510784
4624 0.7992600440502861 276631.8938462445 346110 0.016715353879513537
4900 0.8002166824012787 295157.52265366446 368847 0.016601304808177366
5184 0.8112629110853184 314335.17258076183 387464 0.016491950160836932
5476 0.8116666732094125 334168.0393603544 411706 0.01638696510438835
5776 0.8178618102895644 354659.2311375873 433642 0.01628605572022809
6084 0.8266212379658414 375811.7731438383 454636 0.016188955308942408
6400 0.8304292233375759 397628.61200616806 478823 0.016095421221601434
6724 0.8318254659038051 420112.6197292509 505049 0.016005232131168546
7056 0.8358615932578441 443266.5973821606 530311 0.015918185673523006
7396 0.8348927609742905 467093.2785184815 559465 0.015834096400313247
7744 0.8457073961475909 491595.3323548601 581283 0.01575279399603811
8100 0.8476451903195661 516775.36673022667 609660 0.015674121719947344
8464 0.8489072269126368 542635.9308654149 639217 0.015597935039984018
8836 0.8556169817832648 569179.5179407359 665227 0.015524100431386257
9216 0.863738100972458 596408.5675071793 690497 0.015452494316975186
9604 0.8598991353776385 624325.4677452575 726045 0.01538300212977809
10000 0.8720720563313433 652932.5575840654 748714 0.01531551748162366
10404 0.870377220578131 682232.1286918593 783835 0.015249941423821639
10816 0.8745058554213003 712226.4273483359 814433 0.015186181788098841
11236 0.8751883762664574 742917.6562078026 848866 0.015124152597683264
11664 0.8801184572471876 774307.975961559 879777 0.015063773539869964
12100 0.8858680742431572 806399.5069070263 910293 0.015004969492615362
12544 0.8898574759671892 839194.3304304733 943066 0.0149476700987308
12996 0.8860346277652014 872694.4904095685 984944 0.01489180938211353
13456 0.8869543903035086 906901.9945414346 1022490 0.01483732540119055
13924 0.8895875709600463 941818.8156013944 1058714 0.014784159935378748
14400 0.8983317166807837 977446.8926371436 1088069 0.01473225820090227
14884 0.8944473842998724 1013788.1321026986 1133424 0.014681568592768084
15376 0.9037547141838224 1050844.4089360961 1162754 0.014632042450096952
15876 0.9023903654717426 1088617.5675845116 1206371 0.014583633842347959
16384 0.9065539198257494 1127109.422980156 1243290 0.014536299374269767
16900 0.9064709779802759 1166321.7614700578 1286662 0.01448999800766717
17424 0.9124950010307536 1206256.3417025863 1321932 0.014444690898293366
17956 0.9138214822605132 1246914.8954733638 1364506 0.014400341246371429
18496 0.9160958125604021 1288299.1285330055 1406293 0.014356914159416931
19044 0.9151779928149422 1330410.721358952 1453718 0.014314376526180913
19600 0.9224456725826456 1373251.3298934926 1488707 0.014272696900661401
20164 0.923796834605267 1416822.586249925 1533695 0.014231845395244925
20736 0.9312627428188094 1461126.0993886557 1568973 0.014191793582139196
21316 0.9258374389695506 1506163.4557649326 1626812 0.014152514402345714
21904 0.9324998692822791 1551936.2199497651 1664275 0.014113982081498822
22500 0.9334159831363364 1598445.9352254989 1712469 0.014076172051966112
23104 0.9347661452686423 1645694.1241574008 1760541 0.014039060880665963
23716 0.9335306696128532 1693682.289142529 1814276 0.014002626202111877
24336 0.9433015506859107 1742411.9129370744 1847142 0.013966846656241193
24964 0.9376223561809562 1791884.4591632884 1911094 0.01393170183062853
25600 0.94884276541902 1842101.3727970284 1941419 0.013897172206722378
26244 0.9412474067532384 1893064.0806369088 2011229 0.013863239109777194
26896 0.9462510682474514 1944773.9917559603 2055241 0.013829884662183944
27556 0.9468644268541898 1997232.4979366648 2109312 0.01379709173992914
28224 0.9533906085137444 2050440.9740901652 2150683 0.013764843931936999
28900 0.9484135930189577 2104400.7786604166 2218864 0.013733125502071267
29584 0.9581950017658356 2159113.2540139803 2253313 0.013701921353593082
30276 0.9491561736716013 2214579.7268161434 2333209 0.013671216995888965
30976 0.9640782624840116 2270801.508393991 2355412 0.013640998513299196
31684 0.9517963973418448 2327779.89508703 2445670 0.013611252535891249
32400 0.9635237420196986 2385516.1685859202 2475825 0.013581966212036192
33124 0.9546323652661779 2444011.596259858 2560160 0.013553127182657653
33856 0.9682276679589561 2503267.4314731006 2585412 0.013524723557033906
34596 0.9598236614199062 2563284.9138911115 2670579 0.01349674389004329
35344 0.9661026678632608 2624065.269776778 2716135 0.013469177160752034
36100 0.9648790859826895 2685609.7122771223 2783364 0.013442012752251663
36864 0.9712739230758584 2747919.4417009107 2829191 0.013415240432660527
37636 0.9637969220124 2810995.6457875357 2916585 0.01338885033721061
38416 0.9727129480456164 2874839.4999675467 2955486 0.013362832951346907
39204 0.968174127151924 2939452.167615159 3036078 0.013337179094772294
40000 0.972740342485926 3004834.8002930675 3089041 0.013311879906375793
40804 0.9707716471631419 3070988.5379898883 3163451 0.01328692682998687
41616 0.9700118176966442 3137914.509350499 3234924 0.013262311600902691
42436 0.970284949418511 3205613.8318995847 3303786 0.01323802623313902
43264 0.9735300319610889 3274087.6122586257 3363109 0.013214063007359287
44100 0.9713840861183676 3343336.946356609 3441828 0.013190414459439345
44944 0.9751958382834602 3413362.9196346784 3500182 0.013167073369628746
45796 0.9762578405797226 3484166.607244972 3568900 0.013144032752271906
46656 0.9796644864867445 3555749.0742438557 3629558 0.01312128584605526
47524 0.9803030458657939 3628111.375779762 3701010 0.013098826104748792
48400 0.9781503888748109 3701254.557275841 3783932 0.013076647188412479
49284 0.9843018893023594 3775179.6546075977 3835388 0.013054742955040298
50176 0.9814214543651741 3849887.694275711 3922767 0.013033107452616155
51076 0.9840367559394245 3925379.6935742088 3989058 0.013011734911557904
51984 0.9816236793132017 4001656.6607541395 4076569 0.012990619737527222
52900 0.983691780913944 4078719.5951829418 4146339 0.012969756504584446
53824 0.9806474848870079 4156569.487499617 4238597 0.012949139948669018
54756 0.9835730029198924 4235207.319765884 4305941 0.012928764961387257
55696 0.9838332266067108 4314634.065613435 4385534 0.012908626584090487
56644 0.9879743343619779 4394850.690387432 4448345 0.012888720002227537
57600 0.9914497269187964 4475858.151286376 4514458 0.012869040539956696
58564 0.9885845254499299 4557657.397498456 4610286 0.012849583655003072
59536 0.9884132602858161 4640249.370334505 4694645 0.012830344933748287
60516 0.9901383079730913 4723635.003357683 4770682 0.012811320086540057
61504 0.9950601524375605 4807815.22250997 4831683 0.012792504943210192
62500 0.9917556804378406 4892790.946235591 4933464 0.012773895448790056
63504 0.9951485669125686 4978563.085601473 5002834 0.012755487659413261
64516 0.9970132792030263 5065132.54441481 5080306 0.01273727773839603
65536 1.0027392088700051 5152500.219337856 5138425 0.012719261952486046
66564 1 5240667 5240667 0.012701436668271424
67600 0.998722703127966 5329633.769107234 5336450 0.012683798348741638
68644 0.9970070667551719 5419401.402549085 5435670 0.012666343549992885
69696 1.005154182440116 5509970.769503085 5481717 0.012649068918070779
70756 1.0010017862770995 5601342.732536858 5595737 0.012631971185943568
71824 0.9991385601163089 5693518.147707897 5698427 0.012615047170599603
72900 1.0040273657482441 5786497.864661101 5763287 0.012598293770262982
73984 1.001923451740474 5880282.726724131 5868994 0.012581707961721771
75076 1.0038080952158848 5974873.571000655 5952207 0.0125652867977634
76176 1.0042134098786941 6070271.22846155 6044802 0.012549027404712204
77284 1.0060760476689354 6166476.524034108 6129235 0.012532926980064269
78400 1.0072010567931884 6263490.276689312 6218709 0.012516982790215141
79524 1.009089335703765 6361313.2995272335 6304014 0.01250119216827603
80656 1.0053618289676414 6459946.399860606 6425494 0.012485552511974467
81796 1.0150707728387978 6559390.37929663 6462003 0.012470061281635606
82944 1.0148358345414317 6659646.0338170575 6562289 0.01245471599824047
84100 1.0155293719639238 6760714.1538565885 6657330 0.012439514241557738
85264 1.0108351959269113 6862595.5243796585 6789035 0.01242445364834574
86436 1.0128671544544998 6965290.924955632 6876806 0.012409531910621607
87616 1.0111910961514647 7068801.129832449 6990569 0.01239474677399458
88804 1.0149099717362269 7173126.908008802 7067747 0.012380096036060684
90000 1.0174108122120027 7278269.023304811 7153717 0.01236557754485614
91204 1.018008604888982 7384228.234431325 7253601 0.012351189197366922
92416 1.01828816176046 7491005.295057809 7356469 0.012336928938092122
93636 1.021465472462862 7598600.953878907 7438921 0.012322794757658781
94864 1.019107795871515 7707015.954679678 7562513 0.012308784691486054
96100 1.0220978455167005 7816251.03639958 7647263 0.012294896818496607
97344 1.0205807780030718 7926306.933195183 7766467 0.012281129259873305
98596 1.0217523081705258 8037184.374501701 7866079 0.012267480177859285
99856 1.0246702826042016 8148884.085093326 7952689 0.012253947774599667
101124 1.0237393712364353 8261406.785142409 8069834 0.01224053029102317
102400 1.0223212185546136 8374753.190277539 8191900 0.012227226005762024
103684 1.022691696069128 8488924.01164052 8300570 0.01221403323410862
104976 1.0246445693502044 8603919.955942279 8396980 0.012200950327007465
106276 1.0234302908327313 8719741.725517735 8520113 0.012187975670080968
107584 1.024369435860004 8836390.01837967 8626175 0.012175107682687787
108900 1.0267662190298836 8953865.528271588 8720452 0.012162344817012408
110224 1.026505450461357 9072168.944719635 8837916 0.012149685557184733
111556 1.0287761292671302 9191300.953083558 8934209 0.012137128418428565
112896 1.0317055464557743 9311262.234606752 9025116 0.012124671946237802
114244 1.0308566101518932 9432053.466465421 9149724 0.012112314715579314
115600 1.0316999136963345 9553675.321816837 9260130 0.012100055330121493
116964 1.03129489418249 9676128.469846789 9382504 0.012087892421487455
118336 1.0299804876194336 9799413.575816138 9514174 0.01207582464853204
119716 1.03066137031952 9923531.301106619 9628314 0.01206385069664162
121104 1.032338262689924 10048482.303265803 9733711 0.012051969277055964
122500 1.0331027142605036 10174267.23605129 9848263 0.012040179126211274
123904 1.036046355912456 10300886.74947417 9942496 0.012028479005103608
125316 1.0368268777372476 10428341.489841694 10057939 0.012016867698672029
126736 1.0356103755941837 10556632.099799266 10193633 0.012005344015200632
128164 1.0333489527045743 10685759.218371686 10340901 0.011993906785738884
129600 1.0381207653460494 10815723.481003735 10418560 0.01198255486353953
131044 1.0381720475210776 10946525.519600049 10544038 0.0119712871235135
132496 1.03962918907739 11078165.962564358 10655882 0.011960102461701162
133956 1.0399739283841585 11210645.434838062 10779737 0.011948999794759364
135424 1.0429577430649546 11343964.557938168 10876725 0.01193797805946373
136900 1.037605793425803 11478123.949994618 11062124 0.011927036212225621
138384 1.0413794579887299 11613124.225787012 11151674 0.01191617322862331
139876 1.0364748634296157 11748965.996780727 11335505 0.01190538810294682
141376 1.0435445413894413 11885649.871162448 11389691 0.011894679847756029
142884 1.0409075470598508 12023176.453875165 11550667 0.01188404749345148
144400 1.0465748649201614 12161546.346652564 11620331 0.011873490087857598
145924 1.0432182998740682 12300760.148052918 11791166 0.011863006695817758
147456 1.0514393378846292 12440818.453492414 11832179 0.011852596398800902
148996 1.0457250828613724 12581721.855277982 12031577 0.011842258294519266
150544 1.049509557635234 12723470.94263958 12123254 0.011831991496556876
152100 1.0454922744615178 12866066.301762016 12306228 0.011821795134008427
153664 1.0489911497454956 13009508.515816256 12401924 0.011811668351128225
155236 1.0454814593878388 13153798.16499025 12581570 0.011801610306988853
156816 1.0513070869079424 13298935.826519301 12649906 0.011791620175149238
158404 1.0467096050830884 13444922.074715966 12844940 0.011781697143331818
160000 1.052657879310334 13591757.480999498 12911847 0.011771840413108524
161604 1.0487067420630032 13739442.613924865 13101320 0.011762049199595262
163216 1.054351498722736 13887978.039211307 13172057 0.011752322731154678
164836 1.0503586121536805 14037364.319770489 13364354 0.011742660249106869
166464 1.053210289245599 14187602.015734242 13470816 0.011733061007447853
168100 1.0514667858693334 14338691.684481861 13636847 0.011723524272575529
169744 1.052208756104544 14490633.880667044 13771634 0.011714049323022866
171396 1.0519720723892185 14643429.156244403 13919979 0.01170463544919815
173056 1.0550975990788343 14797078.060495632 14024369 0.011695281953131999
174724 1.0502037102516393 14951581.140055237 14236839 0.011685988148231024
176400 1.0550634688112812 15106938.938935956 14318512 0.011676753359037843
178084 1.0515135946583785 15263151.998553768 14515411 0.011667576920997316
179776 1.056074626681089 15420220.857752588 14601450 0.011658458180228773
181476 1.0541337077258361 15578146.052828565 14778150 0.011649396493304088
183184 1.0562079509964843 15736928.11755408 14899460 0.011640391227031383
184900 1.0558063378663805 15896567.583201382 15056329 0.011631441758244222
186624 1.0581779338776167 16057064.978565898 15174258 0.011622547473596131
188356 1.0566727419313664 16218420.829989221 15348575 0.011613707769360253
190096 1.0588541471685367 16380635.661381777 15470153 0.011604922051234035
191844 1.0566725978381513 16543709.994245188 15656420 0.011596189734148742
193600 1.0587051008008646 16707644.347694308 15781207 0.011587510242083722
195364 1.0600040294734634 16872439.238478992 15917335 0.011578883007885206
197136 1.0637066167079992 17038095.181005515 16017664 0.011570307473089599
198916 1.062147929845774 17204612.687357776 16197944 0.011561783087751035
200704 1.0644188294695207 17371992.267318122 16320636 0.011553309310273171
202500 1.061024320505152 17540234.428387996 16531416 0.01154488560724501
204304 1.0626806760010166 17709339.67580822 16664780 0.011536511453280707
206116 1.0599393708174165 17879308.512579065 16868237 0.011528186330863199
207936 1.0622465378672932 18050141.439480025 16992422 0.011519909730191569
209764 1.0606462510980448 18221838.95508934 17179940 0.011511681149032059
211600 1.060280999792103 18394401.555803277 17348610 0.01150350009257257
213444 1.0603172150003097 18567829.735855125 17511580 0.011495366073280618
215296 1.0641861478387906 18742123.987333987 17611697 0.011487278610764607
217156 1.0635567970361004 18917284.800203275 17786812 0.011479237231638366
219024 1.0633494654640983 19093312.66231903 17955821 0.011471241469388783
220900 1.0638013379047002 19270208.059447933 18114480 0.011463290864246564
222784 1.0650548292259825 19447971.47528517 18260066 0.01145538496305992
224676 1.063043046258174 19626603.391471982 18462661 0.011447523319171196
226576 1.062646922670608 19806104.287613064 18638462 0.011439705492296276
228484 1.066450840339341 19986474.641293705 18741112 0.011431931048406768
230400 1.0689033673474297 20167714.92809671 18867669 0.011424199559614835
232324 1.0675381081121187 20349825.621619154 19062388 0.011416510604060641
234256 1.0669090271592219 20532807.193488866 19245134 0.011408863765802304
236196 1.065614424643937 20716660.113380738 19441047 0.01140125863470834
238144 1.0671835261999103 20901384.849032864 19585558 0.011393694806352472
240100 1.065660008644877 21086981.866262406 19787720 0.011386171881910804
242064 1.066929383391871 21273451.628981344 19938950 0.011378689468061228
244036 1.069181481665859 21460794.59921197 20072172 0.011371247176885096
246016 1.0714166312490248 21649011.237102225 20205969 0.011363844625770995
248004 1.069489089990924 21838102.000940867 20419191 0.011356481437320655
250000 1.0690995100188658 22028067.347172406 20604319 0.011349157239256889
252004 1.070486561043277 22218907.73041191 20755896 0.011341871664333527
254016 1.0711199867368157 22410623.603459593 20922608 0.0113346243502473
256036 1.0713263150894687 22603215.417315263 21098348 0.0113274149395516
258064 1.071131335210149 22796683.621192575 21282809 0.011320243079572105
260100 1.0752768462625941 22991028.662533116 21381497 0.01131310842232418
262144 1.0782987260214882 23186250.98702035 21502623 0.01130601062443204
