4 1.7971866293469105 519.3869358812572 289 0.0077013873928367055
16 2.2606613096028605 2077.5477435250286 919 0.0077013873928367055
36 2.1008909765983437 4674.482422931314 2225 0.0077013873928367055
64 2.059016594177432 8310.190974100115 4036 0.0077013873928367055
100 2.014064432609187 12984.673397031429 6447 0.0077013873928367055
144 1.9075627108473023 18697.929691725258 9802 0.0077013873928367055
196 1.8646025245938604 25449.959858181603 13649 0.007701387392836705
256 1.7597016355955775 33240.76389640046 18890 0.0077013873928367055
324 1.7360048612025185 42070.34180638183 24234 0.007701387392836705
400 1.6980088135257525 51938.693588125716 30588 0.0077013873928367055
484 1.6486311448486914 62845.81924163212 38120 0.007701387392836705
576 1.6135248800919257 74791.71876690103 46353 0.0077013873928367055
676 1.5875923269354204 87776.39216393245 55289 0.0077013873928367055
784 1.5463110160817573 101799.83943272641 65834 0.007701387392836705
900 1.5324564055349321 116862.06057328286 76258 0.0077013873928367055
1024 1.501915254725591 132963.05558560183 88529 0.0077013873928367055
1156 1.481911585247145 150102.8244696833 101290 0.0077013873928367055
1296 1.454060823501947 168281.36722552733 115732 0.007701387392836705
1444 1.4397613730669347 187498.68385313384 130229 0.007701387392836705
1600 1.4179567855778024 207754.77435250286 146517 0.0077013873928367055
1764 1.4142620493318252 229049.63872363442 161957 0.007701387392836705
1936 1.393685734375591 251383.27696652847 180373 0.007701387392836705
2116 1.3751191866128727 274755.68908118503 199805 0.0077013873928367055
2304 1.3716581619377923 299166.8750676041 218106 0.0077013873928367055
2500 1.3466560809021453 324616.8349257857 241054 0.0077013873928367055
2704 1.3466767745310289 351105.5686557298 260720 0.0077013873928367055
2916 1.3385882636549404 378633.0762574365 282860 0.007701387392836705
3136 1.3273118233645897 407199.35773090564 306785 0.007701387392836705
3364 1.3187862128940762 436804.41307613725 331217 0.0077013873928367055
3600 1.3062467648806544 467448.2422931314 357856 0.0077013873928367055
3844 1.3021970977797703 499130.84538188815 383299 0.007701387392836705
4096 1.2847509918337847 531852.2223424073 413973 0.0077013873928367055
4356 1.2812284056228953 565612.373174689 441461 0.0077013873928367055
4624 1.271161019616951 600411.2978787333 472333 0.0077013873928367055
4900 1.2695019682639772 636248.99645454 501180 0.007701387392836705
5184 1.2610753842042923 673125.4689021093 533771 0.007701387392836705
5476 1.2580805642485673 711040.715221441 565179 0.0077013873928367055
5776 1.2475294342705983 749994.7354125354 601184 0.007701387392836705
6084 1.2462297476193358 789987.5294753922 633902 0.007701387392836705
6400 1.2359146114320387 831019.0974100115 672392 0.0077013873928367055
6724 1.2304642436892577 873089.4392163933 709561 0.0077013873928367055
7056 1.228548380899593 916198.5548945377 745757 0.007701387392836705
7396 1.2194782572379697 960346.4444444445 787506 0.007701387392836705
7744 1.2122027703932252 1005533.1078661139 829509 0.007701387392836705
8100 1.2117145609170887 1051758.5451595457 867992 0.0077013873928367055
8464 1.20454314490468 1099022.7563247401 912398 0.0077013873928367055
8836 1.202502571872046 1147325.741361697 954115 0.0077013873928367055
9216 1.1958459540999498 1196667.5002704165 1000687 0.0077013873928367055
9604 1.1902129827009622 1247048.0330508985 1047752 0.007701387392836705
10000 1.1885121391497078 1298467.3397031429 1092515 0.0077013873928367055
10404 1.1854309601706114 1350925.42022715 1139607 0.007701387392836705
10816 1.1800866267845496 1404422.2746229193 1190101 0.0077013873928367055
11236 1.1756753905187798 1458957.9028904513 1240953 0.0077013873928367055
11664 1.1742435652745677 1514532.305029746 1289794 0.007701387392836705
12100 1.17226479915599 1571145.481040803 1340265 0.007701387392836705
12544 1.162857766681033 1628797.4309236226 1400685 0.007701387392836705
12996 1.1607318093498924 1687488.1546782046 1453814 0.007701387392836705
13456 1.1555435386606154 1747217.652304549 1512031 0.0077013873928367055
13924 1.1528272695524062 1807985.9238026561 1568306 0.0077013873928367055
14400 1.1481808340477153 1869792.9691725257 1628483 0.0077013873928367055
14884 1.1451249257361502 1932638.788414158 1687710 0.007701387392836705
15376 1.1431731811377503 1996523.3815275526 1746475 0.007701387392836705
15876 1.1361633055863365 2061446.7485127097 1814393 0.007701387392836705
16384 1.1313675798490572 2127408.8893696293 1880387 0.0077013873928367055
16900 1.1318012363410095 2194409.8040983113 1938865 0.0077013873928367055
17424 1.128095972170563 2262449.492698756 2005547 0.0077013873928367055
17956 1.1292737547482998 2331527.9551709634 2064626 0.007701387392836705
18496 1.1238884946864478 2401645.191514933 2136907 0.0077013873928367055
19044 1.1185015857179725 2472801.2017306653 2210816 0.0077013873928367055
19600 1.1155740901561324 2544995.98581816 2281333 0.007701387392836705
20164 1.1130740485506936 2618229.5437774174 2352251 0.007701387392836705
20736 1.1109775546002019 2692501.875608437 2423543 0.007701387392836705
21316 1.110355438566365 2767812.9813112193 2492727 0.0077013873928367055
21904 1.1060480959040313 2844162.860885764 2571464 0.0077013873928367055
22500 1.1045960117025266 2921551.5143320714 2644905 0.0077013873928367055
23104 1.1011432669572268 2999978.9416501415 2724422 0.007701387392836705
23716 1.1001330553591577 3079445.142839974 2799157 0.007701387392836705
24336 1.0991019978934364 3159950.1179015688 2875029 0.007701387392836705
24964 1.0955800761330483 3241493.866834926 2958701 0.007701387392836705
25600 1.092424189225621 3324076.389640046 3042844 0.0077013873928367055
26244 1.093285861326756 3407697.6863169284 3116932 0.007701387392836705
26896 1.088339615949452 3492357.756865573 3208886 0.0077013873928367055
27556 1.087974845399633 3578056.6012859805 3288731 0.0077013873928367055
28224 1.0837866525519508 3664794.2195781507 3381472 0.007701387392836705
28900 1.081187549950381 3752570.611742083 3470786 0.0077013873928367055
29584 1.078822153983877 3841385.777777778 3560722 0.007701387392836705
30276 1.0741326907924862 3931239.7176852357 3659920 0.007701387392836705
30976 1.0709898665286095 4022132.4314644556 3755528 0.007701387392836705
31684 1.0697728390912529 4114063.919115438 3845736 0.007701387392836705
32400 1.0668875439769103 4207034.180638183 3943278 0.0077013873928367055
33124 1.0651591013804558 4301043.21603269 4037935 0.0077013873928367055
33856 1.0625553262501712 4396091.0252989605 4137282 0.0077013873928367055
34596 1.0620189355399836 4492177.608436993 4229847 0.007701387392836705
35344 1.058773865641443 4589302.965446788 4334545 0.0077013873928367055
36100 1.0569978021796622 4687467.096328346 4434699 0.007701387392836705
36864 1.0550874284249319 4786670.001081666 4536752 0.0077013873928367055
37636 1.0537589989360332 4886911.679706749 4637599 0.0077013873928367055
38416 1.0523065959453568 4988192.132203594 4740246 0.007701387392836705
39204 1.0515097892280032 5090511.358572202 4841145 0.007701387392836705
40000 1.0491457264138415 5193869.3588125715 4950570 0.0077013873928367055
40804 1.047426822768133 5298266.132924704 5058364 0.0077013873928367055
41616 1.0435948305037361 5403701.6809086 5177969 0.007701387392836705
42436 1.0446118429348783 5510176.002764258 5274855 0.007701387392836705
43264 1.0428289104381065 5617689.098491677 5386971 0.0077013873928367055
44100 1.0420259378368082 5726240.96809086 5495296 0.0077013873928367055
44944 1.0379031637506315 5835831.611561805 5622713 0.0077013873928367055
45796 1.039477873110064 5946461.028904513 5720623 0.007701387392836705
46656 1.0348832996867885 6058129.220118984 5853925 0.007701387392836705
47524 1.0356424502170554 6170836.1852052165 5958462 0.007701387392836705
48400 1.0329646832693644 6284581.924163212 6084024 0.007701387392836705
49284 1.0305968498609877 6399366.436992969 6209379 0.0077013873928367055
50176 1.0308112166864238 6515189.72369449 6320449 0.007701387392836705
51076 1.0274490004244503 6632051.784267773 6454872 0.007701387392836705
51984 1.0246517174820804 6749952.618712818 6587558 0.007701387392836705
52900 1.0254586498144287 6868892.227029626 6698361 0.007701387392836705
53824 1.021492161699283 6988870.609218196 6841825 0.0077013873928367055
54756 1.0213354401922567 7109887.765278529 6961364 0.007701387392836705
55696 1.018590648753861 7231943.6952106245 7099951 0.0077013873928367055
56644 1.0181848384160148 7355038.399014482 7223677 0.0077013873928367055
57600 1.0186582018814716 7479171.876690103 7342180 0.0077013873928367055
58564 1.0156354744505227 7604344.128237486 7487277 0.0077013873928367055
59536 1.0189241557912296 7730555.153656632 7586978 0.007701387392836705
60516 1.011167768574465 7857804.952947539 7771020 0.0077013873928367055
61504 1.0100046359138077 7986093.52611021 7906987 0.007701387392836705
62500 1.007098950083324 8115420.873144643 8058216 0.007701387392836705
63504 1.0051164006360016 8245786.994050839 8203813 0.007701387392836705
64516 1.0039247548043113 8377191.888828796 8344442 0.0077013873928367055
65536 1.002014070655558 8509635.557478517 8492531 0.0077013873928367055
66564 1 8643118 8643118 0.0077013873928367055
67600 0.9993285411552596 8777639.216393245 8783537 0.0077013873928367055
68644 0.9982568925458379 8913199.206658253 8928763 0.0077013873928367055
69696 0.995518413849106 9049797.970795024 9090538 0.0077013873928367055
70756 0.9943460689318064 9187435.508803558 9239676 0.0077013873928367055
71824 0.9923886027018752 9326111.820683854 9397641 0.007701387392836705
72900 0.991964262061495 9465826.906435912 9542508 0.007701387392836705
73984 0.9899724477479728 9606580.766059732 9703887 0.0077013873928367055
75076 0.9890759788393043 9748373.399555316 9856041 0.007701387392836705
76176 0.9882197184189273 9891204.806922661 10009115 0.0077013873928367055
77284 0.9873511753289173 10035074.988161769 10163633 0.0077013873928367055
78400 0.9841011293373519 10179983.94327264 10344449 0.007701387392836705
79524 0.9837434202082465 10325931.672255274 10496570 0.007701387392836705
80656 0.9823821913165731 10472918.17510967 10660737 0.007701387392836705
81796 0.9817528918083167 10620943.451835828 10818347 0.007701387392836705
82944 0.9810518218569403 10770007.502433749 10978021 0.007701387392836705
84100 0.9795577096650272 10920110.326903433 11148001 0.007701387392836705
85264 0.9768555465704801 11071251.925244877 11333561 0.0077013873928367055
86436 0.9758554250148886 11223432.297458086 11501122 0.007701387392836705
87616 0.975132915412154 11376651.443543056 11666770 0.0077013873928367055
88804 0.9742025951369234 11530909.36349979 11836254 0.007701387392836705
90000 0.9729045172850503 11686206.057328286 12011668 0.0077013873928367055
91204 0.971112609063009 11842541.525028545 12194818 0.007701387392836705
92416 0.9697644527920657 11999915.766600566 12374052 0.007701387392836705
93636 0.9683533342809274 12158328.78204435 12555674 0.007701387392836705
94864 0.9665555898918907 12317780.571359895 12743996 0.007701387392836705
96100 0.9658340818976071 12478271.134547204 12919684 0.007701387392836705
97344 0.9639728136771503 12639800.471606275 13112196 0.007701387392836705
98596 0.962675521933933 12802368.582537107 13298737 0.0077013873928367055
99856 0.9621900355883127 12965975.467339704 13475483 0.007701387392836705
101124 0.9599271049912506 13130621.126014063 13678769 0.007701387392836705
102400 0.959070539370303 13296305.558560183 13863741 0.0077013873928367055
103684 0.9571577562229743 13463028.764978066 14065632 0.0077013873928367055
104976 0.9554877033320202 13630790.745267713 14265794 0.007701387392836705
106276 0.9540040631702895 13799591.499429122 14464919 0.007701387392836705
107584 0.9530600530380278 13969431.027462292 14657451 0.0077013873928367055
108900 0.951940275023076 14140309.329367226 14854198 0.0077013873928367055
110224 0.9503226182131922 14312226.405143922 15060387 0.0077013873928367055
111556 0.9493149063563505 14485182.254792381 15258564 0.007701387392836705
112896 0.9481301563656999 14659176.878312603 15461144 0.007701387392836705
114244 0.9450476817835363 14834210.275704585 15696785 0.0077013873928367055
115600 0.9437500618970397 15010282.446968332 15904934 0.0077013873928367055
116964 0.9433465937233665 15187393.39210384 16099484 0.0077013873928367055
118336 0.9423520552582774 15365543.111111112 16305523 0.007701387392836705
119716 0.9408901709502057 15544731.603990145 16521303 0.0077013873928367055
121104 0.9392166578552849 15724958.870740943 16742632 0.007701387392836705
122500 0.938129168956084 15906224.911363501 16955261 0.007701387392836705
123904 0.9361028290843427 16088529.725857822 17186712 0.007701387392836705
125316 0.9345445202466929 16271873.314223906 17411555 0.007701387392836705
126736 0.9342751756713069 16456255.676461753 17613928 0.007701387392836705
128164 0.9319813356260541 16641676.81257136 17856234 0.0077013873928367055
129600 0.9303788234581123 16828136.72255273 18087403 0.0077013873928367055
131044 0.9299085235028194 17015635.406405866 18298182 0.007701387392836705
132496 0.9289522725668238 17204172.86413076 18519975 0.0077013873928367055
133956 0.9275412148665458 17393749.09572742 18752535 0.007701387392836705
135424 0.9262202715836007 17584364.101195842 18985078 0.0077013873928367055
136900 0.9252841542664102 17776017.880536027 19211415 0.007701387392836705
138384 0.9240417821179361 17968710.433747973 19445777 0.007701387392836705
139876 0.924025866846221 18162441.76083168 19655772 0.0077013873928367055
141376 0.9222132552113039 18357211.86178715 19905604 0.0077013873928367055
142884 0.9209794616108107 18553020.736614387 20144880 0.007701387392836705
144400 0.9203761260175755 18749868.385313384 20371963 0.007701387392836705
145924 0.9193094109519144 18947754.80788414 20610857 0.0077013873928367055
147456 0.9175573390347724 19146680.004326664 20867012 0.0077013873928367055
148996 0.9168211304190778 19346643.974640947 21101874 0.0077013873928367055
150544 0.9161270576477321 19547646.718826994 21337266 0.0077013873928367055
152100 0.9147792652295806 19749688.236884803 21589567 0.0077013873928367055
153664 0.9139812224593428 19952768.528814375 21830611 0.007701387392836705
155236 0.9127367123035625 20156887.59461571 22084011 0.0077013873928367055
156816 0.9113240299430639 20362045.434288807 22343365 0.007701387392836705
158404 0.9114585290954349 20568242.047833666 22566295 0.007701387392836705
160000 0.910183031093078 20775477.435250286 22825604 0.0077013873928367055
161604 0.9087989530731563 20983751.59653867 23089542 0.0077013873928367055
163216 0.906431108994697 21193064.531698816 23380778 0.0077013873928367055
164836 0.907462819285015 21403416.240730725 23585998 0.0077013873928367055
166464 0.9063569050980862 21614806.7236344 23848008 0.007701387392836705
168100 0.9055443290794671 21827235.98040983 24103995 0.0077013873928367055
169744 0.9038376199753638 22040704.01105703 24385690 0.007701387392836705
171396 0.9036945189640047 22255210.815575987 24626918 0.0077013873928367055
173056 0.902795224047257 22470756.39396671 24890203 0.0077013873928367055
174724 0.9019189051730494 22687340.746229194 25154524 0.007701387392836705
176400 0.9028928753997763 22904963.87236344 25368418 0.0077013873928367055
178084 0.8998825460849729 23123625.77236945 25696271 0.007701387392836705
179776 0.8986751991268316 23343326.44624722 25975265 0.0077013873928367055
181476 0.8976902253562934 23564065.893996757 26249663 0.007701387392836705
183184 0.896486865420936 23785844.115618054 26532284 0.007701387392836705
184900 0.8964674714305951 24008661.111111112 26781408 0.0077013873928367055
186624 0.89686179386875 24232516.880475935 27019232 0.007701387392836705
188356 0.8959603525882813 24457411.423712518 27297426 0.0077013873928367055
190096 0.8954628799966938 24683344.740820866 27564900 0.007701387392836705
191844 0.8905330014177196 24910316.831800975 27972368 0.007701387392836705
193600 0.8952323213562529 25138327.69665285 28080228 0.007701387392836705
195364 0.895320126991772 25367377.335376482 28333304 0.007701387392836705
197136 0.8918739572306843 25597465.747971877 28700766 0.0077013873928367055
198916 0.8925351568272478 25828592.934439037 28938460 0.0077013873928367055
200704 0.8914232257005211 26060758.89477796 29235001 0.007701387392836705
202500 0.8902304949561314 26293963.628988642 29536130 0.0077013873928367055
204304 0.8894497239039622 26528207.13707109 29825415 0.007701387392836705
206116 0.8882706645613802 26763489.419025302 30129881 0.007701387392836705
207936 0.8874476283026151 26999810.474851273 30424117 0.007701387392836705
209764 0.8863313668405195 27237170.304549005 30730234 0.0077013873928367055
211600 0.8851169358816691 27475568.908118505 31041739 0.007701387392836705
213444 0.8843042864214753 27715006.285559762 31341029 0.0077013873928367055
215296 0.88455564453117 27955482.436872784 31603984 0.0077013873928367055
217156 0.8834296461514936 28196997.36205757 31917649 0.007701387392836705
219024 0.881698036507901 28439551.061114118 32255432 0.007701387392836705
220900 0.8801861743872729 28683143.534042425 32587587 0.0077013873928367055
222784 0.8804312728787073 28927774.780842498 32856369 0.0077013873928367055
224676 0.8786329207111712 29173444.801514335 33203223 0.007701387392836705
226576 0.8783179420329285 29420153.59605793 33496018 0.0077013873928367055
228484 0.8773652399992373 29667901.16447329 33814767 0.007701387392836705
230400 0.876939292688923 29916687.50676041 34114890 0.0077013873928367055
232324 0.8769604526197011 30166512.6229193 34398943 0.007701387392836705
234256 0.8751456871506094 30417376.512949944 34756929 0.0077013873928367055
236196 0.8741709553978875 30669279.176852353 35083846 0.0077013873928367055
238144 0.8727238273446828 30922220.614626527 35431851 0.007701387392836705
240100 0.8721758837052729 31176200.82627246 35745314 0.007701387392836705
242064 0.8708580589643103 31431219.811790157 36092242 0.0077013873928367055
244036 0.8707249186851835 31687277.571179617 36391835 0.0077013873928367055
246016 0.8696248530242818 31944374.10444084 36733511 0.007701387392836705
248004 0.8681285174243897 32202509.411573824 37094173 0.0077013873928367055
250000 0.8665931771627586 32461683.492578574 37458965 0.007701387392836705
252004 0.8665184353017975 32721896.34745508 37762493 0.0077013873928367055
254016 0.8659781259838365 32983147.976203356 38087738 0.007701387392836705
256036 0.8691960328691483 33245438.37882339 38248493 0.0077013873928367055
258064 0.8634267489786256 33508767.555315185 38809045 0.0077013873928367055
260100 0.8636872463183984 33773135.50567874 39103432 0.0077013873928367055
262144 0.8623102653747858 34038542.22991407 39473660 0.0077013873928367055
