4 0.22433349748383344 64.83238077282786 289 0.061697564586066456
16 0.5643732820267932 518.6590461826229 919 0.030848782293033228
36 0.6778891946840979 1508.3034581721179 2225 0.023867876059654246
64 0.7710491271297665 3111.9542770957373 4036 0.020565854862022153
100 0.8351500975170317 5384.212678692304 6447 0.01857281759982178
144 0.8536196225780733 8367.179540510275 9802 0.017210100405138207
196 0.8861568113534186 12095.154318162811 13649 0.01620483665145757
256 0.8786177595470583 16597.089477843932 18890 0.015424391146516614
324 0.9036081292605044 21898.039404499064 24234 0.014795845144631193
400 0.9160484108817836 28020.088792051996 30588 0.014275472250232894
484 0.9177068157480495 34982.983816315646 38120 0.013835297827690392
576 0.9234479104551662 42804.580993328316 46353 0.013456503641275628
676 0.9314904935060453 51501.17789545574 55289 0.013125913379539375
784 0.9279060045588221 61087.763904125495 65834 0.01283399407499107
900 0.9386322076194944 71578.2148886474 76258 0.012573658080186961
1024 0.937381506503176 82985.44738921967 88529 0.01233951291721329
1156 0.9410755535438772 95321.54281845932 101290 0.012127373999827214
1296 0.938356279925971 108597.84898839248 115732 0.011933938029827123
1444 0.9431467965655768 122825.0641699385 130229 0.011756558075167038
1600 0.9419610521464344 138013.30747733914 146517 0.011593084965829902
1764 0.9519327870550947 154172.17839308197 161957 0.011441753099592672
1936 0.9497585977907517 171310.80755931124 180373 0.011301096688425322
2116 0.9481139133928657 189437.9004654615 199805 0.011169887307665717
2304 0.956240430334159 208561.77529846207 218106 0.011047086632739215
2500 0.9487102307018253 228690.39595159778 241054 0.010931810186419564
2704 0.9582364259905439 249831.4009842546 260720 0.010823299190362451
2916 0.9615786225307277 271992.12916904164 282860 0.01072089846463065
3136 0.9621710388134982 295179.64214239904 306785 0.010624038897937099
3364 0.9643247314623342 319400.74458075996 331217 0.01053222341236408
3600 0.9631304274628193 344662.00225013465 357856 0.010445015628346927
3844 0.9678338796029029 370969.7582179131 383299 0.010362030636853092
4096 0.9622128676707282 398330.1474682544 413973 0.010282927431011077
4356 0.9666745423130412 426749.11012405745 441461 0.010207402655704884
4624 0.965912615564075 456232.4034472263 472333 0.010135185412219128
4900 0.9712790070698731 486785.612763279 501180 0.01006603291371892
5184 0.9712295374517441 518414.1614351549 533771 0.009999726831629837
5476 0.9751305692417166 551123.3199934642 565179 0.009936070206691563
5776 0.9729437485290984 584918.2145157175 601184 0.009874884824337765
6084 0.977759707864494 619803.8343347184 633902 0.009816008974081953
6400 0.9753016679940884 655785.0391458811 672392 0.00975929552820479
6724 0.9764721645840039 692866.5655743903 709561 0.009704610287300797
7056 0.9802831663069823 731053.0332555962 745757 0.009651830549936354
7396 0.978213436438069 770348.950475598 787506 0.009600843871383038
7744 0.9773959286920817 810758.71941344 829509 0.009551546982562895
8100 0.981906101693998 852286.6410215767 867992 0.009503844845310604
8464 0.980862430186333 894936.9195771499 912398 0.009457649824078292
8836 0.9838579908428495 938713.6669330253 954115 0.009412880957479896
9216 0.9829456228515447 983620.9064944438 1000687 0.009369463315745475
9604 0.9827350145305336 1029662.5769443957 1047752 0.009327327432352279
10000 0.9856546919158645 1076842.5357384607 1092515 0.00928640879991089
10404 0.9873268261670475 1125164.5623877505 1139607 0.009246647421885837
10816 0.9870022473275334 1174632.3615467448 1190101 0.009207987412978808
11236 0.987345665727214 1225249.5659211834 1240953 0.009170376642045492
11664 0.9900958905140919 1277019.7390097326 1289794 0.009133766412291223
12100 0.9923010581428715 1329946.3776918557 1340265 0.009098111174226252
12544 0.9881114702257712 1384032.9146731843 1400685 0.009063368267482318
12996 0.990004719172235 1439282.7207986636 1453814 0.009029497688118197
13456 0.9891987050813329 1495699.107242833 1512031 0.008996461878488881
13924 0.9904223586377916 1553285.3275858003 1568306 0.008964225537133884
14400 0.9899056850963254 1612044.5797827193 1628483 0.00893275544646595
14884 0.9906796831410263 1671980.0080339415 1687710 0.008902020316320584
15376 0.9923386848150718 1733094.7045624026 1746475 0.008871990641666844
15876 0.9895274680316161 1795391.711304288 1814393 0.008842638572986757
16384 0.9885592814237285 1858874.0215185205 1880387 0.008813937798009493
16900 0.9920982540404799 1923544.581320195 1938865 0.008785863433641319
17424 0.991951966791438 1989406.291142668 2005547 0.008758391927066875
17956 0.9960457763937246 2056462.0071326701 2064626 0.008731500965114398
18496 0.9942943434049593 2124714.5424824613 2136907 0.008705169391079591
19044 0.9924691465516671 2194166.6687027705 2210816 0.008679377128292238
19600 0.9927621775689791 2264821.116839972 2281333 0.00865410510978775
20164 0.9933806292953903 2336680.578640711 2352251 0.008629335213514618
20736 0.9943077996416647 2409747.707666959 2423543 0.008605050202569103
21316 0.9965090923973129 2484025.1203642767 2492727 0.008581233670001718
21904 0.9953533851089739 2559515.3970858622 2571464 0.008557869987787068
22500 0.9967167376804824 2636221.0830747965 2644905 0.00853494425959024
23104 0.9962277097331925 2714144.6894067237 2724422 0.008512442276999694
23716 0.9979035452084575 2793288.6938950703 2799157 0.008490350478929369
24336 0.9995222802833496 2873655.541960758 2875029 0.008468655913921755
24964 0.9988328146265028 2955247.6474682484 2958701 0.008447346205109606
25600 0.9984302164454119 3038067.393529623 3042844 0.008426409517617037
26244 1.0016635375036493 3122117.1332783247 3116932 0.008405834528201364
26896 0.9995366587077433 3207399.190614056 3208886 0.008385610396955536
27556 1.0015765536677372 3293915.8609202513 3288731 0.008365726740907532
28224 1.0000583804199645 3381669.411755458 3381472 0.008346173609367877
28900 0.9999642972859397 3470662.0835198774 3470786 0.008326941460889845
29584 1.0000488917972892 3560896.090098227 3560722 0.008308021141718833
30276 0.9979381023301211 3652373.619480057 3659920 0.008289403865618222
30976 0.99722245030753 3745096.8343585376 3755528 0.008271081194968779
31684 0.9982660985332134 3839067.8727087257 3845736 0.008253045023047422
32400 0.997720386020517 3934288.8483462124 3943278 0.008235287557399202
33124 0.9982235601779271 4030761.851467058 4037935 0.008217801304223421
33856 0.9978746793594959 4128488.949169814 4137282 0.008200579053701477
34596 0.9994385579337587 4227472.185960435 4229847 0.008183613866199847
35344 0.9984239601251825 4327713.584240809 4334545 0.008166899059287039
36100 0.9987634210983909 4429215.144781613 4434699 0.008150428195508201
36864 0.998947892055849 4531978.847180157 4536752 0.0081341950708656
37636 0.9996566435139906 4636006.65030384 4637599 0.008118193703957126
38416 1.0002224552733805 4741300.492719821 4740246 0.008102418325728786
39204 1.0013875422263676 4847862.293111469 4841145 0.00808686336980046
40000 1.0010350223675497 4955693.95068212 4950570 0.00807152346332732
40804 1.0012718233695086 5064797.3455466805 5058364 0.008056393418362078
41616 0.9994602785593162 5175174.339111504 5177969 0.00804146822368593
42436 1.0022695930870285 5286826.774443077 5274855 0.008026743037078283
43264 1.0023734073611843 5399756.476625886 5386971 0.008012213177997635
44100 1.0033973152874618 5513965.253109927 5495296 0.007997874120647966
44944 1.0011990464475473 5629454.894048228 5622713 0.007983721487406763
45796 1.004475766472423 5746227.172624772 5720623 0.007969751042592564
46656 1.0017695555329449 5864283.845373195 5853925 0.007955958686551414
47524 1.0042233469788964 5983626.652486568 5958462 0.00794234045004309
48400 1.0033256473213514 6104257.318118638 6084024 0.007928892488909219
49284 1.0027053511593986 6226177.550676796 6209379 0.007915611079006693
50176 1.0045787954474577 6349389.043107089 6320449 0.007902492611390883
51076 1.0029468397160453 6473893.473171589 6454872 0.007889533587734128
51984 1.0018420336820297 6599692.503718324 6587558 0.007876730615966087
52900 1.0042438415821597 6726787.782944118 6698361 0.007864080406123236
53824 1.0019521026408162 6855180.944650503 6841825 0.007851579766395809
54756 1.0033771554673792 6984873.608493017 6961364 0.007839225599361071
55696 1.0022417591648245 7115867.380224056 7099951 0.007827014898392656
56644 1.0033898043793408 7248163.851929544 7223677 0.007814944744236255
57600 1.005391396323653 7381764.602259598 7342180 0.007803012301742639
58564 1.0039258860936244 7516671.196653414 7487277 0.007791214816749464
59536 1.0086868826505804 7652885.1875585355 7586978 0.007779549613103956
60516 1.0024949253308744 7790408.11464473 7771020 0.007768014089818931
61504 1.0028145366892107 7929241.505012612 7906987 0.007756605718355173
62500 1.0013862712785555 8069386.873397197 8058216 0.007745322040023546
63504 1.0008572504476354 8210845.722366568 8203813 0.007734160663500639
64516 1.0010998389725474 8353619.542515761 8344442 0.007723119262452127
65536 1.000609807918993 8497709.812656093 8492531 0.007712195573258307
66564 1 8643118 8643118 0.0077013873928367055
67600 1.0007182255100162 8789845.56034157 8783537 0.007690692576556839
68644 1.0010226431402547 8937893.93823291 8928763 0.00768010903624254
69696 0.9996399076882387 9087264.567156427 9090538 0.0076696347382575625
70756 0.9998141568701336 9237958.869693208 9239676 0.007659267701670315
71824 0.999184610019427 9389978.257687578 9397641 0.00764900599649394
72900 1.0000855259862442 9543324.132407943 9542508 0.007638847741998059
73984 0.9993931179025549 9697997.88470407 9703887 0.007628791105088758
75076 0.9997930097044921 9854000.895160872 9856041 0.007618834298753566
76176 1.000221751298573 10011334.534248816 10009115 0.007608975580568365
77284 1.0006264652089507 10170000.162471043 10163633 0.007599213251263314
78400 0.9986031281615207 10329999.130507315 10344449 0.0075895456533450565
79524 0.9995010540924176 10491332.779354848 10496570 0.007579971169772601
80656 0.9993682838687556 10654002.440466147 10660737 0.007570488222684417
81796 0.9999687970707475 10818009.43588393 10818347 0.007561095272174397
82944 1.000485887062267 10983355.078373196 10978021 0.007551790815114509
84100 1.0001829629859669 11150040.671550522 11148001 0.007542573384022022
85264 0.998632954815411 11318067.510010704 11333561 0.007533441545969305
86436 0.9988101056097638 11487436.879450778 11501122 0.0075243939015343314
87616 0.9992611542690453 11658150.05679147 11666770 0.007515429083790116
88804 0.9994892227132193 11830208.310296232 11836254 0.007506545757331328
90000 0.9993293936935165 12003612.899687814 12011668 0.007497742617336543
91204 0.9986508266267317 12178365.076262547 12194818 0.00748901838866452
92416 0.9984171783828216 12354466.08300231 12374052 0.007480371824983116
93636 0.9981078797270707 12531917.154684309 12555674 0.007471801707929403
94864 0.9973888502467096 12710719.517988667 12743996 0.007463306846299696
96100 0.9977700996095527 12890874.391603943 12919684 0.007454886075268226
97344 0.9969636654554715 13072382.986330573 13112196 0.007446538255633263
98596 0.9967297274306829 13255246.505182337 13298737 0.007438262273089559
99856 0.9973272307557264 13439466.143485868 13475483 0.00743005703752603
101124 0.9960723138886454 13625043.088978272 13678769 0.007421921482347634
102400 0.9962663412352326 13811978.521902885 13863741 0.007413854563820469
103684 0.9953533275364569 14000273.615103269 14065632 0.007405855260439151
104976 0.9946820719628641 14189929.534115395 14265794 0.0073979225723155954
106276 0.9941948127921185 14380947.437258158 14464919 0.007390055520588313
107584 0.9942607671499092 14573328.475722203 14657451 0.007382253146851444
108900 0.9941347081584019 14767073.793657117 14854198 0.007374514512602739
110224 0.9934794191050368 14962184.528257048 15060387 0.0073668386987097295
111556 0.9934527134955 15158661.80984475 15258564 0.007359224804893415
112896 0.993232244777885 15356506.761954127 15461144 0.007351671949228765
114244 0.9910131597910848 15555720.501411304 15696785 0.007344179267661381
115600 0.9906551098177606 15756304.138414234 15904934 0.007336745913539745
116964 0.991227965853497 15958258.776610922 16099484 0.007329371057162404
118336 0.9911724704062697 16161585.51317625 16305523 0.007322053885339579
119716 0.9906171104595966 16366285.438887464 16521303 0.007314793600968625
121104 0.9898300122823201 16572359.638198366 16742632 0.007307589422622837
122500 0.9896520725521235 16779809.18931219 16955261 0.00730044058415311
123904 0.9884750011667891 16988635.16425327 17186712 0.007293346334301963
125316 0.9877830342515312 17198838.62893742 17411555 0.0072863059363295095
126736 0.9884462252395481 17410420.643241182 17613928 0.007279318667650893
128164 0.9869596389176951 17623382.26106987 17856234 0.007272383819484801
129600 0.9861960022909024 17837724.530424476 18087403 0.00726550069651266
131044 0.9866252556383712 18053448.493467443 18298182 0.007258668616548117
132496 0.9865323893032999 18270555.186587382 18519975 0.007251886910216433
133956 0.9859491338351156 18489045.64046269 18752535 0.007245154920643473
135424 0.9854539907670707 18708920.88012412 18985078 0.007238472003153908
136900 0.9853611472666816 18930181.925016336 19211415 0.007231837524978348
138384 0.9849351758512139 19152829.78905849 19445777 0.007225250864969057
139876 0.9858104520495955 19376865.480703782 19655772 0.007218711413323988
141376 0.9847623816387617 19602290.00299806 19905604 0.007212218571318827
142884 0.984324769054844 19829104.353637546 20144880 0.007205771751046772
144400 0.9845545824437998 20057309.52502554 20371963 0.007199370375165815
145924 0.9842825314992156 20286906.50432833 20610857 0.007193013876653213
147456 0.9832694912683307 20517896.27353015 20867012 0.0071867016985669675
148996 0.9833382480384123 20750279.809487324 21101874 0.007180433293814038
150544 0.9834464304837138 20984058.08398151 21337266 0.007174208124925082
152100 0.98284657880226 21219232.06377217 21589567 0.007168025663835498
153664 0.9828310673781984 21455802.71064824 21830611 0.0071618853916725535
155236 0.982329296135513 21693770.981478926 22084011 0.007155786798548434
156816 0.9816398661644661 21933137.828263815 22343365 0.007149729383358973
158404 0.9826116426370478 22173904.1981822 22566295 0.007143712653587898
160000 0.9820581761447188 22416071.0336416 22825604 0.007137736125116446
161604 0.9813810630079042 22659639.27232565 23089542 0.007131799322038101
163216 0.9796342040988196 22904609.847241193 23380778 0.007125901776478371
164836 0.981556247344916 23150983.686764695 23585998 0.0071200430284193905
166464 0.9811621043857424 23398761.714688018 23848008 0.007114222625529204
168100 0.9810798936136285 23647944.85026343 24103995 0.007108440122995611
169744 0.9800228744090502 23898534.00824803 24385690 0.007102695083364392
171396 0.9806558051213508 24150530.098947484 24626918 0.007096987076381801
173056 0.9804634388983958 24403934.02825917 24890203 0.0070913156788411785
174724 0.9802907301173582 24658746.697714612 25154524 0.007085680474433582
176400 0.9821254523841977 24914969.004521422 25368418 0.007080081053602273
178084 0.9796208111910294 25172601.841604523 25696271 0.007074517013400978
179776 0.9790716705930389 25431646.097646892 25975265 0.00706898795735578
181476 0.9787593332961884 25692102.657129623 26249663 0.007063493495330557
183184 0.9782034746941316 25953972.400371514 26532284 0.0070580332433958295
184900 0.9789349463466616 26217256.203568053 26781408 0.0070526068237009455
186624 0.9801150135884631 26481954.938829836 27019232 0.007047213864349487
188356 0.9798751528521594 26748069.47422051 27297426 0.007041853999277795
190096 0.980072507928349 27015600.673794147 27564900 0.007036526868136535
191844 0.9754107838718592 27284549.39763211 27972368 0.0070312321161752145
193600 0.9812924774641938 27554916.501879424 28080228 0.007025969394129546
195364 0.9821199405046672 27826702.83878065 28333304 0.007020738358111591
197136 0.9790647837313899 28099909.25671523 28700766 0.007015538669502609
198916 0.9805130127944763 28374536.60023244 28938460 0.007010369994848498
200704 0.9800097393561154 28650585.710085772 29235001 0.007005232005757803
202500 0.9794125846299744 28928057.423266925 29536130 0.007000124378802174
204304 0.9792639121044691 29206952.573039312 29825415 0.0069950467954192274
206116 0.9786720362078803 29487271.988971125 30129881 0.006989998941817738
207936 0.9784677233843132 29769016.496967983 30424117 0.006984980508885088
209764 0.9779355054473421 30052186.919305097 30730234 0.006979991192096925
211600 0.9772900955922305 30336784.07465907 31041739 0.00697503069142895
213444 0.9770837064136997 30622808.77813925 31341029 0.006970098711270783
215296 0.9780495345561085 30910261.8413187 31603984 0.0069651949603418495
217156 0.9774887891105236 31199144.072264716 31917649 0.00696031915160924
219024 0.9762528145823325 31489456.275569033 32255432 0.006955471002207456
220900 0.9752547573521633 31781199.25237751 32587587 0.00695065023336005
222784 0.9761995855482278 32074373.80041964 32856369 0.006945856570303026
224676 0.9748746594280158 32368980.71403746 33203223 0.006941089742210039
226576 0.9751911640426701 32665020.784214232 33496018 0.0069363494821192825
228484 0.9747958576382552 32962494.798602767 33814767 0.006931635526862036
230400 0.9749819958837117 33261403.541553278 34114890 0.006926947616992849
232324 0.975662182240339 33561747.79414103 34398943 0.006922285496721283
234256 0.9742957536378876 33863528.33419355 34756929 0.006917648913845195
236196 0.9738597625903808 34166745.93631748 35083846 0.006913037619685517
238144 0.972893043943011 34471401.37192522 35431851 0.006908451369022474
240100 0.9729246023481879 34777495.409261115 35745314 0.006903889920033238
242064 0.9720933604908051 35085028.813427374 36092242 0.006899353034230937
244036 0.9725808645375996 35394002.34640968 36391835 0.0068948404764050284
246016 0.9719848660015769 35704416.76710245 36733511 0.006890352014562963
248004 0.9709415231156086 36016272.83133388 37094173 0.006885887419873119
250000 0.9698498421376707 36329571.29189053 37458965 0.0068814464666090034
252004 0.9703891344923068 36644312.89854179 37762493 0.0068770289320946205
254016 0.9704041336890085 36960498.39806393 38087738 0.006872634596651054
256036 0.9746299948147991 37278128.53426388 38248493 0.006868263243544178
258064 0.9687742650715268 37597204.04800281 38809045 0.006863914658933489
260100 0.9696776916465879 37917725.67721932 39103432 0.006859588631822033
262144 0.9687395128030293 38239694.156952426 39473660 0.006855284954007383
