4 0.00005100982270220788 0.018924644222519122 371 211.36460759670476
16 0.00035580999713314445 0.30279430756030595 851 52.84115189917619
36 0.0007722398901884378 1.532896182024049 1985 23.48495639963386
64 0.001327317512593122 4.844708920964895 3650 13.210287974794047
100 0.0020118902260715175 11.827902639074452 5879 8.45458430386819
144 0.0027428247497634515 24.526338912384784 8942 5.871239099908465
196 0.0036171048223426535 45.43807077826841 12562 4.3135634203409134
256 0.004676077863029398 77.51534273543832 16577 3.302571993698512
324 0.0058085979951322956 124.16459074394795 21376 2.6094395999593183
400 0.006936677744490551 189.24644222519123 27282 2.1136460759670475
484 0.008395979396439577 277.0757160619025 33001 1.7468149388157417
576 0.009786070388981459 392.42142259815654 40100 1.4678097749771162
676 0.011185984346841238 540.5067636393686 48320 1.2506781514597916
784 0.012914963626310925 727.0091324522946 56292 1.0783908550852284
900 0.014697780341265197 958.0601137650306 65184 0.9393982559853544
1024 0.016495697121365855 1240.2454837670132 75186 0.825642998424628
1156 0.018769358406272498 1580.6052101090195 84212 0.7313654242100511
1296 0.020562157943851612 1986.6334519031673 96616 0.6523598999898296
1444 0.02323718433808748 2466.2785597229145 106135 0.5854975279687112
1600 0.025428873194231028 3027.9430756030597 119075 0.5284115189917619
1764 0.028365744641966083 3680.4837330397413 129751 0.47928482448232373
1936 0.03086334904616012 4433.21145699044 143640 0.4367037347039354
2116 0.033944540072005265 5295.891363873973 156016 0.39955502381229635
2304 0.036829358885809085 6278.742761570505 170482 0.36695244374427904
2500 0.03982737726774956 7392.439149421532 185612 0.3381833721547276
2704 0.0429393217490797 8648.108218229898 201403 0.3126695378649479
2916 0.04635227790290071 10057.331850259785 216976 0.2899377333288131
3136 0.04997055640191044 11632.146119236713 232780 0.2695977137713071
3364 0.0529853030676656 13385.041290347548 252618 0.2513253360246192
3600 0.056844883503634126 15328.961820240489 269663 0.2348495639963386
3844 0.06073802639461851 17477.30635702508 287749 0.21994235962196126
4096 0.06465294282172551 19843.92774027221 306930 0.206410749606157
4356 0.06887777130190921 22443.1330010141 325840 0.19409054875730464
4624 0.07306834059040279 25289.68336174431 346110 0.18284135605251278
4900 0.07699342609921664 28398.794236417758 368847 0.17254253681363654
5184 0.08203635752082948 31786.135230450676 387464 0.1630899749974574
5476 0.08614844121951261 35467.83014072066 411706 0.15439343140738113
5776 0.09099777455958286 39460.45695556663 433642 0.1463743819921778
6084 0.09629912249533443 43781.04785478886 454636 0.13896423905108793
6400 0.10117953650858241 48447.089209648955 478823 0.13210287974794047
6724 0.10588382826789056 53476.52158286986 505049 0.12573742272260843
7056 0.11104378323028537 58887.73972863586 530311 0.11982120612058093
7396 0.11564546949781059 64699.5925925926 559465 0.1143129300144428
7744 0.12202555951549768 70931.38331184704 581283 0.10917593367598386
8100 0.12728876622210325 77602.86921496748 609660 0.10437758399837271
8464 0.13255946231402416 84734.26182198357 639217 0.09988875595307409
8836 0.1388191201565576 92346.22684438633 665227 0.09568338958655716
9216 0.14548924062686452 100459.88418512807 690497 0.09173811093606976
9604 0.15026177156873535 109096.80793862246 726045 0.08803190653756966
10000 0.15797624512262962 118279.02639074452 748714 0.0845458430386819
10404 0.16333669971209577 128029.02201883058 783835 0.0812628249122279
10816 0.16989700993412393 138369.73149167837 814433 0.07816738446623697
11236 0.17591062154632994 149324.5456695469 848866 0.0752454993224296
11664 0.18290692937432618 160917.30960415656 879777 0.07248443333220328
12100 0.19023800308108382 173172.32253868904 910293 0.06987259755262967
12544 0.19735027867380164 186114.3379077874 943066 0.06739942844282677
12996 0.20282225521202837 199768.5633375561 984944 0.06505528088541236
13456 0.20945012728296686 214160.66064556077 1022490 0.0628313340061548
13924 0.21659933262507963 229316.74584082855 1058714 0.06071950807144635
14400 0.22541161371553442 245263.38912384782 1088069 0.05871239099908465
14884 0.231182342077253 262027.6148865684 1133424 0.0568031732321163
15376 0.24049532550513805 279636.9017124013 1162754 0.054985589905490316
15876 0.24712064727701435 298119.1823762191 1206371 0.053253869386924856
16384 0.2553731179727621 317502.8438443554 1243290 0.05160268740153925
16900 0.2625528128402062 337816.7272746054 1286662 0.05002712605839166
17424 0.27164039301282183 359090.1280162256 1321932 0.04852263718932616
17956 0.27948048276074544 381352.79560993373 1364506 0.047085009489130046
18496 0.2877315991673918 404634.933787909 1406293 0.045710339013128196
19044 0.295082815562435 428967.20047379186 1453718 0.044395002645810706
19600 0.3052183591416472 454380.7077826841 1488707 0.043135634203409136
20164 0.31356105485194186 480907.02202114894 1533695 0.041929102875759725
20736 0.3241471737800528 508578.1636872108 1568973 0.04077249374936435
21316 0.330355694124678 537426.6074703557 1626812 0.03966309018515758
21904 0.34098047633445827 567485.2822515306 1664275 0.03859835785184528
22500 0.3496633054981691 598787.5711031441 1712469 0.037575930239414176
23104 0.35862119160477723 631367.3112890661 1760541 0.03659359549804445
23716 0.3666800389051213 665258.7942646279 1814276 0.03564928446562738
24336 0.37923276373804604 700496.7656766218 1847142 0.03474105976277198
24964 0.38570390852742037 737116.4253633019 1911094 0.03386710584789373
25600 0.39927157782754946 775153.4273543833 1941419 0.033025719936985116
26244 0.4050477990676559 814643.8798710426 2011229 0.032215303703201456
26896 0.41631338871009177 855624.3453259177 2055241 0.03143435568065211
27556 0.4257937376372523 898131.8403231079 2109312 0.030681464304936096
28224 0.4380951705379983 942203.8356581738 2150683 0.029955301530145233
28900 0.4452180288283272 987878.2563181373 2218864 0.02925461696840204
29584 0.45940953674943585 1035193.4814814816 2253313 0.0285782325036107
30276 0.4646769082916067 1084188.3445181514 2333209 0.0279250373360688
30976 0.48182743952631324 1134902.1329895526 2355412 0.027293983418995964
31684 0.48550073748647704 1187374.5886485523 2445670 0.026684081251951115
32400 0.5015079448020274 1241645.9074394796 2475825 0.02609439599959318
33124 0.5069045448324028 1297756.7394981242 2560160 0.02552404390734268
33856 0.5243838077458205 1355748.1891517371 2585412 0.024972188988268522
34596 0.5300954642865954 1415661.8149190317 2670579 0.024438039957995695
35344 0.5439860793039305 1477539.6295101813 2716135 0.02392084739663929
36100 0.5537989640689546 1541424.0998268216 2783364 0.02341990111874845
36864 0.5681334865557147 1607358.1469620492 2829191 0.02293452773401744
37636 0.5744338485593329 1675385.146200422 2916585 0.022464088383112417
38416 0.5906131604135358 1745548.9270179593 2955486 0.022007976634392416
39204 0.5987638568844879 1817893.773082142 3036078 0.021565616528589404
40000 0.612638169014886 1892464.4222519123 3089041 0.021136460759670475
40804 0.6225182772161393 1969306.066577673 3163451 0.020719988981149375
41616 0.6332341508799865 2048464.3523012893 3234924 0.020315706228056975
42436 0.644710456384308 2129985.3798560873 3303786 0.019923141445631516
43264 0.6582943650850608 2213915.703866854 3363109 0.019541846116559243
44100 0.6683373873272687 2300302.3331498383 3441828 0.019171392979292948
44944 0.6825909997573699 2389192.7307127505 3500182 0.0188113748306074
45796 0.6950698573103089 2480634.8137547616 3568900 0.018461403406123223
46656 0.7093637720258238 2574676.953666505 3629558 0.01812110833305082
47524 0.7217943145330799 2671367.976030074 3701010 0.017790136149878358
48400 0.7322428523078705 2770757.1606190247 3783932 0.017468149388157418
49284 0.7490491813079598 2872894.2413983736 3835388 0.017154825711931235
50176 0.7591145246517569 2977829.4065245986 3922767 0.016849857110706693
51076 0.7735192865948903 3085613.29834564 3989058 0.016552949142196315
51984 0.7840654759924086 3196297.0134008974 4076569 0.01626382022135309
52900 0.7982782166198261 3309932.1024212334 4146339 0.015982200952491855
53824 0.8084209398366894 3426570.5703289723 4238597 0.0157078335015387
54756 0.8235748878672275 3546264.8762378977 4305941 0.015440471005676438
55696 0.8366296860207347 3669067.9334532567 4385534 0.015179877017861587
56644 0.8531337181517522 3795033.109471756 4448345 0.014925824983878594
57600 0.86925478672779 3924214.225981565 4514458 0.014678097749771163
58564 0.8799162478992223 4056665.558862314 4610286 0.014436487097650759
59536 0.8930263817999219 4192441.8381850943 4694645 0.014200793308029074
60516 0.9079620582995175 4331598.248212459 4770682 0.013970824746956491
61504 0.9260107559619332 4474190.427398421 4831683 0.013746397476372579
62500 0.9365173169173744 4620274.468388458 4933464 0.013527334886189103
63504 0.9534409732602571 4769906.918019505 5002834 0.013313467346731214
64516 0.9690646148716162 4923144.777319961 5080306 0.013104631880259456
65536 0.9886386395655645 5080045.501509686 5138425 0.012900671850384812
66564 1 5240667 5240667 0.012701436668271424
67600 1.0128582927589853 5405067.636393687 5336450 0.012506781514597914
68644 1.0253209316395198 5573306.228484988 5435670 0.012316567076318672
69696 1.048109934945494 5745442.048259609 5481717 0.01213065929733154
70756 1.0582225043626456 5921534.821894717 5595737 0.011948929142218597
71824 1.0707594797229025 6101644.72975894 5698427 0.011771252372282512
72900 1.0906679480671995 6285832.406412366 5763287 0.011597509333152524
73984 1.1031122097937984 6474158.940606544 5868994 0.011427584753282049
75076 1.1200359589786593 6666685.875284488 5952207 0.011261367552704179
76176 1.1354342470738776 6863475.20758067 6044802 0.011098750661452677
77284 1.1526054048867473 7064589.3888210235 6129235 0.010939630847094083
78400 1.1690676191027665 7270091.324522946 6218709 0.010783908550852284
79524 1.1865526273252713 7480044.374395293 6304014 0.010631487731839683
80656 1.1974973990075133 7694512.352338383 6425494 0.010482275718939931
81796 1.2246295036452315 7913559.5264439965 6462003 0.010336183069915631
82944 1.240001868097454 8137250.618995373 6562289 0.010193123437341087
84100 1.2566074997735155 8365650.806467217 6657330 0.010053013440984767
85264 1.266575547117623 8598825.719525691 6789035 0.009915772546289395
86436 1.2850211919644698 8836841.443028418 6876806 0.009781322948618852
87616 1.2988591509538765 9079764.516024489 6990569 0.00964958946296132
88804 1.319750400198882 9327661.931754448 7067747 0.009520499418796666
90000 1.3392479934068269 9580601.137650305 7153717 0.009393982559853544
91204 1.356381476639745 9838650.035335531 7253601 0.009269970948498081
92416 1.3731964316882268 10101876.980625058 7356469 0.009148398874511113
93636 1.394066529746085 10370350.783525277 7438921 0.009029202768025322
94864 1.4074872609454088 10644140.708234046 7562513 0.008912321116406845
96100 1.4283955544801683 10923316.473140676 7647263 0.00879769438487845
97344 1.4431205657380568 11207948.250825949 7766467 0.008685264940692996
98596 1.461732925395499 11498106.6680621 7866079 0.008574976980676894
99856 1.4830031459563966 11793862.80581283 7952689 0.008466776461973432
101124 1.4988273859453984 12095288.1992333 8069834 0.008360611035825511
102400 1.5139900191250055 12402454.837670133 8191900 0.008256429984246279
103684 1.5318749392706057 12715435.164661411 8300570 0.008154184159434618
104976 1.5522607030071145 13034302.077936681 8396980 0.008053825925800364
106276 1.5679520834309297 13359128.929416949 8520113 0.007955309104471555
107584 1.587028958398674 13689989.525214683 8626175 0.007858588920163027
108900 1.6085127382885442 14026958.125633812 8720452 0.007763621950292186
110224 1.6259613063950513 14370109.445169726 8837916 0.007670366076234024
111556 1.6475458154727831 14719518.652509278 8934209 0.007578780436613172
112896 1.6703676019821552 15075261.37053078 9025116 0.007488825382536308
114244 1.6871999282496397 15437413.676304007 9149724 0.0074004624346733225
115600 1.706893110689612 15806052.101090197 9260130 0.00731365424210051
116964 1.7246199554342894 16181253.630342042 9382504 0.007228364542823595
118336 1.7408863558416847 16563095.703703705 9514174 0.007144558125902675
119716 1.7606048385014035 16951656.215010803 9628314 0.0070622007951052414
121104 1.7821582654642636 17347013.512290422 9733711 0.0069812593340172
122500 1.8022717709469274 17749246.3977611 9848263 0.006901701472545462
123904 1.8263456306980501 18158434.12783284 9942496 0.006823495854748991
125316 1.8467656657200955 18574656.413107112 10057939 0.006746612007938483
126736 1.8637117324487587 18997993.418376837 10193633 0.006671020312987779
128164 1.8788039613401588 19428525.76262641 10340901 0.006596691975803026
129600 1.9068215299457578 19866334.519031674 10418560 0.006523598999898295
131044 1.9263493943174277 20311501.21495994 10544038 0.006451714160028838
132496 1.9486052709639603 20764107.831969988 10655882 0.00638101097683567
133956 1.9689011713191182 21224236.80581204 10779737 0.006311463692457367
135424 1.9943476576292767 21691971.026427794 10876725 0.0062430472470671305
136900 2.0039003213081332 22167393.837950412 11062124 0.006175737256295245
138384 2.0311380191623702 22650589.038704507 11151674 0.006109509989498924
139876 2.0415182985853875 23141640.881206155 11335505 0.006044342348843397
141376 2.075616807529098 23640634.0721629 11389691 0.005980211849159822
142884 2.090585225292508 24147653.77247374 11550667 0.005917096598547207
144400 2.1223823656339174 24662785.597229145 11620331 0.005854975279687112
145924 2.1360156930799743 25186115.61571103 11791166 0.005793827131841363
147456 2.173541352898125 25717730.351392787 11832179 0.00573363193350436
148996 2.18240026074215 26257716.781939257 12031577 0.005674369985682964
150544 2.211135916083813 26806162.33920675 12123254 0.005616022095778104
152100 2.2235208797726678 27363154.909243036 12306228 0.005558569562043518
153664 2.2519717773054686 27928782.83228735 12401924 0.005501994158598104
155236 2.265467259075805 28503134.902770378 12581570 0.005446278120969485
156816 2.2993293680849702 29086300.369314272 12649906 0.005391404132147351
158404 2.310510515014679 29678368.934732653 12844940 0.005337355309126153
160000 2.345089029945181 30279430.756030597 12911847 0.005284115189917619
161604 2.3577453603457235 30889576.444404636 13101320 0.005231667721014448
163216 2.3921014815865713 31508897.065242767 13172057 0.005179997245287344
164836 2.4047166169142526 32137484.138124462 13364354 0.005129088490298351
166464 2.433069357997365 32775429.63682063 13470816 0.005078926557014244
168100 2.450920362257761 33422825.98929366 13636847 0.005029496908904337
169744 2.474634896461625 34079766.0776974 13771634 0.004980785361407879
171396 2.4961491133267613 34746343.23837714 13919979 0.004932778071756745
173056 2.5257928725256487 35422651.26186966 14024369 0.004885461529139811
174724 2.536292248082822 36108784.392903194 14236839 0.00483882254519596
176400 2.5704373003561694 36804837.33039741 14318512 0.004792848244823237
178084 2.584212408967509 37510905.227463484 14515411 0.004747526057292171
179776 2.618033393355044 38227083.69140401 14601450 0.00470284370765185
181476 2.635882622906999 38953468.783713065 14778150 0.004658789208417747
183184 2.6638654702973255 39690157.020076185 14899460 0.004615350851530806
184900 2.685730722965098 40437245.37037037 15056329 0.004572517200577712
186624 2.71478389642934 41194831.25866408 15174258 0.004530277083262705
188356 2.7340005546584765 41963012.56321722 15348575 0.004488619584121658
190096 2.7628613379894293 42741887.616481185 15470153 0.0044475340374695894
191844 2.780428425214628 43531555.20509881 15656420 0.004407010020573064
193600 2.809171349815283 44332114.569904394 15781207 0.0043670373470393545
195364 2.8361321418393035 45143665.40592371 15917335 0.004327606060414504
197136 2.869726063823912 45966307.86237398 16017664 0.004288706427982809
198916 2.8892643747048314 46800142.54266388 16197944 0.004250328934760498
200704 2.91932682674827 47645270.50439358 16320636 0.004212464277676673
202500 2.9339164448680424 48501793.25935467 16531416 0.004175103359934909
204304 2.9625241241426674 49369812.77353024 16664780 0.004138237285549079
206116 2.978937957007291 50249431.467094794 16868237 0.004101857354047328
207936 3.0096211248999323 51140752.21441436 16992422 0.004065955055338273
209764 3.0293399362306483 52043878.34404636 17179940 0.004030522064733791
211600 3.0526315156510946 52958913.638739735 17348610 0.003995550238122964
213444 3.077161645918578 53885962.335434854 17511580 0.003961031607291931
215296 3.112995251125633 54825129.12526356 17611697 0.003926958375384675
217156 3.1358356491061543 55776519.153549135 17786812 0.0038933229124998576
219024 3.1599912930634786 56740238.01980636 17955821 0.0038601177514191094
220900 3.186201965374742 57716391.777741455 18114480 0.0038273355834622866
222784 3.2149438526263876 58705086.93525211 18260066 0.0037949692544653967
224676 3.233901681584656 59706430.45442745 18462661 0.0037630117608770807
226576 3.2578079538723794 60720529.7515481 18638462 0.0037314562459696485
228484 3.294761415282408 61747492.69708612 18741112 0.003700295996160865
230400 3.3277787317397314 62787427.61570504 18867669 0.0036695244374427907
232324 3.3490265378220117 63840443.28625986 19062388 0.0036391351319141328
234256 3.37262650090132 64906648.941797026 19245134 0.0036091217744126896
236196 3.394166696348939 65986154.26955445 19441047 0.003579478189244606
238144 3.4249251111947645 67079069.41096151 19585558 0.0035501983270072686
240100 3.4458494946178253 68185504.96163903 19787720 0.0035212762615027867
242064 3.475888748976217 69305571.97139934 19938950 0.003492706186739123
244036 3.5093054176820604 70439381.94424616 20072172 0.003464482414016043
246016 3.5428663103647606 71587046.83837473 20205969 0.0034365993690931448
248004 3.56276010475497 72748679.06617174 20419191 0.003409051589437344
250000 3.587810472853547 73924391.49421532 20604319 0.003381833721547276
252004 3.6189378402780146 75114297.44327508 20755896 0.003354940518352165
254016 3.6476576289300113 76318510.68831208 20922608 0.0033283668366828035
256036 3.675033962776557 77537145.45847885 21098348 0.003302107634812366
258064 3.701124059193473 78770316.43711938 21282809 0.003276157970064864
260100 3.7424011406576967 80018138.76176912 21381497 0.0032505129964891157
262144 3.7800378132544563 81280728.02415498 21502623 0.003225167962596203
