4 0.11020618781092817 35.04556772387516 318 0.11413711518432496
16 0.3333704420820467 280.3645417910013 841 0.05706855759216248
36 0.4242056740084853 815.3233054443087 1922 0.04415426341870833
64 0.47816579043377133 1682.1872507460075 3518 0.038045705061441656
100 0.5224324897828875 2910.4714005804663 5571 0.034358695289036664
144 0.561924917360758 4522.933659836741 8049 0.0318377431176379
196 0.5842297224305391 6538.114823720162 11191 0.029978060233649545
256 0.5791534011562869 8971.66533731204 15491 0.02853427879608124
324 0.6036271551434814 11837.12851236367 19610 0.027371503119323893
400 0.6085597000566265 15146.442374709379 24889 0.02640884176655873
484 0.61275658108662 18910.28084891418 30861 0.025594543194094925
576 0.6207956748117887 23138.296391584987 37272 0.024893794696548257
676 0.6346296478474472 27839.298762123966 43867 0.024282220819430777
784 0.6435036649860698 33021.39056876017 51315 0.023742186095024775
900 0.649032500267718 38692.072503460004 59615 0.02326057876376403
1024 0.6626241053880499 44858.326686560205 67698 0.02282742303686499
1156 0.6715937046872258 51526.68380471803 76723 0.022434977658976594
1296 0.6739292125914429 58703.277991990224 87106 0.022077131709354166
1444 0.6965660777701262 66393.89226873736 95316 0.021748988508690444
1600 0.6943265262116334 74603.99658838758 107448 0.021446572210168248
1764 0.7079226660382733 83338.78001402364 117723 0.021166616546380534
1936 0.709532216514924 92603.17817401228 130513 0.02090640988975592
2116 0.7167236876825245 102401.89687764068 142875 0.020663679721952745
2304 0.72077584215794 112739.43257529203 156414 0.020436505199379056
2500 0.7328675017880089 123620.09020160134 168680 0.020223250087610885
2704 0.7374876382561912 135047.99882983547 183119 0.020022510688271072
2916 0.75723554684238 147027.12548155704 194163 0.019833074954361266
3136 0.7664325215818415 159561.28737055883 208187 0.019653890061171776
3364 0.7726055524644029 172654.1628092201 223470 0.0194840364417808
3600 0.785763755304917 186309.30096532765 237106 0.019322706817895063
3844 0.7943832298432124 200530.13062547133 252435 0.019169189128886627
4096 0.8061791404878895 215319.96809548896 267087 0.019022852530720828
4356 0.8071195250943424 230682.0243476889 285809 0.018883135833048455
4624 0.8112213792561817 246619.4115076718 304010 0.01874953788808371
4900 0.8150535514356774 263135.14875969983 322844 0.01862160955347997
5184 0.8196223727657562 280232.16773810313 341904 0.01849894693333285
5476 0.8266368772411603 297913.3174626962 360392 0.018381185663798625
5776 0.8293477586834185 316181.36886822514 381241 0.018267996057690746
6084 0.8382828436526604 335039.01897118974 399673 0.018159078959466415
6400 0.8392911726336351 354488.89471175056 422367 0.018054162190903333
6724 0.8431756316016203 374533.55650365015 444194 0.01795299749045175
7056 0.8520496201352546 395175.5015210103 463794 0.017855357867180066
7396 0.8545028159003749 416417.1667473866 487321 0.017761035304499528
7744 0.8613381939362352 438260.93180947157 508814 0.017669838760272172
8100 0.8672432894266223 460709.1216152623 531234 0.01758159241909758
8464 0.8676369729346042 483764.0088142826 557565 0.017496134160012174
8836 0.8714872626177694 507427.81609550933 582255 0.017413314208886147
9216 0.8747225370886982 531702.7183369765 607853 0.01733299394974917
9604 0.8732631248453432 556590.8446195516 637369 0.017255044873338968
10000 0.8756115202728295 582094.2801160932 664786 0.017179347644518332
10404 0.8753033953016112 608215.0678660681 694862 0.017105791272982753
10816 0.8800744171967587 634955.2104447003 721479 0.017034272373991313
11236 0.8809124543426067 662316.6715348519 751853 0.016964694507782367
11664 0.8834297140588903 690301.3774090481 781388 0.016896967587953005
12100 0.886703987242181 718911.2183283686 810768 0.01683100735044202
12544 0.8865458333651002 748148.0498643077 843891 0.01676673487590473
12996 0.8912598436647333 778013.6941491613 872937 0.01670407615924097
13456 0.892641392282635 808509.9410599966 905750 0.016642961720864578
13924 0.8978766228522786 839638.5493408341 935138 0.016583326255007184
14400 0.8981601324946752 871401.2476672613 970207 0.016525108310951768
14884 0.8986683394391577 903799.7356573553 1005710 0.016468250003607833
15376 0.9024618166963154 936835.6848324614 1038089 0.016412696750284186
15876 0.9034234198001527 970510.7395310922 1074259 0.016358397030897958
16384 0.9080107767217669 1004826.5177789485 1106624 0.01630530216918928
16900 0.9073148320141025 1039784.6121178254 1146002 0.016253366132797646
17424 0.9082127734075935 1075386.5903959558 1184069 0.016202545350304683
17956 0.9134365367731162 1111633.996522147 1216980 0.01615279854356475
18496 0.91637778501828 1148528.351185886 1253335 0.016104086573833717
19044 0.921731470924797 1186071.1525454358 1286786 0.0160563723003713
19600 0.924676887445449 1224263.8768857874 1323991 0.01600962045033736
20164 0.9286145265008973 1263107.979248206 1360207 0.01596379749892918
20736 0.9215855045976383 1302604.8940329812 1413439 0.01591887155881895
21316 0.9227523740120597 1342756.0355768849 1455164 0.015874812278048753
21904 0.9242316724906264 1383562.7987067255 1496987 0.015831590745627587
22500 0.9351107933202883 1425026.5592703072 1523912 0.01578917940415177
23104 0.9324856484510381 1467148.6746460036 1573374 0.01574755196883818
23716 0.9353005390503342 1509930.4842320785 1614380 0.01570668335242036
24336 0.9387784972377147 1553373.3099168155 1654675 0.015666549595411302
24964 0.9334566213091863 1597478.4565304464 1711358 0.015627127801284505
25600 0.9385197578273757 1642247.2122798034 1749827 0.015588396076167804
26244 0.937895908970531 1687680.8491665695 1799433 0.015550333472682422
26896 0.9438437830114589 1733780.6233899372 1836936 0.015512919937594051
27556 0.9415761343345049 1780547.7757344446 1891029 0.015476136262973138
28224 0.9440361897280419 1827983.5319437042 1936349 0.015439964040589182
28900 0.9477346646187481 1876089.1030807074 1979551 0.015404385619288335
29584 0.9512551196541672 1924865.685875327 2023501 0.015369384065125958
30276 0.9484987920142945 1974314.4630596342 2081515 0.01533494312404554
30976 0.9531070774555339 2024436.603691575 2124039 0.015301047186913653
31684 0.9508884714719973 2075233.263467559 2182415 0.015267681256736611
32400 0.9532393491008359 2126705.585024438 2231030 0.01523483091789957
33124 0.9551591891570897 2178854.698231371 2281143 0.015202482307281688
33856 0.9531297054024833 2231681.7204720094 2341425 0.015170622087113445
34596 0.9578993826845413 2285187.7569174264 2385624 0.015139237419452927
35344 0.9600401111934516 2339373.9007901982 2436746 0.015108315942167874
36100 0.9611477829068655 2394241.233620009 2491023 0.015077845746319415
36864 0.9593261217794785 2449790.8254911397 2553658 0.01504781535485154
37636 0.9594040171627494 2506023.7352821827 2612063 0.015018213702497962
38416 0.9634736263787718 2562941.010898303 2660105 0.014989030116824778
39204 0.9668964559883496 2620543.6894963523 2710263 0.014960254300333644
40000 0.9731298403709981 2678832.797703124 2752801 0.014931876313555914
40804 0.970958706494717 2737809.3518270343 2819697 0.014903886559073256
41616 0.9731648787971503 2797474.35806347 2874615 0.014876275766405362
42436 0.9724647410033396 2857828.812694082 2938748 0.014849034977709348
43264 0.9786894323054699 2918873.702280235 2982431 0.0148221555342398
44100 0.9781384858597185 2980610.0038508526 3047227 0.014795629063521968
44944 0.9772287983979395 3043038.6850848687 3113947 0.014769447467193976
45796 0.9772785692854946 3106160.7044884916 3178378 0.014743602909477111
46656 0.9833072341127177 3169977.0115674725 3223791 0.01471808780623611
47524 0.9785136302619885 3234488.546994566 3305512 0.014692894814593956
48400 0.9825639128142486 3299696.242772363 3358251 0.014668016823068213
49284 0.9845818387743807 3365601.022391659 3418305 0.014643446942198117
50176 0.9819786154767809 3432203.8009855207 3495192 0.014619178495633767
51076 0.9868074763990577 3499505.4854792147 3546290 0.014595205011660601
51984 0.9855579710657119 3567506.9747361266 3619784 0.014571520215134278
52900 0.9898476113541279 3636209.1596998344 3673504 0.014548118019802481
53824 0.9865959426416511 3705612.9235324506 3755958 0.014524992520991962
54756 0.9857512687660105 3775719.141749375 3830296 0.01450213798864031
55696 0.9887219151606514 3846528.682350574 3890405 0.014479548860653432
56644 0.9889151848954845 3918042.4059485137 3961960 0.014457219736570751
57600 0.9897590617531645 3990261.165892847 4031548 0.014435145371521471
58564 0.9942451932882772 4063185.8083919757 4086704 0.014413320670456115
59536 0.9908537006156831 4136817.172631579 4175003 0.014391740682638628
60516 0.9934305537079529 4211156.090890227 4239004 0.01437040059638518
61504 0.9953341313862655 4286203.38865215 4306296 0.014349295734036715
62500 0.9937087055144448 4361959.884717274 4389576 0.014328421547152997
63504 0.9978135619710413 4438426.391308611 4448152 0.014307773611916697
64516 0.9995926267546568 4515603.714177064 4517444 0.014287347624736725
65536 1.0025992435593813 4593492.652703765 4581584 0.01426713939804062
66564 1 4672094 4672094 0.014247144856246471
67600 1.000897073613598 4751408.543004792 4747150 0.014227360031905348
68644 1.0019273718303736 4831437.062580233 4822143 0.014207781062005723
69696 1.003055272116664 4912180.3336046245 4897218 0.014188404184431912
70756 1.0041577073996892 4993639.125063481 4972963 0.01416922573456898
71824 1.0053143782525844 5075814.20013849 5048982 0.014150242142046953
72900 1.0051995716882083 5158706.3162944615 5132022 0.014131449927617635
73984 1.0077642814603778 5242316.225364339 5201927 0.014112845700157691
75076 1.0072411369124956 5326644.673632333 5288351 0.014094426153791924
76176 1.0080934089102158 5411692.4019152215 5368245 0.014076188065131156
77284 1.0098673148066053 5497460.145641884 5443745 0.014058128290619252
78400 1.010599197255992 5583948.634931102 5525384 0.01404024376398429
79524 1.0135166192897147 5671158.5946677 5595526 0.014022531493789002
80656 1.0176064422850148 5759090.744577043 5659448 0.014004988561075975
81796 1.0115688161878065 5847745.799297973 5780868 0.013987612117103258
82944 1.0153372164771224 5937124.468454201 5847441 0.013970399381166322
84100 1.017013787082472 6027227.4567242 5926397 0.013953347638502492
85264 1.0157724663588046 6118055.463909662 6023057 0.013936454238274129
86436 1.0178225528600369 6209609.18500253 6100876 0.01391971659162714
87616 1.0179978641781975 6301889.310250662 6190474 0.013903132169821468
88804 1.0187969120510199 6394896.525222166 6276910 0.013886698502430395
90000 1.0203845555214792 6488631.51086842 6359006 0.013870413175605754
91204 1.0200345569624207 6583094.943585843 6453796 0.01385427383040609
92416 1.0211661122121845 6678287.495276426 6539864 0.013838278161185203
93636 1.025273841858916 6774209.833407068 6607220 0.01382242391403841
94864 1.0302967618505972 6870862.621067737 6668819 0.013806708885304136
96100 1.028321146116714 6968246.5170285115 6776333 0.013791130920118508
97344 1.0268882674358228 7066362.175795488 6881335 0.013775687911020724
98596 1.0263168049848517 7165210.247665642 6981480 0.013760377796607106
99856 1.0275631582329487 7264791.378780605 7069922 0.01374519856023186
101124 1.0292287255871855 7365106.211179444 7155947 0.013730148228752572
102400 1.0293176236093498 7466155.382850418 7253500 0.013715224871318694
103684 1.029691703348156 7567939.52778179 7349714 0.013700426598201218
104976 1.0317244026964807 7670459.276011658 7434601 0.013685751559661948
106276 1.031700983904647 7773715.253676881 7534853 0.013671197944860745
107584 1.0319798651749297 7877708.083061095 7633587 0.013656763980799265
108900 1.0336973542118522 7982438.382641849 7722220 0.013642447931299748
110224 1.032780927138034 8087906.767136881 7831193 0.013628248096017469
111556 1.0357272719923787 8194113.847549553 7911459 0.01361416280948559
112896 1.0372868530579022 8301060.23121347 8002666 0.013600190440191106
114244 1.0359457169562043 8408746.521836303 8116976 0.013586329389680709
115600 1.0366460769206678 8517173.319542821 8216086 0.01357257809169546
116964 1.038350801706937 8626341.220917176 8307733 0.01355893501133312
118336 1.0389503405324125 8736250.819044432 8408728 0.013545398644237134
119716 1.0407594325876888 8846902.703551367 8500430 0.01353196751581127
121104 1.0409789595885797 8958297.46064658 8605647 0.013518640180458922
122500 1.0434309482813133 9070435.673159888 8692895 0.013505415220846211
123904 1.043537272363351 9183317.920581058 8800182 0.013492291247187944
125316 1.0453353254937245 9296944.77909786 8893744 0.013479266896555686
126736 1.0453399491502162 9411316.821633497 9003116 0.013466340832207024
128164 1.047208367026751 9526434.61788338 9096981 0.01345351174293536
129600 1.0485309206289628 9642298.734351307 9196008 0.013440778342439412
131044 1.0501114882855918 9758909.734385008 9293213 0.013428139368711785
132496 1.0491240570606783 9876268.178211126 9413823 0.013415593583445889
133956 1.0471807358415988 9994374.622969614 9544078 0.013403139771460543
135424 1.0456783047045 10113229.622747555 9671454 0.013390776740141701
136900 1.0475324930360361 10232833.728612436 9768512 0.01337850331890065
138384 1.0495812992233755 10353187.488644889 9864112 0.013366318358648101
139876 1.0483229449399445 10474291.447970888 9991474 0.013354220731283662
141376 1.0486121566865259 10596146.148793437 10104924 0.013342209329200147
142884 1.0483334184639803 10718752.130423749 10224564 0.013330283064802181
144400 1.0497984933396691 10842109.92931193 10327801 0.013318440870038663
145924 1.0503769566017183 10966220.079077177 10440271 0.013306681695948576
147456 1.0498695279273984 11091083.110537492 10564249 0.013295004512219731
148996 1.0507204753631862 11216699.551738953 10675246 0.013283408306759966
150544 1.0520406734599679 11343069.927984497 10781969 0.01327189208528044
152100 1.0524016243100354 11470194.76186228 10899066 0.013260454870890555
153664 1.0514411008451907 11598074.5732736 11030646 0.013249095703704186
155236 1.0508984458076138 11726709.879460374 11158747 0.013237813640456795
156816 1.0509450664313948 11856101.195032211 11281371 0.01322660775413312
158404 1.0506930022278391 11986249.031993069 11407946 0.013215477133605045
160000 1.0517301900422462 12117153.899767505 11521162 0.01320442088327936
161604 1.0522631260154498 12248816.305226544 11640450 0.013193438122755087
163216 1.053477601050202 12381236.75271314 11752729 0.013182527986490037
164836 1.0534501487792978 12514415.74406727 11879457 0.013171689623476356
166464 1.0542209105012208 12648353.778650668 11997821 0.013160922196924702
168100 1.054451772522033 12783051.353371164 12122936 0.013150224883956868
169744 1.0545023478614353 12918508.962706696 12250811 0.013139596875306506
171396 1.0557689861825175 13054727.09872895 12365136 0.013129037375027753
173056 1.059691578150353 13191706.251126675 12448628 0.013118545600211471
174724 1.0540219252955 13329446.907228649 12646271 0.013108120780708913
176400 1.0549788405784786 13467949.552026307 12766085 0.01309776215886255
178084 1.0555361067006337 13607214.668196065 12891283 0.013087468989243846
179776 1.0557862420526607 13747242.736121323 13020858 0.013077240538397768
181476 1.0555787468251483 13888034.233914124 13156796 0.013067076084593857
183184 1.0591542204179165 14029589.637436554 13246031 0.013056974917583609
184900 1.056094650019369 14171909.420321818 13419166 0.013046936338364012
186624 1.0572147312941607 14314994.05399501 13540290 0.013036959658947063
188356 1.0583846067020874 14458844.007693613 13661238 0.013027044202135038
190096 1.0580396307510633 14603459.74848771 13802375 0.013017189301301411
191844 1.059748859408705 14748841.74129991 13917299 0.013007394300177198
193600 1.0587585008286335 14894990.44892501 14068355 0.012997658552642599
195364 1.059377658729059 15041906.332049387 14198814 0.012987981422523763
197136 1.0602570951556598 15189589.8492701 14326327 0.012978362283394565
198916 1.0589290166073413 15338041.457113786 14484485 0.012968800518383183
200704 1.0585137363574528 15487261.610055245 14631139 0.01295929551998341
202500 1.058475968001318 15637250.760535823 14773364 0.012949846689870514
204304 1.058941612965488 15788009.358981507 14909235 0.012940453438721534
206116 1.0598144894418948 15939537.853820816 15039932 0.012931115186039888
207936 1.0593432920975514 16091836.691502433 15190389 0.012921831359984167
209764 1.0603402910102668 16244906.316512609 15320465 0.012912601397200995
211600 1.0606831613381162 16398747.171392335 15460552 0.012903424742661858
213444 1.0602611938458604 16553359.69675431 15612530 0.012894300849503736
215296 1.061280996453217 16708744.33129966 15743940 0.012885229178873525
217156 1.0611178182909247 16864901.51183445 15893524 0.012876209199776065
219024 1.0610297396877237 17021831.67328601 16042747 0.012867240388925671
220900 1.062218389273442 17179535.248718977 16173261 0.012858322230601193
222784 1.0611607533948946 17338012.669351246 16338724 0.01284945421650428
224676 1.0622738135017054 17497264.364569608 16471520 0.012840635845621031
226576 1.0640546341473922 17657290.76194524 16594346 0.012831866624086726
228484 1.0636908800201956 17818092.28724902 16751194 0.012823146065053645
230400 1.0632182614622772 17979669.3644666 16910610 0.012814473688561916
232324 1.064168196310066 18142022.415813316 17048078 0.012805849021413239
234256 1.0655592545716028 18305151.861748926 17178915 0.012797271597047463
236196 1.0634655347902038 18469058.12099213 17366861 0.012788740955421927
238144 1.0645727461675762 18633741.610534947 17503493 0.012780256642893485
240100 1.0660750575694669 18799202.745656878 17634033 0.012771818212103147
242064 1.0656966855688665 18965441.939938936 17796285 0.012763425221863266
244036 1.0672287540441245 19132459.605277468 17927234 0.012755077237047217
246016 1.0659571362727926 19300256.151897818 18106034 0.012746773828481491
248004 1.0676130216444442 19468831.98836786 18235851 0.012738514572840127
250000 1.0678264811919749 19638187.521611296 18390804 0.01273029905254147
252004 1.0681432893930802 19808323.156920888 18544631 0.012722126855647121
254016 1.0687536631734393 19979239.297971413 18693961 0.01271399757576313
256036 1.0689960793185074 20150936.346832596 18850337 0.012705910811943225
258064 1.07010245425524 20323414.703981783 18992027 0.012697866168594191
260100 1.0708127794036086 20496674.768316515 19141231 0.012689863255383214
262144 1.0719432519943284 20670716.937166944 19283406 0.012681901687147216
