4 0.8488544595874412 314.9250045069407 371 0.012701436668271424
16 1.4802585405731643 1259.7000180277628 851 0.012701436668271424
36 1.4278715569584213 2834.3250405624663 1985 0.012701436668271424
64 1.3804931704413839 5038.800072111051 3650 0.012701436668271424
100 1.3391946100822447 7873.125112673517 5879 0.012701436668271424
144 1.2678707405781553 11337.300162249865 8942 0.012701436668271424
196 1.2284130887470222 15431.325220840094 12562 0.012701436668271424
256 1.215853308104253 20155.200288444204 16577 0.012701436668271424
324 1.1933441881110685 25508.925365062198 21376 0.012701436668271423
400 1.1543325434606726 31492.500450694068 27282 0.012701436668271424
484 1.154690025918603 38105.92554533982 33001 0.012701436668271424
576 1.1309027593266698 45349.20064899946 40100 0.012701436668271424
676 1.1014554172531659 53222.325761672975 48320 0.012701436668271424
784 1.096519947476735 61725.300883360374 56292 0.012701436668271424
900 1.0870478340399738 70858.12601406165 65184 0.012701436668271424
1024 1.0722847492056609 80620.80115377682 75186 0.012701436668271424
1156 1.0807643364663688 91013.32630250585 84212 0.012701436668271424
1296 1.0560952788383786 102035.70146024879 96616 0.012701436668271423
1444 1.0711633921609798 113687.9266270056 106135 0.012701436668271423
1600 1.0579046970629962 125970.00180277627 119075 0.012701436668271424
1764 1.0703726906733733 138881.92698756084 129751 0.012701436668271424
1936 1.0611508088370878 152423.7021813593 143640 0.012701436668271424
2116 1.0678092463860862 166595.32738417163 156016 0.012701436668271424
2304 1.064023196560328 181396.80259599784 170482 0.012701436668271424
2500 1.0604278161801928 196828.12781683792 185612 0.012701436668271424
2704 1.0570314396840756 212889.3030466919 201403 0.012701436668271424
2916 1.058090886943993 229580.32828555978 216976 0.012701436668271423
3136 1.0606633024033056 246901.2035334415 232780 0.012701436668271424
3364 1.048428571164118 264851.9287903371 252618 0.012701436668271424
3600 1.051061895982195 283432.5040562466 269663 0.012701436668271424
3844 1.0517601428021295 302642.92933117 287749 0.012701436668271424
4096 1.050673458492514 322483.2046151073 306930 0.012701436668271424
4356 1.0525206540266954 342953.3299080584 325840 0.012701436668271424
4624 1.0518427818035405 364053.3052100234 346110 0.012701436668271424
4900 1.0459164111976031 385783.13052100234 368847 0.012701436668271424
5184 1.0533696184445398 408142.80584099516 387464 0.012701436668271423
5476 1.047184960068597 431132.3311700018 411706 0.012701436668271424
5776 1.0486800321648326 454751.7065080224 433642 0.012701436668271423
6084 1.0535921745199606 479000.9318550568 454636 0.012701436668271424
6400 1.0523304168995748 503880.0072111051 478823 0.012701436668271424
6724 1.0481932101165774 529388.9325761673 505049 0.012701436668271424
7056 1.0475507917999878 555527.7079502434 530311 0.012701436668271424
7396 1.0408092254802952 582296.3333333334 559465 0.012701436668271423
7744 1.0488777561453495 609694.8087254371 581283 0.012701436668271424
8100 1.0460307944207508 637723.1341265549 609660 0.012701436668271423
8464 1.0424962251265009 666381.3095366865 639217 0.012701436668271424
8836 1.0457623261771274 695669.334955832 665227 0.012701436668271424
9216 1.050818773121377 725587.2103839914 690497 0.012701436668271424
9604 1.0414436237714806 756134.9358211646 726045 0.012701436668271424
10000 1.0515530780342717 787312.5112673517 748714 0.012701436668271424
10404 1.0450157708223704 819119.9367225528 783835 0.012701436668271424
10816 1.0455828928675135 851557.2121867676 814433 0.012701436668271424
11236 1.0421248320229535 884624.3376599965 848866 0.012701436668271423
11664 1.0438114580652131 918321.3131422391 879777 0.012701436668271423
12100 1.0465291270321704 952648.1386334955 910293 0.012701436668271424
12544 1.047227674556994 987604.814133766 943066 0.012701436668271424
12996 1.0388319941469264 1023191.3396430503 984944 0.012701436668271424
13456 1.0361056980130352 1059407.7151613485 1022490 0.012701436668271424
13924 1.0354580563671214 1096253.9406886606 1058714 0.012701436668271424
14400 1.0419651844000577 1133730.0162249864 1088069 0.012701436668271424
14884 1.03389017858306 1171835.9417703263 1133424 0.012701436668271424
15376 1.0411245347895428 1210571.71732468 1162754 0.012701436668271424
15876 1.0361135528689331 1249937.3428880477 1206371 0.012701436668271423
16384 1.037515638716976 1289932.818460429 1243290 0.012701436668271424
16900 1.0341162978636382 1330558.1440418244 1286662 0.012701436668271424
17424 1.0377336501667511 1371813.3196322336 1321932 0.012701436668271424
17956 1.0360513953267019 1413698.3452316567 1364506 0.012701436668271424
18496 1.0354977382665587 1456213.2208400937 1406293 0.012701436668271424
19044 1.0313953232040496 1499357.9464575446 1453718 0.012701436668271424
19600 1.0365589213216633 1543132.5220840094 1488707 0.012701436668271424
20164 1.0351060332852935 1587536.947719488 1533695 0.012701436668271424
20736 1.040534938054371 1632571.2233639807 1568973 0.012701436668271423
21316 1.0316098903975917 1678235.349017487 1626812 0.012701436668271424
21904 1.036204548334865 1724529.3246800073 1664275 0.012701436668271424
22500 1.0344439229857834 1771453.1503515413 1712469 0.012701436668271424
23104 1.033209011339179 1819006.8260320895 1760541 0.012701436668271423
23716 1.0291655468747045 1867190.3517216514 1814276 0.012701436668271424
24336 1.037280148153324 1916003.7274202271 1847142 0.012701436668271424
24964 1.0284407533736262 1965446.9531278168 1911094 0.012701436668271424
25600 1.0381684885356641 2015520.0288444203 1941419 0.012701436668271424
26244 1.027343457443204 2066222.954570038 2011229 0.012701436668271423
26896 1.0303199139685657 2117555.730304669 2055241 0.012701436668271424
27556 1.0285431249849781 2169518.3560483144 2109312 0.012701436668271424
28224 1.0332116968428047 2222110.8318009735 2150683 0.012701436668271424
28900 1.0254495803089538 2275333.1575626465 2218864 0.012701436668271424
29584 1.0336714576862307 2329185.3333333335 2253313 0.012701436668271423
30276 1.021626163414008 2383667.3591130343 2333209 0.012701436668271423
30976 1.035393907690777 2438779.2349017486 2355412 0.012701436668271424
31684 1.0199744694498756 2494520.9606994772 2445670 0.012701436668271424
32400 1.0303202110432763 2550892.5365062198 2475825 0.012701436668271423
33124 1.018644913724914 2607893.9623219757 2560160 0.012701436668271424
33856 1.0309866428046075 2665525.238146746 2585412 0.012701436668271424
34596 1.0199235311820134 2723786.3639805303 2670579 0.012701436668271423
35344 1.0244989073898492 2782677.339823328 2716135 0.012701436668271424
36100 1.0211377907004402 2842198.16567514 2783364 0.012701436668271423
36864 1.025858219376481 2902348.8415359654 2829191 0.012701436668271424
37636 1.015958515663286 2963129.367405805 2916585 0.012701436668271424
38416 1.0233645983383641 3024539.7432846585 2955486 0.012701436668271424
39204 1.016633949843359 3086579.9691725257 3036078 0.012701436668271424
40000 1.0194911770576716 3149250.0450694067 3089041 0.012701436668271424
40804 1.0155206990641872 3212549.970975302 3163451 0.012701436668271424
41616 1.012845973163577 3276479.746890211 3234924 0.012701436668271424
42436 1.0112759642465141 3341039.3728141338 3303786 0.012701436668271424
43264 1.0128214246838476 3406228.8487470704 3363109 0.012701436668271424
44100 1.008780268708669 3472048.174689021 3441828 0.012701436668271424
44944 1.0109466738129578 3538497.350639986 3500182 0.012701436668271423
45796 1.0102766613242076 3605576.376599964 3568900 0.012701436668271423
46656 1.0120475420337562 3673285.2525689565 3629558 0.012701436668271423
47524 1.010973755419997 3741623.9785469626 3701010 0.012701436668271423
48400 1.007045727707047 3810592.554533982 3783932 0.012701436668271424
49284 1.0116814727818975 3880190.980530016 3835388 0.012701436668271424
50176 1.007049171295431 3950419.256535064 3922767 0.012701436668271424
51076 1.008076940106944 4021277.3825491257 3989058 0.012701436668271424
51984 1.003973036779753 4092765.3585722013 4076569 0.012701436668271424
52900 1.0044724236499454 4164883.184604291 4146339 0.012701436668271424
53824 0.9997720615206857 4237630.860645394 4238597 0.012701436668271424
54756 1.001176836072652 4311008.386695512 4305941 0.012701436668271423
55696 0.9998818302981216 4385015.762754642 4385534 0.012701436668271424
56644 1.0025420665040115 4459652.988822787 4448345 0.012701436668271424
57600 1.004532562912302 4534920.064899946 4514458 0.012701436668271424
58564 1.0001151752811255 4610816.990986119 4610286 0.012701436668271423
59536 0.9984447742228231 4687343.767081305 4694645 0.012701436668271424
60516 0.9987042509195762 4764500.393185506 4770682 0.012701436668271424
61504 1.0021946533534423 4842286.86929872 4831683 0.012701436668271424
62500 0.9974134189326098 4920703.195420949 4933464 0.012701436668271423
63504 0.9993834237858363 4999749.371552191 5002834 0.012701436668271423
64516 0.9998266635301981 5079425.397692447 5080306 0.012701436668271424
65536 1.004146460022617 5159731.273841716 5138425 0.012701436668271424
66564 1 5240667 5240667 0.012701436668271424
67600 0.9973357899291284 5322232.576167298 5336450 0.012701436668271424
68644 0.9942524108975727 5404428.002343609 5435670 0.012701436668271424
69696 1.0010099533647823 5487253.278528934 5481717 0.012701436668271424
70756 0.9955272030696356 5570708.404723274 5595737 0.012701436668271424
71824 0.9923428660096245 5654793.380926627 5698427 0.012701436668271424
72900 0.9958740918401242 5739508.207138994 5763287 0.012701436668271424
73984 0.9924789296701232 5824852.883360375 5868994 0.012701436668271424
75076 0.9930480256467508 5910827.40959077 5952207 0.012701436668271424
76176 0.9921634796028354 5997431.785830178 6044802 0.012701436668271424
77284 0.9927284582951381 6084666.012078601 6129235 0.012701436668271424
78400 0.9925741964025069 6172530.0883360375 6218709 0.012701436668271424
79524 0.9931805377656978 6261024.014602488 6304014 0.012701436668271424
80656 0.9882738651499717 6350147.790877952 6425494 0.012701436668271424
81796 0.9965797628324268 6439901.4171624305 6462003 0.012701436668271424
82944 0.9951230269584169 6530284.893455923 6562289 0.012701436668271423
84100 0.9945876529717511 6621298.219758428 6657330 0.012701436668271424
85264 0.9887916907292343 6712941.396069948 6789035 0.012701436668271424
86436 0.9895894143866326 6805214.422390481 6876806 0.012701436668271424
87616 0.9867747959744091 6898117.298720029 6990569 0.012701436668271424
88804 0.989233206148804 6991650.025058591 7067747 0.012701436668271423
90000 0.9905078159236891 7085812.601406165 7153717 0.012701436668271424
91204 0.9899365884286653 7180605.027762755 7253601 0.012701436668271424
92416 0.9890651757151914 7276027.304128358 7356469 0.012701436668271423
93636 0.9910146149559828 7372079.430502974 7438921 0.012701436668271424
94864 0.9876031164358469 7468761.406886606 7562513 0.012701436668271424
96100 0.9893831601292189 7566073.233279251 7647263 0.012701436668271423
97344 0.9868084046041666 7664014.909680909 7766467 0.012701436668271424
98596 0.9868431827460138 7762586.436091581 7866079 0.012701436668271424
99856 0.9885697545209259 7861787.812511267 7952689 0.012701436668271424
101124 0.986590187473493 7961619.038939968 8069834 0.012701436668271424
102400 0.9841526526663755 8062080.115377681 8191900 0.012701436668271424
103684 0.9834470454227131 8163171.04182441 8300570 0.012701436668271424
104976 0.9842695609945662 8264891.818280152 8396980 0.012701436668271423
106276 0.9820576845336332 8367242.444744907 8520113 0.012701436668271424
107584 0.9819210624893046 8470222.921218676 8626175 0.012701436668271424
108900 0.9831867944117415 8573833.24770146 8720452 0.012701436668271424
110224 0.9819139969415027 8678073.424193257 8837916 0.012701436668271424
111556 0.9830689488788621 8782943.45069407 8934209 0.012701436668271424
112896 0.9848564081839939 8888443.327203894 9025116 0.012701436668271424
114244 0.9830431009419228 8994573.053722734 9149724 0.012701436668271423
115600 0.9828514967123125 9101332.630250586 9260130 0.012701436668271424
116964 0.9814780848254852 9208722.056787454 9382504 0.012701436668271423
118336 0.9792485751609477 9316741.333333334 9514174 0.012701436668271423
119716 0.9789242914063903 9425390.459888227 9628314 0.012701436668271424
121104 0.9795513177299118 9534669.436452137 9733711 0.012701436668271423
122500 0.9793176992760102 9644578.263025058 9848263 0.012701436668271424
123904 0.9811537203139931 9755116.939606994 9942496 0.012701436668271424
125316 0.9809450490998151 9866285.466197945 10057939 0.012701436668271424
126736 0.9788545303522217 9978083.842797909 10193633 0.012701436668271424
128164 0.9757865460086009 10090512.069406888 10340901 0.012701436668271423
129600 0.9793647246860294 10203570.146024879 10418560 0.012701436668271423
131044 0.9784921177875008 10317258.072651884 10544038 0.012701436668271424
132496 0.9789500155208084 10431575.849287903 10655882 0.012701436668271424
133956 0.9783655645710964 10546523.475932937 10779737 0.012701436668271424
135424 0.9802675853795131 10662100.952586984 10876725 0.012701436668271424
136900 0.9743434695949932 10778308.279250044 11062124 0.012701436668271424
138384 0.9769964093213379 10895145.455922121 11151674 0.012701436668271423
139876 0.9715149419988972 11012612.48260321 11335505 0.012701436668271424
141376 0.9772617500591817 11130709.359293312 11389691 0.012701436668271424
142884 0.9739209074239981 11249436.08599243 11550667 0.012701436668271423
144400 0.9783535996264272 11368792.66270056 11620331 0.012701436668271423
145924 0.9743547914954046 11488779.089417703 11791166 0.012701436668271424
147456 0.9811713773214437 11609395.366143862 11832179 0.012701436668271424
148996 0.9749878584394243 11730641.492879033 12031577 0.012701436668271424
150544 0.9776679981812819 11852517.46962322 12123254 0.012701436668271424
152100 0.9730864157869024 11975023.29637642 12306228 0.012701436668271424
153664 0.975506620838721 12098158.973138634 12401924 0.012701436668271424
155236 0.9714148949542752 12221924.499909861 12581570 0.012701436668271424
156816 0.976000918638455 12346319.876690103 12649906 0.012701436668271424
158404 0.9709150142763889 12471345.10347936 12844940 0.012701436668271423
160000 0.9756156636829438 12597000.180277627 12911847 0.012701436668271424
161604 0.9711452820849282 12723285.107084911 13101320 0.012701436668271424
163216 0.9755651591775839 12850199.883901209 13172057 0.012701436668271424
164836 0.971071591692836 12977744.510726519 13364354 0.012701436668271424
166464 0.9729120335071643 13105918.987560844 13470816 0.012701436668271424
168100 0.9705119749751671 13234723.314404182 13636847 0.012701436668271424
169744 0.9704118982000637 13364157.491256535 13771634 0.012701436668271424
171396 0.9694139278599415 13494221.518117901 13919979 0.012701436668271424
173056 0.9715171780625768 13624915.394988282 14024369 0.012701436668271424
174724 0.9662425150602375 13756239.121867677 14236839 0.012701436668271423
176400 0.969946646603787 13888192.698756084 14318512 0.012701436668271424
178084 0.9659234675238274 14020776.125653507 14515411 0.012701436668271424
179776 0.9693550573785441 14153989.402559943 14601450 0.012701436668271423
181476 0.9668214579954455 14287832.529475393 14778150 0.012701436668271424
183184 0.967975047847362 14422305.506399857 14899460 0.012701436668271423
184900 0.9668630602674353 14557408.333333334 15056329 0.012701436668271424
186624 0.968293870466406 14693141.010275826 15174258 0.012701436668271423
188356 0.966181129989418 14829503.53722733 15348575 0.012701436668271424
190096 0.9674433028676478 14966495.91418785 15470153 0.012701436668271423
191844 0.9647236176059012 15104118.141157383 15656420 0.012701436668271424
193600 0.9658557940552918 15242370.218135929 15781207 0.012701436668271424
195364 0.9663208159609313 15381252.145123491 15917335 0.012701436668271424
197136 0.9689779934277598 15520763.922120064 16017664 0.012701436668271424
198916 0.9668452705556739 15660905.549125655 16197944 0.012701436668271423
200704 0.9682022824441557 15801677.026140256 16320636 0.012701436668271424
202500 0.964410934499735 15943078.353163872 16531416 0.012701436668271424
204304 0.9652158342442266 16085109.530196503 16664780 0.012701436668271424
206116 0.962031216257997 16227770.557238147 16868237 0.012701436668271424
207936 0.9634330782444555 16371061.434288805 16992422 0.012701436668271424
209764 0.961294519151317 16514982.161348477 17179940 0.012701436668271424
211600 0.9602805491861979 16659532.738417163 17348610 0.012701436668271424
213444 0.9596343200039552 16804713.165494863 17511580 0.012701436668271424
215296 0.9624582709196947 16950523.442581575 17611697 0.012701436668271424
217156 0.9612157349882208 17096963.569677304 17786812 0.012701436668271423
219024 0.9603589580661361 17244033.546782047 17955821 0.012701436668271423
220900 0.9601011662435688 17391733.3738958 18114480 0.012701436668271423
222784 0.9605695319512301 17540063.05101857 18260066 0.012701436668271424
224676 0.9580971333520315 17689022.57815035 18462661 0.012701436668271424
226576 0.9570860490147282 17838611.95529115 18638462 0.012701436668271424
228484 0.9598593286482124 17988831.18244096 18741112 0.012701436668271424
230400 0.9614160742166816 18139680.259599783 18867669 0.012701436668271424
232324 0.9595418573353781 18291159.186767623 19062388 0.012701436668271424
234256 0.9583340892271509 18443267.963944476 19245134 0.012701436668271423
236196 0.9565331842019795 18596006.591130342 19441047 0.012701436668271423
238144 0.957306147127655 18749375.06832522 19585558 0.012701436668271424
240100 0.9553083122021695 18903373.395529114 19787720 0.012701436668271424
242064 0.9558177122036027 19058001.572742023 19938950 0.012701436668271424
244036 0.9572087963357401 19213259.599963944 20072172 0.012701436668271424
246016 0.9585854297408295 19369147.47719488 20205969 0.012701436668271424
248004 0.9562408816507388 19525665.20443483 20419191 0.012701436668271424
250000 0.955276065260094 19682812.781683795 20604319 0.012701436668271423
252004 0.9559014079152147 19840590.208941773 20755896 0.012701436668271423
254016 0.9558558610957469 19998997.486208763 20922608 0.012701436668271423
256036 0.9554318951173223 20158034.613484766 21098348 0.012701436668271424
258064 0.9546531940764862 20317701.590769786 21282809 0.012701436668271424
260100 0.9577439043703918 20477998.41806382 21381497 0.012701436668271424
262144 0.9598329048212799 20638925.095366865 21502623 0.012701436668271424
