4 0.00010799751393227033 0.031211281526426125 289 128.15878760419562
16 0.0005433955434415866 0.499380504422818 919 32.039696901048906
36 0.0011362309229845016 2.528113803640516 2225 14.239865289355068
64 0.001979704675610775 7.990088070765088 4036 8.009924225262226
100 0.003025756313636781 19.50705095401633 6447 5.1263515041678245
144 0.004126690558890865 40.44982085824826 9802 3.559966322338767
196 0.005490386617697203 74.93828694494913 13649 2.6154854613101146
256 0.006767676502500868 127.84140913224141 18890 2.0024810563155566
324 0.008449996620239408 204.77721809488182 24234 1.5822072543727852
400 0.010203766681844556 312.11281526426126 30588 1.2815878760419561
484 0.011987522896862668 456.9643728284049 38120 1.059163533918972
576 0.013962356993764635 647.1971337319721 46353 0.8899915805846917
676 0.016123015639209544 891.4254116762565 55289 0.7583360213266013
784 0.018212665053303552 1199.012591119186 65834 0.6538713653275287
900 0.020720070383111577 1580.0711272753226 76258 0.5695946115742027
1024 0.023105000012604487 2045.4625461158626 88529 0.5006202640788892
1156 0.02573598029784417 2606.797444368636 101290 0.44345601247126515
1296 0.028310540641465706 3276.435489518109 115732 0.3955518135931963
1444 0.031233330669861392 4067.485419805379 130229 0.3550104919783812
1600 0.034083451368975476 4993.80504422818 146517 0.32039696901048903
1764 0.037479091626424786 6070.0012425408795 161957 0.2906094957011238
1936 0.04053505771514849 7311.429965254479 180373 0.264790883479743
2116 0.043713601930064884 8734.196233636614 199805 0.24226613913836598
2304 0.047477621613855436 10355.154139711554 218106 0.22249789514617294
2500 0.05057749237208345 12191.906846260204 241054 0.205054060166713
2704 0.05470545637780034 14262.806586820105 260720 0.18958400533165032
2916 0.058640156493266725 16586.954665685425 282860 0.1758008060414206
3136 0.0625330490666329 19184.201457906976 306785 0.16346784133188216
3364 0.06664859113297988 22075.146409292196 331217 0.15238857027847277
3600 0.07064612032886178 25281.138036405162 357856 0.14239865289355066
3844 0.07520049341784503 28824.27392656658 383299 0.13335982060790386
4096 0.07905684848493452 32727.4007378538 413973 0.1251550660197223
4356 0.08384458468381306 37014.1141991008 441461 0.117684837102108
4624 0.08830371604333845 41708.75910989818 472333 0.11086400311781629
4900 0.09345231122669141 46836.429340593204 501180 0.10461941845240458
5184 0.09821246907810605 52422.967832289745 533771 0.09888795339829907
5476 0.10349812465935274 58494.96659684832 565179 0.09361489233323272
5776 0.1082526592804966 65079.766716886064 601184 0.0887526229945953
6084 0.11390634253524486 72205.45834577679 633902 0.0842595579251779
6400 0.11883080213276018 79900.88070765088 672392 0.08009924225262226
6724 0.12429603951935833 88195.62209739542 709561 0.07623961190017585
7056 0.13023011501153067 97120.01988065407 745757 0.07265237392528096
7396 0.13549758413755217 106705.16049382716 787506 0.06931248653553035
7744 0.14102665485735738 116982.87944407166 829509 0.06619772086993575
8100 0.14745039275627095 127985.76130930113 867992 0.06328829017491142
8464 0.15316467127085528 139747.13973818583 912398 0.060566534784591494
8836 0.1596255141677393 152301.09745015256 954115 0.05801665351027416
9216 0.16556872052438462 165682.46623538487 1000687 0.055624473786543234
9604 0.17172654116128896 179926.82695482284 1047752 0.05337725431245132
10000 0.17855179063002638 195070.50954016327 1092515 0.05126351504167825
10404 0.1852836925307229 211150.59299385955 1139607 0.04927289027458501
10816 0.1917525532615481 228204.90538912168 1190101 0.04739600133291258
11236 0.19845394940011132 246272.02386991633 1240953 0.04562434588971008
11664 0.20576252847428878 265391.2746509668 1289794 0.04395020151035515
12100 0.21309422615509102 285602.73301775305 1340265 0.04236654135675888
12544 0.21914079420177388 306947.2233265116 1400685 0.04086696033297054
12996 0.22662205688226675 329466.31900423573 1453814 0.039445610219820126
13456 0.233594643594394 353202.34254867514 1512031 0.03809714256961819
13924 0.2411508758675516 378198.3655283364 1568306 0.03681665831778099
14400 0.24838958010767234 404498.2085824826 1628483 0.035599663223387666
14884 0.256054915489707 432146.4414211334 1687710 0.03444202838059544
15376 0.264068127413828 461188.3828250653 1746475 0.033339955151975964
15876 0.27098324378776334 491670.10064581124 1814393 0.03228994396679154
16384 0.27847374599253283 523638.4118056608 1880387 0.03128876650493057
16900 0.2873541387861766 557140.8822976603 1938865 0.03033344085306405
17424 0.29529391591701054 592225.8271856128 2005547 0.029421209275527
17956 0.30462771979238734 628942.3106040775 2064626 0.028549518290085903
18496 0.31229255449973764 667340.1457583709 2136907 0.027716000779454072
19044 0.32000396908859247 707469.8949245657 2210816 0.02691845990426289
19600 0.32848464886515527 749382.8694494913 2281333 0.026154854613101144
20164 0.33717963336001716 793131.1297507337 2352251 0.025423286570957274
20736 0.3460914393995221 838767.4853166359 2423543 0.02472198834957477
21316 0.3555726297770662 886345.494706297 2492727 0.024049312742389868
21904 0.3639636664365408 935919.4655495731 2571464 0.02340372308330818
22500 0.37337615322557016 987544.4545470766 2644905 0.02278378446296811
23104 0.38220079982843225 1041276.267470177 2724422 0.022188155748648825
23716 0.39196495915055857 1097171.459161 2799157 0.02161558232487698
24336 0.4018350192406506 1155287.3335324286 2875029 0.021064889481294476
24964 0.41088367617008315 1215681.9435681012 2958701 0.020534976382662332
25600 0.420137901030225 1278414.091322414 3042844 0.020024810563155564
26244 0.4310467241250433 1343543.3279205195 3116932 0.01953342289349118
26896 0.43975696037762846 1411129.9535583267 3208886 0.019059902975043962
27556 0.4503971341841279 1481235.0175025011 3288731 0.018603394920045813
28224 0.4595396082210544 1553920.3180904652 3381472 0.01816309348132024
28900 0.46941770617099343 1629248.4027303976 3470786 0.017738240498850606
29584 0.47947651288172305 1707282.5679012346 3560722 0.017328121633882587
30276 0.4885590010581291 1788086.859152668 3659920 0.016932063364274753
30976 0.49839225565756573 1871726.0711051465 3755528 0.016549430217483937
31684 0.5092044143045378 1958265.7474498758 3845736 0.016179622219946423
32400 0.5193070792748617 2047772.180948818 3943278 0.015822072543727854
33124 0.5300512300061027 2140312.413434692 4037935 0.015476245333195943
33856 0.5404403750604801 2235954.235810973 4137282 0.015141633696147874
34596 0.5519741465948752 2334766.188051893 4229847 0.014817757845322653
35344 0.5621853179981846 2436817.559202441 4334545 0.01450416337756854
36100 0.5732471104303498 2542178.387378362 4434699 0.014200419679135247
36864 0.5843209987599406 2650919.459766158 4536752 0.013906118446635808
37636 0.5958066474964927 2763112.3126230873 4637599 0.013620872314188077
38416 0.6073164201345596 2878829.2312771655 4740246 0.01334431357811283
39204 0.6193045756999975 2998143.2501271646 4841145 0.013076093011345333
40000 0.6304583416945144 3121128.1526426123 4950570 0.012815878760419562
40804 0.6420768595071044 3247858.4713637945 5058364 0.012563355318517364
41616 0.6524584229650183 3378409.487901753 5177969 0.012318222568646252
42436 0.665962805221809 3512857.232938285 5274855 0.01208019489152565
43264 0.6777980587283553 3651278.486225947 5386971 0.011849000333228145
44100 0.6903633173878259 3793750.7765880497 5495296 0.011624379828044953
44944 0.7007920165796585 3940352.3819186613 5622713 0.01140608647242752
45796 0.7151602769807778 4091162.3291826076 5720623 0.011193884846204524
46656 0.7253697979416321 4246260.394415469 5853925 0.010987550377588787
47524 0.7394067634774854 4405727.1027235845 5958462 0.010786868748774986
48400 0.7510890371708016 4569643.728284049 6084024 0.01059163533918972
49284 0.7630541305893412 4738092.294344713 6209379 0.010401654703692528
50176 0.7770263747439756 4911155.573224186 6320449 0.010216740083242635
51076 0.7883838883732832 5088917.086311831 6454872 0.010036712945743254
51984 0.8002147539449022 5271461.104067772 6587558 0.009861402554955032
52900 0.8149564715940039 5458872.646022883 6698361 0.00969064556553464
53824 0.8259839269169852 5651237.480778802 6841825 0.009524285642404548
54756 0.8401574929867076 5848642.126007919 6961364 0.009362173102797546
55696 0.8522838887836525 6051173.848453382 7099951 0.009204164579445248
56644 0.8664452555020243 6258920.663929096 7223677 0.009050122703495206
57600 0.8814781627962978 6471971.3373197215 7342180 0.008899915805846917
58564 0.8935712385932397 6690415.382580676 7487277 0.008753417635693983
59536 0.9113434970732925 6914343.0627381345 7586978 0.00861050709514886
60516 0.9192931416839782 7143845.389889029 7771020 0.008471067988908428
61504 0.9332270465603453 7379014.125201045 7906987 0.008334988787993991
62500 0.94561150742455 7619941.778912628 8058216 0.008202162406668519
63504 0.9589104006067641 7866721.61033298 8203813 0.008072485991697884
64516 0.973036618606979 8119447.627842057 8344442 0.007945860723181574
65536 0.9865391823580713 8378214.588890573 8492531 0.007822191626232643
66564 1 8643118 8643118 0.0077013873928367055
67600 1.014882059102451 8914254.116762565 8783537 0.007583360213266012
68644 1.0294505458193093 9191719.943841252 8928763 0.007468025616467317
69696 1.0423600049820818 9475613.234969804 9090538 0.00735530231888175
70756 1.0569669859584596 9766032.492952716 9239676 0.007245112081191453
71824 1.0708088306060255 10063076.96966524 9397641 0.007137379572521476
72900 1.0863859549348445 10366846.666053392 9542508 0.007032032241656824
73984 1.100326326155069 10677442.332133934 9703887 0.006929000194863518
75076 1.1155559790177814 10994965.466994394 9856041 0.006828216079929438
76176 1.130920997390184 11319518.318793051 10009115 0.006729614976065722
77284 1.1463621211784154 11651203.884758942 10163633 0.006633134289332623
78400 1.1590879235029203 11990125.91119186 10344449 0.006538713653275286
79524 1.1752781045105551 12336388.893462358 10496570 0.006446294834474906
80656 1.1903584223128045 12690098.07601174 10660737 0.006355821642739319
81796 1.2064097641120286 13051359.452352073 10818347 0.00626723984567439
82944 1.2224680354561333 13420279.765066175 10978021 0.006180497087393692
84100 1.2376179824353821 13796966.505807623 11148001 0.006095542811138911
85264 1.2512861505135722 14181527.915300751 11333561 0.006012328185597467
86436 1.2671870608224702 14574072.98334065 11501122 0.005930806034716813
87616 1.2835353271550882 14974711.44879317 11666770 0.005850930770827045
88804 1.2996978435571682 15383553.799594907 11836254 0.005772658330894807
90000 1.3154468865400897 15800711.272753226 12011668 0.005695946115742027
91204 1.3305894236671874 16226295.854346244 12194818 0.005620752932072962
92416 1.3463997306236335 16660420.279522832 12374052 0.005547038937162206
93636 1.3621887628256855 17103198.032502625 12555674 0.005474765586065001
94864 1.3774912787618578 17554743.346576 12743996 0.005403895581219245
96100 1.394397200744547 18015171.204104114 12919684 0.005334392824316155
97344 1.4097255209210462 18484597.336518858 13112196 0.005266222370323619
98596 1.425935276735143 18963138.224322885 13298737 0.0051993503835529075
99856 1.443429604496523 19450911.09708962 13475483 0.005133744095665583
101124 1.458320842574593 19948033.933463223 13678769 0.005069371765523342
102400 1.4754044713586778 20454625.461158626 13863741 0.005006202640788891
103684 1.4909251967463324 20970805.156961508 14065632 0.004944206921191143
104976 1.5068697365690484 21496693.246728312 14265794 0.004883355723372795
106276 1.5231617062899718 22032410.705386233 14464919 0.0048236210472428626
107584 1.5403823800559338 22578079.256933227 14657451 0.004764975743760991
108900 1.557392824199462 23133821.374438 14854198 0.00470739348408432
110224 1.573648823236748 23699760.28004002 15060387 0.004650848730011453
111556 1.5909767095350194 24276019.944949504 15258564 0.004595316705661573
112896 1.608077972072923 24862725.089447442 15461144 0.00454077337033006
114244 1.6219882723045238 25460001.182885565 15696785 0.004487195392465096
115600 1.6389866467654857 26067974.443686362 15904934 0.004434560124712651
116964 1.6576165943792418 26686771.839343093 16099484 0.004382845579980014
118336 1.6752925426813818 27316521.086419754 16305523 0.004332030408470647
119716 1.6922001037418846 27957350.65055111 16521303 0.004282093875645548
121104 1.7087749253786793 28609389.746442687 16742632 0.004233015841068688
122500 1.7264711134715505 29272768.337870754 16955261 0.004184776738096183
123904 1.7424867035464575 29947617.137682345 17186712 0.004137357554370984
125316 1.7594102082091605 30634067.60779525 17411555 0.004090739813086776
126736 1.7788338841397564 31332251.959198013 17613928 0.004044905554986606
128164 1.7944603073610002 32042303.151949942 17856234 0.0039998373210635004
129600 1.8114460597345616 32764354.89518109 18087403 0.0039555181359319635
131044 1.8307032713464253 33498541.647092275 18298182 0.003911931491840774
132496 1.849084494712065 34244998.614955075 18519975 0.0038690613332989857
133956 1.8666202598801604 35003861.755111806 18752535 0.0038268920422883817
135424 1.8843887695892307 35775267.77297557 18985078 0.0037854084240369684
136900 1.9030016333013573 36559354.12303019 19211415 0.0037445956933293096
138384 1.9210473826183592 37356259.00883029 19445777 0.0037044394613306632
139876 1.9417258901355392 38166121.38300121 19655772 0.003664925722903017
141376 1.9586987135501668 38989080.947239056 19905604 0.003626040844392135
142884 1.9769429330088195 39825278.15231071 20144880 0.0035877715518657267
144400 1.9966094675340709 40674854.19805379 20371963 0.0035501049197838117
145924 2.0153432258239765 41537951.03337669 20610857 0.0035130283600832107
147456 2.032620259971026 42414711.35625853 20867012 0.003476529611658952
148996 2.0522006061522884 43305278.61374921 21101874 0.003440596730226197
150544 2.0719522830136436 44209797.0019694 21337266 0.0034052180785470194
152100 2.090287937044337 45128411.46611049 21589567 0.0033703823170071166
153664 2.109939465296443 46061267.70043465 21830611 0.0033360783945282075
155236 2.1286220219811884 47008512.14827481 22084011 0.0033022955398025098
156816 2.1469591532893384 47970292.002034634 22343365 0.0032690232528363333
158404 2.1690204441264536 48946755.20318857 22566295 0.0032362512967903743
160000 2.187808499712945 49938050.4422818 22825604 0.0032039696901048904
161604 2.206381016952622 50944327.15893028 23089542 0.0031721686988984334
163216 2.222583677147985 51965735.54182071 23380778 0.003140838829629341
164836 2.247198805355218 53002426.52871057 23585998 0.0031099708220096484
166464 2.2666275441717416 54054551.806428045 23848008 0.003079555642161563
168100 2.286851777511244 55122263.81087214 24103995 0.003049584476007034
169744 2.3048646860930555 56205715.72701256 24385690 0.0030200487228814123
171396 2.3269278554827615 57305061.48888982 24626918 0.002990939989362543
173056 2.3471265292458705 58420455.77961515 24890203 0.0029622500833070362
174724 2.3674490533540036 59552054.03137056 25154524 0.0029339710080857947
176400 2.3927393669328847 60700012.425408795 25368418 0.002906094957011238
178084 2.4075278429330615 61864487.89205338 25696271 0.002878614307948959
179776 2.4271412865546735 63045638.11069858 25975265 0.00285152161810688
181476 2.4474074775668333 64243621.509809434 26249663 0.0028248096189952524
183184 2.4671301297288135 65458597.26692172 26532284 0.002798471211551131
184900 2.490187420640542 66690725.30864198 26781408 0.002772499461421214
186624 2.514511378807788 67940166.3106475 27019232 0.0027468875943971968
188356 2.535296979930868 69207081.69768636 27297426 0.002721628991998038
190096 2.5572969117819166 70491633.64357735 27564900 0.0026967171871937466
191844 2.566603766660372 71793985.07121006 27972368 0.002672145860265541
193600 2.603764458484624 73114299.65254478 28080228 0.00264790883479743
195364 2.627746549029814 74452741.80861263 28333304 0.002624000073794468
197136 2.6413746835020153 75809476.70951541 28700766 0.002600413675923132
198916 2.667200337351253 77184670.27442575 28938460 0.0025771438718694448
200704 2.6878223527882548 78578489.17158698 29235001 0.002554185020810659
202500 2.708245827002834 79991100.81831321 29536130 0.002531531606996456
204304 2.72997620924937 81422673.3809893 29825415 0.0025091782364358136
206116 2.7505377726208375 82873375.77507089 30129881 0.0024871196336858003
207936 2.7722539216202837 84343377.66508435 30424117 0.002465350638738758
209764 2.7931075781794172 85832849.46462679 30730234 0.0024438662040044165
211600 2.8136942436235977 87341962.33636613 31041739 0.00242266139138366
213444 2.8356084987522587 88870888.19204101 31341029 0.0024017313694307757
215296 2.861025359728724 90419799.69246083 31603984 0.002381071410601137
217156 2.8820691100245437 91988870.24750577 31917649 0.0023606768885814
219024 2.901163252630649 93578274.0161267 32255432 0.0023405432756993865
220900 2.9209952214732975 95188185.90634535 32587587 0.002320666140410966
222784 2.946727971531307 96818781.57525411 32856369 0.002301041144861312
224676 2.965683103384759 98470237.4290162 33203223 0.002281664042518037
226576 2.9896906140564394 100142730.62286554 33496018 0.0022625306758738014
228484 3.0115966512827614 101836439.06110683 33814767 0.002243636974216061
230400 3.0353766756133624 103551541.39711554 34114890 0.002224978951461729
232324 3.060798031885395 105288217.03333788 34398943 0.002206552704054607
234256 3.079864913303785 107046646.12129082 34756929 0.0021883544089234958
236196 3.1019121894892048 108827009.56156208 35083846 0.0021703803214990196
238144 3.122317516062318 110629489.00381015 35431851 0.002152626773787215
240100 3.145986264011117 112454266.84676428 35745314 0.002135090172498053
242064 3.16692784666091 114301526.23822446 36092242 0.002117766997227107
244036 3.1922394425854432 116171451.07506143 36391835 0.002100653798688646
246016 3.2140740917255832 118064226.00321671 36733511 0.0020837471969984978
248004 3.234471258267507 119980036.41770259 37094173 0.0020670438800050902
250000 3.2547367088920383 121919068.46260205 37458965 0.0020505406016671297
252004 3.2805437138662668 123881509.0310689 37762493 0.0020342341804764305
254016 3.3046736922346946 125867545.76532768 38087738 0.002018121497924471
256036 3.3433308616021464 127877367.05667366 38248493 0.002002199497011289
258064 3.347445474256656 129911162.0454729 38809045 0.0019864651807953936
260100 3.374873096079194 131969120.62116222 39103432 0.0019709156109834003
262144 3.3959717295596397 134051433.42224917 39473660 0.0019555479065581608
