4 0.8828868155072018 280.7580073312902 318 0.014247144856246471
16 1.335353185880096 1123.0320293251607 841 0.014247144856246471
36 1.3146836971808593 2526.8220659816116 1922 0.014247144856246471
64 1.276898270978011 4492.128117300643 3518 0.014247144856246471
100 1.2599084873958453 7018.950183282254 5571 0.014247144856246471
144 1.2557197495249655 10107.288263926446 8049 0.014247144856246471
196 1.2293041157388274 13757.142359233218 11191 0.014247144856246473
256 1.1599323781035809 17968.51246920257 15491 0.014247144856246471
324 1.1596837630716217 22741.398593834503 19610 0.014247144856246473
400 1.1280405292751423 28075.800733129017 24889 0.014247144856246471
484 1.1007977345868933 33971.718887086114 30861 0.014247144856246471
576 1.084705759167895 40429.153055705785 37272 0.014247144856246471
676 1.081635471743863 47448.10323898804 43867 0.014247144856246471
784 1.072368107511115 55028.56943693287 51315 0.014247144856246473
900 1.0596418963271037 63170.55164954029 59615 0.014247144856246471
1024 1.0616864586370394 71874.04987681028 67698 0.014247144856246471
1156 1.057558543314819 81139.06411874286 76723 0.014247144856246473
1296 1.0443091678568412 90965.59437533801 87106 0.014247144856246473
1444 1.063343411878339 101353.64064659576 95316 0.014247144856246471
1600 1.0451865361152937 112303.20293251607 107448 0.014247144856246471
1764 1.0517424907035922 123814.28123309897 117723 0.014247144856246471
1936 1.0411750212495647 135886.87554834445 130513 0.014247144856246471
2116 1.0395169615275766 148520.9858782525 142875 0.014247144856246471
2304 1.0339011355941485 161716.61222282314 156414 0.014247144856246471
2500 1.0402759934909673 175473.75458205637 168680 0.014247144856246471
2704 1.0364430395314095 189792.41295595217 183119 0.014247144856246471
2916 1.0541276522535732 204672.58734451054 194163 0.014247144856246471
3136 1.057291174510087 220114.27774773148 208187 0.014247144856246473
3364 1.0565958928071555 236117.48416561502 223470 0.014247144856246473
3600 1.065693009026179 252682.20659816117 237106 0.014247144856246471
3844 1.0688234398770766 269808.44504536985 252435 0.014247144856246473
4096 1.0764140505050457 287496.19950724114 267087 0.014247144856246471
4356 1.069754521319395 305745.469983775 285809 0.014247144856246473
4624 1.0675841468207343 324556.2564749714 304010 0.014247144856246473
4900 1.0653088147242336 343928.5589808305 322844 0.014247144856246471
5184 1.0642238099038095 363862.37750135205 341904 0.014247144856246473
5476 1.0664990122881093 384357.71203653625 360392 0.014247144856246471
5776 1.0634075626346144 405414.562586383 381241 0.014247144856246471
6084 1.0684557854818624 427032.92915089236 399673 0.014247144856246471
6400 1.0635603911528702 449212.8117300643 422367 0.014247144856246471
6724 1.0624956895498336 471954.21032389876 444194 0.014247144856246473
7056 1.0678385768949057 495257.1249323959 463794 0.014247144856246471
7396 1.0652558694485883 519121.5555555555 487321 0.014247144856246473
7744 1.0682636527166662 543547.5021933778 508814 0.014247144856246471
8100 1.0702156956178681 568534.9648458626 531234 0.014247144856246473
8464 1.0654971949692145 594083.94351301 557565 0.014247144856246471
8836 1.06515948887484 620194.43819482 582255 0.014247144856246473
9216 1.0641823745071466 646866.4488912926 607853 0.014247144856246471
9604 1.0576290588378596 674099.9756024277 637369 0.014247144856246471
10000 1.055820998529189 701895.0183282255 664786 0.014247144856246471
10404 1.0509303675674966 730251.5770686858 694862 0.014247144856246471
10816 1.0522408161898111 759169.6518238087 721479 0.014247144856246471
11236 1.0489407405351765 788649.2425935941 751853 0.014247144856246471
11664 1.0477385746620655 818690.3493780422 781388 0.014247144856246471
12100 1.0475166412304786 849292.9721771528 810768 0.014247144856246473
12544 1.0433303720396663 880457.1109909259 843891 0.014247144856246473
12996 1.0449583026259188 912182.7658193618 872937 0.014247144856246471
13456 1.0427490330250733 944469.9366624601 905750 0.014247144856246473
13924 1.0451063089300414 977318.6235202211 935138 0.014247144856246471
14400 1.0417661657694128 1010728.8263926447 970207 0.014247144856246471
14884 1.0387691733001867 1044700.5452797307 1005710 0.014247144856246473
15376 1.0396351181656673 1079233.7801814794 1038089 0.014247144856246473
15876 1.0372996931818963 1114328.5310978908 1074259 0.014247144856246471
16384 1.0391829546702083 1149984.7980289645 1106624 0.014247144856246471
16900 1.0350789797702806 1186202.580974701 1146002 0.014247144856246471
17424 1.0328636928549773 1222981.8799351 1184069 0.014247144856246473
17956 1.035614960730794 1260322.6949101617 1216980 0.014247144856246471
18496 1.03581646239823 1298225.0258998857 1253335 0.014247144856246473
19044 1.0387810194579927 1336688.8729042725 1286786 0.014247144856246471
19600 1.0390661537150343 1375714.235923322 1323991 0.014247144856246471
20164 1.0405042136652978 1415301.1149570337 1360207 0.014247144856246473
20736 1.0297221953019609 1455449.5100054082 1413439 0.014247144856246473
21316 1.0281723716834978 1496159.4210684453 1455164 0.014247144856246473
21904 1.0270168332431378 1537430.848146145 1496987 0.014247144856246471
22500 1.0363221703343155 1579263.7912385073 1523912 0.014247144856246471
23104 1.0306883489529712 1621658.250345532 1573374 0.014247144856246471
23716 1.0311167293123178 1664614.2254672195 1614380 0.014247144856246471
24336 1.0323064750501274 1708131.7166035695 1654675 0.014247144856246471
24964 1.0238715241080953 1752210.723754582 1711358 0.014247144856246471
25600 1.0268736548928878 1796851.246920257 1749827 0.014247144856246471
26244 1.0236853976228037 1842053.2861005948 1799433 0.014247144856246473
26896 1.0276987555884336 1887816.841295595 1836936 0.014247144856246473
27556 1.0227986522180559 1934141.912505258 1891029 0.014247144856246471
28224 1.0230740944579637 1981028.4997295835 1936349 0.014247144856246471
28900 1.0247155051668644 2028476.6029685715 1979551 0.014247144856246473
29584 1.0261849251481576 2076486.222222222 2023501 0.014247144856246473
30276 1.020918589340233 2125057.3574905354 2081515 0.014247144856246471
30976 1.023611152513448 2174190.0087735113 2124039 0.014247144856246471
31684 1.0190015079951107 2223884.1760711493 2182415 0.014247144856246473
32400 1.019322850604183 2274139.8593834504 2231030 0.014247144856246473
33124 1.0192070636125898 2324957.058710414 2281143 0.014247144856246471
33856 1.0149100543694716 2376335.77405204 2341425 0.014247144856246471
34596 1.0178787627087624 2428276.0054083285 2385624 0.014247144856246473
35344 1.018069898454447 2480777.75277928 2436746 0.014247144856246473
36100 1.0171889284703086 2533841.0161648938 2491023 0.014247144856246473
36864 1.0132389676163254 2587465.7955651702 2553658 0.014247144856246471
37636 1.0113278626817612 2641652.0909801093 2612063 0.014247144856246471
38416 1.0136441615687015 2696399.902409711 2660105 0.014247144856246471
39204 1.0152923276648707 2751709.229853975 2710263 0.014247144856246471
40000 1.0198993945849706 2807580.073312902 2752801 0.014247144856246471
40804 1.0157163811524754 2864012.4327864912 2819697 0.014247144856246471
41616 1.0161382683506288 2921006.308274743 2874615 0.014247144856246471
42436 1.013547844108327 2978561.6997776576 2938748 0.014247144856246471
43264 1.0181890569455705 3036678.6072952347 2982431 0.014247144856246471
44100 1.0157946982051138 3095357.0308274743 3047227 0.014247144856246471
44944 1.0130541625706464 3154596.9703743765 3113947 0.014247144856246471
45796 1.011332958488871 3214398.4259359413 3178378 0.014247144856246471
46656 1.015810701597023 3274761.3975121686 3223791 0.014247144856246471
47524 1.009128354428318 3335685.8851030585 3305512 0.014247144856246471
48400 1.0115896306466108 3397171.888708611 3358251 0.014247144856246473
49284 1.0119692093972967 3459219.408328826 3418305 0.014247144856246473
50176 1.0076208814748098 3521828.4439637037 3495192 0.014247144856246473
51076 1.0109153497354262 3584998.9956132444 3546290 0.014247144856246471
51984 1.0079969034830385 3648731.063277447 3619784 0.014247144856246471
52900 1.0107582969710425 3713024.6469563125 3673504 0.014247144856246473
53824 1.0058365260340612 3777879.7466498404 3755958 0.014247144856246473
54756 1.0033940881743948 3843296.3623580313 3830296 0.014247144856246471
55696 1.0048502647104567 3909274.4940808844 3890405 0.014247144856246471
56644 1.003496789926804 3975814.1418184 3961960 0.014247144856246473
57600 1.0028195882997248 4042915.3055705787 4031548 0.014247144856246471
58564 1.0058418680035108 4110577.9853374194 4086704 0.014247144856246471
59536 1.0009099828476584 4178802.181118923 4175003 0.014247144856246473
60516 1.0020249787249762 4247587.892915089 4239004 0.014247144856246473
61504 1.0024705967090783 4316935.120725918 4306296 0.014247144856246473
62500 0.99937758556895 4386843.864551409 4389576 0.014247144856246471
63504 1.0020597597365295 4457314.124391563 4448152 0.014247144856246471
64516 1.0024132895164564 4528345.900246379 4517444 0.014247144856246473
65536 1.0040062982837068 4599939.192115858 4581584 0.014247144856246471
66564 1 4672094 4672094 0.014247144856246471
67600 0.9995071408948115 4744810.323898804 4747150 0.014247144856246471
68644 0.9991591215383431 4818088.16381227 4822143 0.014247144856246473
69696 0.9989196968034504 4891927.5197404 4897218 0.014247144856246473
70756 0.9986658641303368 4966328.391683192 4972963 0.014247144856246471
71824 0.998476678990071 5041290.779640647 5048982 0.014247144856246471
72900 0.9970367788003954 5116814.683612763 5132022 0.014247144856246473
73984 0.9982647014461261 5192900.103599543 5201927 0.014247144856246473
75076 0.996444267712371 5269547.039600985 5288351 0.014247144856246473
76176 0.9959969210826052 5346755.49161709 5368245 0.014247144856246471
77284 0.9964694267729032 5424525.459647858 5443745 0.014247144856246471
78400 0.9959229881024174 5502856.943693288 5525384 0.014247144856246471
79524 0.9975380230122031 5581749.94375338 5595526 0.014247144856246471
80656 1.000310358859757 5661204.459828135 5659448 0.014247144856246473
81796 0.9931415994825609 5741220.491917552 5780868 0.014247144856246473
82944 0.9956146697370069 5821798.040021633 5847441 0.014247144856246473
84100 0.9960414572530959 5902937.104140376 5926397 0.014247144856246473
85264 0.9936212930201028 5984637.684273781 6023057 0.014247144856246473
86436 0.9944309276933099 6066899.780421849 6100876 0.014247144856246471
87616 0.9934172072420593 6149723.39258458 6190474 0.014247144856246471
88804 0.9930218086227097 6233108.520761973 6276910 0.014247144856246471
90000 0.9934029257016 6317055.164954029 6359006 0.014247144856246471
91204 0.9919066740195611 6401563.325160747 6453796 0.014247144856246471
92416 0.9918605343141889 6486633.001382128 6539864 0.014247144856246471
93636 0.9947094532372422 6572264.193618172 6607220 0.014247144856246471
94864 0.9984461869288817 6658456.901868878 6668819 0.014247144856246471
96100 0.995407269113582 6745211.126134247 6776333 0.014247144856246471
97344 0.9929071708344788 6832526.866414278 6881335 0.014247144856246471
98596 0.9912517292478058 6920404.122708972 6981480 0.014247144856246471
99856 0.9913607102056187 7008842.895018328 7069922 0.014247144856246471
101124 0.9918803455842179 7097843.183342347 7155947 0.014247144856246471
102400 0.9908878455478084 7187404.987681028 7253500 0.014247144856246471
103684 0.990178435247191 7277528.3080343725 7349714 0.014247144856246471
104976 0.9910704211836492 7368213.144402379 7434601 0.014247144856246473
106276 0.9899940313082483 7459459.496785048 7534853 0.014247144856246473
107584 0.9892161267281528 7551267.36518238 7633587 0.014247144856246473
108900 0.9898237488176165 7643636.749594375 7722220 0.014247144856246473
110224 0.987916866564396 7736567.650021032 7831193 0.014247144856246471
111556 0.9897112614073272 7830060.066462352 7911459 0.014247144856246471
112896 0.9901842709564955 7924113.998918334 8002666 0.014247144856246471
114244 0.9878961632249471 8018729.447388979 8116976 0.014247144856246471
115600 0.987563471447875 8113906.411874286 8216086 0.014247144856246473
116964 0.9881931559878315 8209644.892374256 8307733 0.014247144856246473
118336 0.9877766160219343 8305944.888888888 8408728 0.014247144856246473
119716 0.9885154517381101 8402806.401418183 8500430 0.014247144856246473
121104 0.9877501865881951 8500229.429962141 8605647 0.014247144856246471
122500 0.9891082285614587 8598213.974520762 8692895 0.014247144856246471
123904 0.9882477470459184 8696760.035094045 8800182 0.014247144856246471
125316 0.9889949172903999 8795867.61168199 8893744 0.014247144856246471
126736 0.9880508819707085 8895536.704284597 9003116 0.014247144856246473
128164 0.9888739256355342 8995767.312901868 9096981 0.014247144856246473
129600 0.9891856811709822 9096559.437533801 9196008 0.014247144856246473
131044 0.989745212789204 9197913.078180397 9293213 0.014247144856246473
132496 0.9878907044291841 9299828.234841656 9413823 0.014247144856246471
133956 0.9851454386183324 9402304.907517577 9544078 0.014247144856246471
135424 0.9828246193600425 9505343.09620816 9671454 0.014247144856246471
136900 0.9836649431267942 9608942.800913407 9768512 0.014247144856246471
138384 0.9846911735829149 9713104.021633314 9864112 0.014247144856246473
139876 0.982620458039313 9817826.758367887 9991474 0.014247144856246471
141376 0.9820074857680393 9923111.01111712 10104924 0.014247144856246473
142884 0.9808688937622196 10028956.779881015 10224564 0.014247144856246473
144400 0.9813670949565716 10135364.064659575 10327801 0.014247144856246473
145924 0.9810409007058146 10242332.865452796 10440271 0.014247144856246473
147456 0.9797064781661887 10349863.182260681 10564249 0.014247144856246471
148996 0.9796453416701805 10457955.015083227 10675246 0.014247144856246473
150544 0.9800258527844439 10566608.363920437 10781969 0.014247144856246471
152100 0.9795172566871609 10675823.228772309 10899066 0.014247144856246473
153664 0.9777849465605952 10785599.609638844 11030646 0.014247144856246471
155236 0.976448117922204 10895937.50652004 11158747 0.014247144856246471
156816 0.9756648300473321 11006836.9194159 11281371 0.014247144856246471
158404 0.9746099646970999 11118297.848326422 11407946 0.014247144856246471
160000 0.9747558703932474 11230320.293251608 11521162 0.014247144856246471
161604 0.9744386389006829 11342904.254191454 11640450 0.014247144856246471
163216 0.9747565634454742 11456049.731145965 11752729 0.014247144856246471
164836 0.9739297616141156 11569756.724115137 11879457 0.014247144856246471
166464 0.97384560355576 11684025.233098973 11997821 0.014247144856246471
168100 0.9732671407402852 11798855.25809747 12122936 0.014247144856246471
169744 0.9725271901681146 11914246.79911063 12250811 0.014247144856246471
171396 0.9729128621099237 12030199.856138453 12365136 0.014247144856246471
173056 0.9757472413169499 12146714.429180939 12448628 0.014247144856246471
174724 0.9697554732330255 12263790.518238086 12646271 0.014247144856246471
176400 0.9698688457197251 12381428.123309897 12766085 0.014247144856246471
178084 0.9696185588662021 12499627.24439637 12891283 0.014247144856246471
179776 0.9690903534542429 12618387.881497506 13020858 0.014247144856246471
181476 0.968146806761563 12737710.034613304 13156796 0.014247144856246471
183184 0.97067519347824 12857593.703743765 13246031 0.014247144856246471
184900 0.9671270844170858 12978038.888888888 13419166 0.014247144856246473
186624 0.9674124845220209 13099045.590048674 13540290 0.014247144856246471
188356 0.967746393644787 13220613.807223123 13661238 0.014247144856246473
190096 0.9666991036261683 13342743.540412234 13802375 0.014247144856246471
191844 0.967532190665445 13465434.789616007 13917299 0.014247144856246473
193600 0.9659045108567735 13588687.554834444 14068355 0.014247144856246473
195364 0.9657498038968284 13712501.836067542 14198814 0.014247144856246473
197136 0.9658356697648535 13836877.633315304 14326327 0.014247144856246473
198916 0.9639151786603203 13961814.94657773 14484485 0.014247144856246471
200704 0.9628309713860838 14087313.775854815 14631139 0.014247144856246473
202500 0.9620946265959849 14213374.121146565 14773364 0.014247144856246471
204304 0.9618197031875195 14339995.982452977 14909235 0.014247144856246471
206116 0.9619178703583269 14467179.359774051 15039932 0.014247144856246471
207936 0.9607999013790752 14594924.253109789 15190389 0.014247144856246471
209764 0.9610172186327365 14723230.662460187 15320465 0.014247144856246473
211600 0.9606447808477504 14852098.58782525 15460552 0.014247144856246473
213444 0.9595836183632618 14981528.029204976 15612530 0.014247144856246471
215296 0.9598308292968191 15111518.986599362 15743940 0.014247144856246473
217156 0.9590114476819875 15242071.460008413 15893524 0.014247144856246471
219024 0.9582639088824455 15373185.449432125 16042747 0.014247144856246471
220900 0.9586725246609512 15504860.9548705 16173261 0.014247144856246471
222784 0.9570574774580645 15637097.976323538 16338724 0.014247144856246471
224676 0.9574038409200387 15769896.513791237 16471520 0.014247144856246473
226576 0.9583539217076467 15903256.5672736 16594346 0.014247144856246473
228484 0.9573752257164848 16037178.136770627 16751194 0.014247144856246471
230400 0.9563026539126805 16171661.222282315 16910610 0.014247144856246471
232324 0.9565128587403615 16306705.823808664 17048078 0.014247144856246471
234256 0.9571216774371186 16442311.941349678 17178915 0.014247144856246471
236196 0.9546042646915498 16578479.574905353 17366861 0.014247144856246473
238144 0.9549641734067418 16715208.724475691 17503493 0.014247144856246473
240100 0.9556803817969884 16852499.390060693 17634033 0.014247144856246471
242064 0.9547133894327021 16990351.571660355 17796285 0.014247144856246473
244036 0.9554605729626043 17128765.26927468 17927234 0.014247144856246473
246016 0.9537008757911131 17267740.48290367 18106034 0.014247144856246473
248004 0.9545634701965552 17407277.21254732 18235851 0.014247144856246473
250000 0.954138571549435 17547375.458205637 18390804 0.014247144856246471
252004 0.9538089606570557 17688035.219878614 18544631 0.014247144856246471
254016 0.9537441796078558 17829256.497566253 18693961 0.014247144856246471
256036 0.9533537406396795 17971039.291268554 18850337 0.014247144856246471
258064 0.9537361968254108 18113383.600985516 18992027 0.014247144856246473
260100 0.9537677815349046 18256289.426717144 19141231 0.014247144856246471
262144 0.9541756662937778 18399756.768463433 19283406 0.014247144856246471
