4 27.07004651975175 13616.23339943513 503 0.0002937669972788466
16 129.37038859320788 54464.93359774052 421 0.0002937669972788466
36 135.26059668313044 122546.10059491618 906 0.0002937669972788466
64 162.7033117184183 217859.73439096208 1339 0.0002937669972788466
100 147.61744795571477 340405.83498587826 2306 0.0002937669972788466
144 142.86925164082328 490184.4023796647 3431 0.0002937669972788466
196 124.31440964641725 667195.4365723213 5367 0.00029376699727884663
256 123.34592180663104 871438.9375638483 7065 0.0002937669972788466
324 112.47347596922756 1102914.9053542456 9806 0.0002937669972788466
400 102.0936747352113 1361623.339943513 13337 0.0002937669972788466
484 92.62223079219983 1647564.2413316506 17788 0.00029376699727884663
576 83.7063528653799 1960737.6095186588 23424 0.0002937669972788466
676 76.09098090419077 2301143.444504537 30242 0.0002937669972788466
784 69.41817521886553 2668781.7462892854 38445 0.00029376699727884663
900 63.476970720887294 3063652.5148729044 48264 0.0002937669972788466
1024 58.11142555107018 3485755.7502553933 59984 0.0002937669972788466
1156 53.07792835572517 3935091.4524367526 74138 0.0002937669972788466
1296 48.58602461885863 4411659.621416982 90801 0.0002937669972788466
1444 44.68315886440028 4915460.257196082 110007 0.00029376699727884663
1600 41.148466778788865 5446493.359774052 132362 0.0002937669972788466
1764 38.16228315041114 6004758.929150892 157348 0.0002937669972788466
1936 35.4935072859922 6590256.965326603 185675 0.00029376699727884663
2116 32.98660231589516 7202987.468301184 218361 0.00029376699727884663
2304 30.768251726432833 7842950.438074635 254904 0.0002937669972788466
2500 28.74340407482937 8510145.874646956 296073 0.00029376699727884663
2704 26.857573217683775 9204573.778018149 342718 0.0002937669972788466
2916 25.225820272654566 9926234.14818821 393495 0.00029376699727884663
3136 23.481738321206873 10675126.985157141 454614 0.00029376699727884663
3364 22.14544054729989 11451252.288924944 517093 0.00029376699727884663
3600 20.801092553789413 12254610.059491618 589133 0.0002937669972788466
3844 19.643318667032695 13085200.29685716 666140 0.00029376699727884663
4096 18.528441770347065 13943023.001021573 752520 0.0002937669972788466
4356 17.51278867601849 14828078.171984857 846700 0.0002937669972788466
4624 16.59238476756128 15740365.80974701 948650 0.0002937669972788466
4900 15.74133999951684 16679885.914308034 1059623 0.00029376699727884663
5184 14.944000966817939 17646638.48566793 1180851 0.0002937669972788466
5476 14.188715419075795 18640623.523826692 1313764 0.00029376699727884663
5776 13.540905081898503 19661841.028784327 1452033 0.00029376699727884663
6084 12.898649553748394 20710291.000540834 1605617 0.0002937669972788466
6400 12.313976509869228 21785973.43909621 1769207 0.0002937669972788466
6724 11.75633986894843 22888888.344450455 1946940 0.0002937669972788466
7056 11.240083558356284 24019035.71660357 2136909 0.0002937669972788466
7396 10.762196636636329 25176415.555555556 2339338 0.0002937669972788466
7744 10.313540478209744 26361027.86130641 2555963 0.00029376699727884663
8100 9.889236536458014 27572872.63385614 2788170 0.0002937669972788466
8464 9.491327560477089 28811949.873204734 3035608 0.00029376699727884663
8836 9.118522974323932 30078259.579352204 3298589 0.0002937669972788466
9216 8.746262212852487 31371801.75229854 3586881 0.0002937669972788466
9604 8.36179882213657 32692576.392043747 3909754 0.0002937669972788466
10000 8.029036001162309 34040583.498587824 4239685 0.00029376699727884663
10404 7.6783953582356546 35415823.07193077 4612399 0.0002937669972788466
10816 7.361771464211095 36818295.112072594 5001282 0.0002937669972788466
11236 7.097655038339229 38247999.61901328 5388822 0.00029376699727884663
11664 6.784562680411957 39704936.59275284 5852247 0.00029376699727884663
12100 6.464173519397692 41189106.033291265 6371906 0.00029376699727884663
12544 6.257422605707576 42700507.940628566 6823977 0.00029376699727884663
12996 6.031218200830472 44239142.31476474 7335026 0.0002937669972788466
13456 5.857212823450914 45805009.155699775 7820274 0.00029376699727884663
13924 5.644971262904745 47398108.46343369 8396519 0.0002937669972788466
14400 5.413102935047155 49018440.23796647 9055516 0.0002937669972788466
14884 5.232155798490055 50666004.47929812 9683581 0.0002937669972788466
15376 5.0548156316987365 52340801.18742864 10354641 0.00029376699727884663
15876 4.861445740404481 54042830.36235803 11116617 0.0002937669972788466
16384 4.7347716417161365 55772092.00408629 11779257 0.0002937669972788466
16900 4.581197985450769 57528586.112613425 12557542 0.0002937669972788466
17424 4.435373252873528 59312312.68793943 13372564 0.0002937669972788466
17956 4.2747833405157065 61123271.7300643 14298566 0.0002937669972788466
18496 4.1553765329104335 62961463.23898804 15151807 0.0002937669972788466
19044 4.057696747165228 64826887.21471065 15976277 0.00029376699727884663
19600 3.9081789370812356 66719543.657232136 17071773 0.00029376699727884663
20164 3.8294734629383793 68639432.56655249 17923987 0.0002937669972788466
20736 3.71489369552298 70586553.94267172 19000962 0.0002937669972788466
21316 3.611840505666766 72560907.78558981 20089732 0.0002937669972788466
21904 3.486106795352822 74562494.09530677 21388471 0.00029376699727884663
22500 3.3894057229580534 76591312.87182261 22597269 0.0002937669972788466
23104 3.3010120245286765 78647364.11513731 23825228 0.00029376699727884663
23716 3.213268692154051 80730647.8252509 25124151 0.0002937669972788466
24336 3.1357086409726636 82841164.00216334 26418642 0.0002937669972788466
24964 3.038849156359002 84978912.64587465 27964176 0.0002937669972788466
25600 2.9698598511798235 87143893.75638483 29342763 0.0002937669972788466
26244 2.9029939976405856 89336107.33369389 30773783 0.0002937669972788466
26896 2.839207973147461 91555553.37780182 32246864 0.0002937669972788466
27556 2.7697922158616204 93802231.8887086 33866162 0.00029376699727884663
28224 2.695911679039118 96076142.86641428 35637719 0.0002937669972788466
28900 2.6277134918090783 98377286.31091882 37438361 0.0002937669972788466
29584 2.568033368129178 100705662.22222222 39215091 0.0002937669972788466
30276 2.5112337851936815 103061270.6003245 41040094 0.00029376699727884663
30976 2.437537507295409 105444111.44522564 43258457 0.00029376699727884663
31684 2.4003010654569903 107854184.75692567 44933607 0.0002937669972788466
32400 2.34580153641702 110291490.53542456 47016548 0.0002937669972788466
33124 2.286751563531654 112756028.78072232 49308386 0.0002937669972788466
33856 2.2453279384587 115247799.49281894 51327825 0.00029376699727884663
34596 2.1861936603918792 117766802.67171444 53868422 0.0002937669972788466
35344 2.128744668583983 120313038.31740882 56518304 0.0002937669972788466
36100 2.0815437574889732 122886506.42990205 59036235 0.00029376699727884663
36864 2.0150381976854783 125487207.00919417 62275349 0.0002937669972788466
37636 1.9546316336249907 128115140.05528514 65544391 0.0002937669972788466
38416 1.9335689476764482 130770305.56817499 67631571 0.0002937669972788466
39204 1.8841945071112494 133452703.5478637 70827456 0.00029376699727884663
40000 1.8596717093010262 136162333.9943513 73218479 0.00029376699727884663
40804 1.8108149338476118 138899196.90763777 76705352 0.0002937669972788466
41616 1.7737449488881103 141663292.2877231 79866777 0.0002937669972788466
42436 1.7230017350842743 144454620.1346073 83838929 0.00029376699727884663
43264 1.6755330083772495 147273180.44829038 87896317 0.0002937669972788466
44100 1.6514179517682588 150118973.2287723 90903077 0.0002937669972788466
44944 1.618948778893259 152991998.47605312 94500827 0.00029376699727884663
45796 1.5758960178640558 155892256.1901328 98922933 0.00029376699727884663
46656 1.543618427286017 158819746.37101135 102887957 0.00029376699727884663
47524 1.5187179184742858 161774469.01868877 106520419 0.00029376699727884663
48400 1.4805951033508102 164756424.13316506 111277164 0.00029376699727884663
49284 1.4501213469154077 167765611.71444023 115690740 0.00029376699727884663
50176 1.4173128897274838 170802031.76251426 120511168 0.00029376699727884663
51076 1.3887467305783492 173865684.27738717 125196107 0.00029376699727884663
51984 1.3563061003008492 176956569.25905895 130469493 0.0002937669972788466
52900 1.3355019319852108 180074686.7075296 134836710 0.0002937669972788466
53824 1.300811513413518 183220036.6227991 140850565 0.00029376699727884663
54756 1.2859283764645029 186392619.0048675 144947901 0.0002937669972788466
55696 1.2545430122463157 189592433.85373476 151124698 0.0002937669972788466
56644 1.2234640604967797 192819481.16940087 157601263 0.00029376699727884663
57600 1.2002932789809875 196073760.95186588 163354877 0.0002937669972788466
58564 1.1774450748576255 199355273.20112973 169311739 0.00029376699727884663
59536 1.153712522554217 202664017.9171925 175662493 0.0002937669972788466
60516 1.1287369823544493 205999995.1000541 182504869 0.0002937669972788466
61504 1.10346047333542 209363204.74971455 189733307 0.00029376699727884663
62500 1.0861051433049127 212753646.86617392 195886787 0.0002937669972788466
63504 1.0597561054618008 216171321.44943213 203982143 0.0002937669972788466
64516 1.041714017827102 219616228.49948922 210821996 0.0002937669972788466
65536 1.0183878858729334 223088368.01634517 219060312 0.0002937669972788466
66564 1 226587740 226587740 0.0002937669972788466
67600 0.9793155257620859 230114344.4504537 234974672 0.0002937669972788466
68644 0.961957190549313 233668181.36770627 242909127 0.0002937669972788466
69696 0.9417389231851946 237249250.7517577 251926776 0.0002937669972788466
70756 0.9198452035285432 240857552.60260803 261845745 0.0002937669972788466
71824 0.9008594756337343 244493086.9202572 271399806 0.0002937669972788466
72900 0.8827088072049808 248155853.70470524 281129917 0.00029376699727884663
73984 0.8652740337271546 251845852.95595217 291059067 0.0002937669972788466
75076 0.8497023227527519 255563084.67399797 300767784 0.0002937669972788466
76176 0.831060052929397 259307548.8588426 312020230 0.00029376699727884663
77284 0.8141749185507423 263079245.51048616 323123741 0.0002937669972788466
78400 0.7996976237411345 266878174.62892854 333723856 0.00029376699727884663
79524 0.7822741002527407 270704336.2141698 346047934 0.00029376699727884663
80656 0.7687600521820638 274557730.26620996 357143597 0.0002937669972788466
81796 0.7542943963523516 278438356.78504896 369137512 0.00029376699727884663
82944 0.736112086954273 282346215.77068686 383564162 0.0002937669972788466
84100 0.724467284637687 286281307.2231236 395161125 0.0002937669972788466
85264 0.7109073381533213 290243631.14235926 408272099 0.0002937669972788466
86436 0.6973292883989516 294233187.52839375 421942965 0.0002937669972788466
87616 0.6832771058992727 298249976.3812271 436499297 0.00029376699727884663
88804 0.6710563913331467 302293997.7008593 450474806 0.00029376699727884663
90000 0.6582110600286586 306365251.48729044 465451388 0.0002937669972788466
91204 0.6457023837526756 310463737.7405204 480815536 0.0002937669972788466
92416 0.6345770991207353 314589456.46054924 495746627 0.00029376699727884663
93636 0.6229002402810184 318742407.64737695 511706991 0.00029376699727884663
94864 0.6103226099151801 322922591.3010036 529101472 0.0002937669972788466
96100 0.6006274282927356 327130007.421429 544647134 0.00029376699727884663
97344 0.5874613411266649 331364656.00865334 564062063 0.0002937669972788466
98596 0.5790389889102314 335626537.06267655 579626836 0.0002937669972788466
99856 0.5691680514127188 339915650.5834986 597214917 0.0002937669972788466
101124 0.5583435651869688 344231996.57111955 616523621 0.0002937669972788466
102400 0.5495815296536477 348575575.02553934 634256350 0.0002937669972788466
103684 0.5387225326795045 352946385.94675803 655154304 0.0002937669972788466
104976 0.5313322499231851 357344429.33477557 672544212 0.0002937669972788466
106276 0.5215408417803948 361769705.189592 693655561 0.0002937669972788466
107584 0.5123705943269301 366222213.5112073 714760405 0.0002937669972788466
108900 0.5044536487761598 370701954.2996214 734858307 0.00029376699727884663
110224 0.4967516939807239 375208927.5548344 755324908 0.00029376699727884663
111556 0.48717109482646864 379743133.27684635 779486175 0.0002937669972788466
112896 0.48040143704856025 384304571.4656571 799965491 0.0002937669972788466
114244 0.47330484311744664 388893242.1212668 821654897 0.0002937669972788466
115600 0.4659640202001724 393509145.2436753 844505430 0.0002937669972788466
116964 0.45831286688072403 398152280.83288264 868734678 0.0002937669972788466
118336 0.4511145109709566 402822648.8888889 892949881 0.0002937669972788466
119716 0.44465873186821875 407520249.411694 916478684 0.00029376699727884663
121104 0.4376899597364155 412245082.401298 941865522 0.00029376699727884663
122500 0.43087237586358046 416997147.8577009 967797360 0.0002937669972788466
123904 0.4242599481184823 421776445.78090256 994146272 0.00029376699727884663
125316 0.41838342254681465 426582976.1709032 1019598180 0.0002937669972788466
126736 0.41196698936684334 431416739.0277027 1047211913 0.0002937669972788466
128164 0.4063682890903345 436277734.351301 1073601819 0.0002937669972788466
129600 0.40011218456915315 441165962.14169824 1102605667 0.0002937669972788466
131044 0.39454432239930687 446081422.3988943 1130624361 0.0002937669972788466
132496 0.3888748598796607 451024115.1228893 1159818136 0.0002937669972788466
133956 0.3833089779999602 455994040.3136831 1189625254 0.0002937669972788466
135424 0.37796623487994235 460991197.97127575 1219662381 0.00029376699727884663
136900 0.3727736894876312 466015588.0956673 1250130042 0.00029376699727884663
138384 0.36798384847859905 471067210.68685776 1280130127 0.0002937669972788466
139876 0.3631600357343329 476146065.74484706 1311119118 0.0002937669972788466
141376 0.35819928515639227 481252153.26963526 1343531864 0.0002937669972788466
142884 0.3533969601625152 486385473.2612223 1376314819 0.0002937669972788466
144400 0.34873179747340316 491546025.7196082 1409524538 0.00029376699727884663
145924 0.34388720749837487 496733810.644793 1444467255 0.0002937669972788466
147456 0.33945164496630986 501948828.03677666 1478704951 0.0002937669972788466
148996 0.3353236341488862 507191077.8955592 1512541993 0.0002937669972788466
150544 0.3310068520624467 512460560.22114056 1548187166 0.0002937669972788466
152100 0.3269650079560952 517757275.01352084 1583525033 0.0002937669972788466
153664 0.32280237176439613 523081222.27269995 1620437977 0.0002937669972788466
155236 0.31879567109256446 528432401.99867797 1657589641 0.0002937669972788466
156816 0.31497368363894557 533810814.1914548 1694779094 0.00029376699727884663
158404 0.3110369445529833 539216458.8510306 1733609040 0.0002937669972788466
160000 0.3072980126585367 544649335.9774052 1772381576 0.00029376699727884663
161604 0.3037010626681973 550109445.5705787 1811351731 0.0002937669972788466
163216 0.2999945231409735 555596787.6305511 1852023103 0.0002937669972788466
164836 0.29649550804071917 561111362.1573223 1892478459 0.0002937669972788466
166464 0.293048992309649 566653169.1508924 1933646537 0.0002937669972788466
168100 0.28959085773524024 572222208.6112614 1975967795 0.0002937669972788466
169744 0.286168056771334 577818480.5384291 2019157858 0.00029376699727884663
171396 0.2830606400906122 583441984.9323959 2061190792 0.0002937669972788466
173056 0.27968044309687257 589092721.7931615 2106306452 0.0002937669972788466
174724 0.27671206565842515 594770691.1207259 2149420878 0.00029376699727884663
176400 0.27352328722449726 600475892.9150892 2195337366 0.0002937669972788466
178084 0.270332661709453 606208327.1762514 2242453144 0.00029376699727884663
179776 0.2674589970706256 611967993.9042125 2288081540 0.00029376699727884663
181476 0.26447334380045495 617754893.0989724 2335792652 0.0002937669972788466
183184 0.2617348882413265 623569024.7605312 2382445187 0.00029376699727884663
184900 0.25852146605422627 629410388.8888888 2434654261 0.00029376699727884663
186624 0.25619326345224464 635278985.4840454 2479686534 0.00029376699727884663
188356 0.2533041488045399 641174814.5460008 2531244820 0.0002937669972788466
190096 0.25048659399584344 647097876.0747551 2583363308 0.00029376699727884663
191844 0.2479736570390061 653048170.0703083 2633538489 0.0002937669972788466
193600 0.24608419538956858 659025696.5326602 2678049663 0.00029376699727884663
195364 0.2436400721193944 665030455.4618112 2729561068 0.0002937669972788466
197136 0.24104340411068825 671062446.8577609 2783990084 0.00029376699727884663
198916 0.23862765285084828 677121670.7205096 2837565817 0.0002937669972788466
200704 0.23602367296536308 683208127.050057 2894659330 0.00029376699727884663
202500 0.23367679457361318 689321815.8464035 2949894178 0.0002937669972788466
204304 0.23108853764093445 695462737.1095487 3009507716 0.00029376699727884663
206116 0.22895579859179202 701630890.8394928 3064481857 0.00029376699727884663
207936 0.22691843706092243 707826277.0362358 3119298221 0.0002937669972788466
209764 0.22428451213163356 714048895.6997776 3183674561 0.00029376699727884663
211600 0.22216668650176385 720298746.8301184 3242154610 0.0002937669972788466
213444 0.22000217816282794 726575830.427258 3302584713 0.0002937669972788466
215296 0.21803197628193266 732880146.4911964 3361342492 0.00029376699727884663
217156 0.2157942860123534 739211695.0219338 3425538779 0.0002937669972788466
219024 0.21376244582591333 745570476.01947 3487845927 0.0002937669972788466
220900 0.21179252914504598 751956489.4838051 3550439161 0.0002937669972788466
222784 0.20988350745993933 758369735.414939 3613288841 0.0002937669972788466
224676 0.20786552913769707 764810213.8128718 3679350862 0.0002937669972788466
226576 0.20597781011638666 771277924.6776035 3744470942 0.00029376699727884663
228484 0.2040584814189923 777772868.009134 3811519436 0.00029376699727884663
230400 0.2021172431211288 784295043.8074635 3880396505 0.0002937669972788466
232324 0.20031662281768106 790844452.0725918 3947972170 0.0002937669972788466
234256 0.19847573809004634 797421092.8045189 4017725796 0.00029376699727884663
236196 0.19674492333505994 804024966.003245 4086636404 0.0002937669972788466
238144 0.1948227146387414 810656071.66877 4160993615 0.0002937669972788466
240100 0.19313805459887845 817314409.8010937 4231762671 0.0002937669972788466
242064 0.1914234688315058 823999980.4002163 4304592250 0.0002937669972788466
244036 0.18965374365011883 830712783.4661379 4380154947 0.0002937669972788466
246016 0.18796968732418712 837452818.9988582 4455254626 0.00029376699727884663
248004 0.1863838757853046 844220086.9983776 4529469534 0.0002937669972788466
250000 0.18478722706689696 851014587.4646957 4605375604 0.0002937669972788466
252004 0.18311285161594407 857836320.3978126 4684741201 0.00029376699727884663
254016 0.18156230789935082 864685285.7977285 4762471329 0.0002937669972788466
256036 0.17986656559436875 871561483.6644433 4845600297 0.0002937669972788466
258064 0.17849828915072305 878464913.9979569 4921419237 0.0002937669972788466
260100 0.17692736504174136 885395576.7982694 5004288492 0.0002937669972788466
262144 0.17542162694589833 892353472.0653807 5086906829 0.0002937669972788466
