4 0.0006710226829179317 0.3979164509703335 593 10.052361469966513
16 0.007234844563096973 6.366663215525336 880 2.5130903674916283
36 0.015153376835259526 32.23123252859701 2127 1.1169290522185016
64 0.026315321996488086 101.86661144840538 3871 0.6282725918729071
100 0.03969637379991356 248.69778185645845 6265 0.40209445879866057
144 0.07509825549112453 515.6997204575522 6867 0.2792322630546254
196 0.09869807838633995 955.3973987797708 9680 0.20515023408094926
256 0.12684767555253218 1629.865783174486 12849 0.15706814796822677
324 0.14240603473606928 2610.729834816358 18333 0.12410322802427795
400 0.1678193458607117 3979.164509703335 23711 0.10052361469966514
484 0.1850724215717352 5825.894758656653 31479 0.08307736752038442
576 0.20085186649109893 8251.195527320835 41081 0.06980806576365635
676 0.2156935235559631 11364.891756163695 52690 0.059481428816369905
784 0.23531231151252013 15286.358380476333 64962 0.051287558520237315
900 0.2561677602478844 20144.520330373132 78638 0.04467716208874006
1024 0.27795918237022116 26077.852530791777 93819 0.03926703699205669
1156 0.29983291593960126 33234.37990149322 110843 0.034783257681545034
1296 0.32120940718260393 41771.67735706173 130045 0.031025807006069488
1444 0.3400941106710793 51856.86980690483 152478 0.027845876648106685
1600 0.3590210120746916 63666.63215525336 177334 0.025130903674916286
1764 0.37949034591887876 77387.18930116143 203924 0.022794470453438808
1936 0.3968103228846338 93214.31613850644 234909 0.020769341880096104
2116 0.414133052502349 111353.3375559891 268883 0.019002573667233486
2304 0.43247951240785215 132019.12843713336 305261 0.017452016440914087
2500 0.4516259803593763 155436.11366028653 344170 0.016083778351946423
2704 0.47203010206636914 181838.26809861913 385226 0.014870357204092476
2916 0.48991103079389925 211469.11662012502 431648 0.013789247558253104
3136 0.5054542589409081 244581.73408762133 483885 0.012821889630059329
3364 0.5225327380153331 281438.7453587485 538605 0.01195286738402677
3600 0.542652625166418 322312.3252859701 593957 0.011169290522185016
3844 0.5604618689828946 367484.19871657336 655681 0.010460313704439662
4096 0.5766063827333686 417245.64049266843 723623 0.009816759248014173
4356 0.5941340131911159 471897.4754511889 794261 0.009230818613376044
4624 0.611415711368009 531750.0784238916 869703 0.008695814420386258
4900 0.6310318718724213 597123.3742373567 946265 0.008206009363237971
5184 0.6469577669788983 668346.8377129877 1033061 0.007756451751517372
5476 0.6605808907139066 745759.4936670113 1128945 0.007342849868492705
5776 0.6758262966436159 829709.9169104773 1227697 0.006961469162026671
6084 0.6891118241141163 920556.2322492594 1335859 0.006609047646263322
6400 0.7008897229814804 1018666.1144840538 1453390 0.006282725918729071
6724 0.7160357964221545 1124416.7884103805 1570336 0.0059799889767796046
7056 0.7268970779692021 1238195.0288185829 1703398 0.005698617613359702
7396 0.7403554195032289 1360397.1604938272 1837492 0.005436647631133863
7744 0.7533752250843215 1491429.0582161031 1979663 0.005192335470024026
8100 0.7670167343929459 1631706.146760224 2127341 0.004964129120971118
8464 0.780125694245881 1781653.4008958256 2283803 0.004750643416808371
8836 0.7912219491818934 1941705.345387368 2454059 0.004550638963316665
9216 0.8038590508736834 2112306.0549941338 2627707 0.004363004110228522
9604 0.8150820868740754 2293909.1544702295 2814329 0.004186739471039781
10000 0.8264141939032168 2486977.8185645845 3009360 0.004020944587986606
10404 0.8364118264146536 2691984.7720209514 3218492 0.0038648064090605586
10816 0.8455865820380039 2909412.289577906 3440703 0.003717589301023119
11236 0.8539600070304537 3139752.195968848 3676697 0.0035786263688026036
11664 0.862583633226557 3383505.8659220003 3922525 0.003447311889563276
12100 0.8699302070215437 3641184.224160408 4185605 0.0033230947008153766
12544 0.8773569677362812 3913307.7454019412 4460337 0.0032054724075148322
12996 0.8815153323409461 4200406.454359291 4764984 0.0030939862942340767
13456 0.8904656772265005 4503019.925739976 5056927 0.0029882168460066924
13924 0.8952584500187774 4821697.284246331 5385816 0.0028877797960260025
14400 0.9024414588822848 5156997.204575522 5714495 0.002792322630546254
14884 0.9087722173265251 5509487.911419533 6062562 0.002701521491525535
15376 0.9159275083029242 5879747.179465174 6419446 0.0026150784261099154
15876 0.9173949324315159 6268362.333394076 6832785 0.0025327189392709785
16384 0.9255868439796844 6675930.247882695 7212646 0.0024541898120035432
16900 0.928989002836815 7103057.34760231 7646008 0.002379257152654796
17424 0.9328846319110204 7550359.607219023 8093562 0.002307704653344011
17956 0.9370085153705004 8018462.551393758 8557513 0.0022393320271700858
18496 0.9404855830680635 8508001.254782265 9046392 0.0021739536050965646
19044 0.9366676305854914 9019620.342035117 9629478 0.0021113970741370542
19600 0.9461769985466336 9553973.987797707 10097449 0.002051502340809493
20164 0.9498161763480584 10111725.916710256 10645982 0.0019941205058453706
20736 0.9532063636477558 10693549.403407803 11218504 0.001939112937879343
21316 0.9542599858399727 11300127.272520214 11841770 0.0018863504353474412
21904 0.958673587583116 11932151.89867218 12446522 0.0018357124671231763
22500 0.956303250928039 12590325.20648321 13165620 0.0017870864835496023
23104 0.9570021483535746 13275358.670567637 13871817 0.0017403672905066678
23716 0.9608015382974812 13987973.315534623 14558650 0.0016954564800078452
24336 0.9672154935192148 14728899.71598815 15228147 0.0016522619115658306
24964 0.9652112674419775 15498877.996527018 16057498 0.0016106972392191177
25600 0.9686799295066767 16298657.83174486 16825638 0.0015706814796822679
26244 0.9747274442523526 17128998.446230125 17573116 0.0015321386175836786
26896 0.9817463956030139 17990668.614566088 18325169 0.0014949972441949011
27556 0.981668928773185 18884446.66133085 19237083 0.0014591902264430997
28224 0.986028279796867 19811120.461097326 20091838 0.0014246544033399255
28900 0.9830754844463118 20771487.438433267 21129087 0.0013913303072618012
29584 0.9904558834037379 21766354.567901235 21976097 0.0013591619077834658
30276 0.9860839560004221 22796538.374058627 23118253 0.0013280963760029744
30976 0.9909462608855584 23862864.93145765 24080887 0.0012980838675060065
31684 0.9895719448569423 24966169.86464535 25229262 0.0012690773223035618
32400 0.996757334194387 26107298.348163582 26192231 0.0012410322802427795
33124 0.9930883365741279 27287105.106549032 27477017 0.0012139067105381614
33856 0.993708717765051 28506454.41433321 28686932 0.0011876608542020928
34596 0.9976956269219247 29766220.096042443 29834971 0.0011622570782710733
35344 0.9968640648005386 31067285.526197888 31165017 0.0011376597408291663
36100 1.0025265543460504 32410543.62931552 32328863 0.0011138350659242674
36864 1.0011606496098888 33796896.87990614 33757716 0.0010907510275571305
37636 1.0092601977231168 35227257.30247538 34904039 0.0010683772419987792
38416 1.0061036228408184 36702546.47152367 36479887 0.0010466848677599453
39204 1.0081381883922158 38223695.5115463 37915135 0.0010256465125973383
40000 1.001803905031641 39791645.09703335 39719994 0.0010052361469966515
40804 1.0130949002551284 41407345.452469744 40872129 0.0009854290236218522
41616 1.0116988049154583 43071756.35233522 42573695 0.0009662016022651396
42436 1.0116856374621506 44785847.121104345 44268541 0.0009475314798724209
43264 1.0126075448463885 46550596.6332465 45971015 0.0009293973252557798
44100 1.0153150241270577 48366993.313225895 47637425 0.0009117788181375523
44944 1.0144470178275584 50236035.13550157 49520610 0.0008946565922006509
45796 1.011115085582768 52158729.62452738 51585354 0.0008780121818470184
46656 1.0040323851210509 54136093.854752004 53918673 0.000861827972390819
47524 1.007968371938767 56169154.450618945 55725116 0.0008460871534354443
48400 1.009935766449375 58258947.58656653 57685795 0.0008307736752038442
49284 1.0093113120531298 60406518.987027906 59849244 0.0008158722076103006
50176 1.0052329544900718 62612923.92643106 62286979 0.0008013681018787081
51076 1.0107588558665284 64879227.22919877 64188631 0.0007872473545278812
51984 1.0157262013102184 67206503.26974866 66165964 0.0007734965735585192
52900 1.0089597941925523 69595835.97249319 68977809 0.0007601029466893395
53824 1.0065404416198944 72048318.81183961 71580153 0.0007470542115016731
54756 1.012099343360772 74565054.81219001 73673652 0.0007343386273625913
55696 1.010157128471416 77147156.5479413 76371442 0.0007219449490065006
56644 1.0079809713299295 79795746.14348523 79163941 0.0007098624016641843
57600 1.0023794896612048 82511955.27320835 82316085 0.0006980806576365635
58564 1.0011159401711553 85296925.16149205 85201845 0.000686589814218053
59536 1.0023295592585448 88151806.58271253 87946929 0.0006753803728813837
60516 1.0007648860240068 91077759.86124083 91008149 0.0006644432196421782
61504 0.9961555918296225 94075954.87144278 94439017 0.0006537696065274789
62500 1.0013309122166032 97147571.03767908 97018448 0.0006433511340778569
63504 1.0033379138688994 100293797.33430521 99960139 0.0006331797348177446
64516 0.9995039770087016 103515832.28567152 103567204 0.000623247657633239
65536 0.9997398134051269 106814883.96612312 106842683 0.0006135474530008858
66564 1 110192170 110192170 0.0006040719590148738
67600 1.0028185121269615 113648917.56163695 113329497 0.000594814288163699
68644 1.0001183586247233 117186363.37536359 117172495 0.0005857678148107053
69696 0.9955052008467058 120805753.71550436 121351203 0.0005769261633360028
70756 0.9886883716709223 124508344.40637851 125932850 0.0005682831969001364
71824 0.9879524225585031 128295400.82230012 129859898 0.0005598330067925214
72900 0.9885987206891247 132168197.88757813 133692463 0.0005515699023301243
73984 0.9849297199519387 136128020.07651624 138210897 0.0005434884012741412
75076 0.9809108349635799 140176161.41341305 142904081 0.0005355832207345364
76176 0.9777837958737959 144313925.47256187 147592879 0.0005278492685342636
77284 0.9739307550373305 148542625.37825096 152518672 0.0005202816350068068
78400 0.9731852111629233 152863583.80476332 157075531 0.0005128755852023732
79524 0.9713765684562714 157278132.9763768 161912628 0.0005056265514796296
80656 0.9702509946455562 161787614.6673641 166748208 0.0004985301264613427
81796 0.9679344879249654 166393380.20199266 171905622 0.0004915820563336356
82944 0.9640642043110506 171096790.45452484 177474477 0.00048477823446983574
84100 0.9610663345104132 175899215.84921777 183025052 0.00047811469536107083
85264 0.959726290208202 180802036.36032343 188389167 0.0004715876088368603
86436 0.9592575768280347 185806641.5120886 193698383 0.00046519327455997564
87616 0.9508490264627375 190914430.37875488 200783116 0.00045892811678079407
88804 0.9490937414874031 196126811.5845587 206646407 0.0004527886793372602
90000 0.9497412778742035 201445203.30373135 212105347 0.00044677162088740057
91204 0.9425253373915811 206871033.26049888 219485912 0.0004408737103621119
92416 0.9424924012453156 212405738.7290822 225365996 0.00043509182262666695
93636 0.9400941904831986 218050766.53369704 231945659 0.00042942293434006213
94864 0.9376676563050257 223807573.04855397 238685393 0.0004238641200019613
96100 0.9302395094548551 229677624.19785836 246901601 0.0004184125481775864
97344 0.9312418394897533 235662395.4558104 253062508 0.00041306547789145764
98596 0.9269987110871782 241763371.8466051 260802274 0.0004078202551814075
99856 0.9217832722333839 247982047.9444323 269024244 0.00040267430980477943
101124 0.9170968280296687 254319927.8734767 277309789 0.00039762515208917814
102400 0.915836715736031 260778525.30791777 284743471 0.00039267036992056696
103684 0.91232757338711 267359363.47192982 293051938 0.00038780762586190787
104976 0.9060356868801753 274063975.139682 302486954 0.00038303465439591965
106276 0.9029579236754738 280893902.6353383 311081940 0.0003783492592858788
107584 0.9014107058473937 287850697.8330574 319333569 0.0003737493110487253
108900 0.8949954948185254 294935922.15699303 329539002 0.00036923274453504185
110224 0.8904820108559869 302151146.5812936 339311904 0.0003647975566107749
111556 0.8874291755294349 309497951.6301023 348757918 0.0003604418039358354
112896 0.8832735241977642 316977927.3775572 358867235 0.0003561636008349814
114244 0.8821198522036824 324592673.4477913 367968902 0.0003519611172566267
115600 0.8797366892870525 332343799.0149323 377776445 0.0003478325768154503
116964 0.8767406037669537 340232922.8031026 388065662 0.00034377625491489736
118336 0.8731901495739002 348261673.08641976 398838298 0.00033979047694586645
119716 0.8705492180644805 356431687.6889959 409433126 0.0003358736165580712
121104 0.8686146263849431 364744613.984938 419915349 0.0003320240940007436
122500 0.8656792661466503 373202108.898348 431108984 0.0003282403745295188
123904 0.8630533785227374 381805838.9033224 442389600 0.0003245209668765016
125316 0.8607195833248319 390557480.02395284 453756935 0.0003208644217806669
126736 0.8572604802363164 399458717.8343256 465971227 0.00031726933057589046
128164 0.8529234840975505 408511247.4585217 478954156 0.0003137343238340412
129600 0.8532683139924947 417716773.5706173 489549145 0.00031025807006069487
131044 0.8489420699898579 427077010.394683 503069674 0.00030683927444115
132496 0.8481933282913433 436593681.7047845 514733690 0.00030347667763454034
133956 0.8451180957552376 446268520.8249822 528054627 0.00030016905461394827
135424 0.8419752177352539 456103270.62933135 541706289 0.0002969152135505232
136900 0.8395001472996533 466099683.54188204 555210961 0.0002937139947397082
138384 0.8371574431201105 476259521.5366791 568900779 0.0002905642695677683
139876 0.8350435599776165 486584556.1377623 582705597 0.0002874649395169011
141376 0.831731683693721 497076568.4191662 597640535 0.0002844149352072916
142884 0.8292233788556167 507737349.0049201 612304672 0.0002814132154745532
144400 0.8262539873229091 518568698.06904835 627614155 0.00027845876648106686
145924 0.823446086256236 529572425.3355698 643117302 0.0002755506008598041
147456 0.8206903544119417 540750350.0784982 658896924 0.0002726877568892826
148996 0.8193026575143351 552104301.1218425 673871000 0.00026986929769836813
150544 0.8164208315500829 563636116.839606 690374492 0.0002670943104996948
152100 0.8143137608045125 575347645.1557871 706542948 0.0002643619058505329
153664 0.8124320354533728 587240743.5443788 722818301 0.0002616712169399863
155236 0.8089493439232963 599317279.0293691 740858848 0.0002590213989014536
156816 0.8072974409446992 611579128.1847408 757563566 0.0002564116281493346
158404 0.8050880614061752 624028177.1344715 775105491 0.00025384110173900945
160000 0.803328516315369 636666321.5525336 792535443 0.00025130903674916286
161604 0.8004135080428253 649495466.6628944 811449907 0.00024881466968556507
163216 0.797538541251657 662517527.2395159 830702835 0.00024635725590546305
164836 0.7957952031847407 675734427.6063551 849131064 0.0002439360690617708
166464 0.7934618864842027 689148101.6373636 868533339 0.0002415504005662849
168100 0.7911050166244202 702760492.7564878 888327691 0.00023919955907118415
169744 0.7842417832728845 716573553.9376695 913715093 0.00023688286996810523
171396 0.7854045466147791 730589247.7048445 930207561 0.0002345996749041171
173056 0.7848126955043617 744809546.131944 949028412 0.00023234933131394494
174724 0.7829842677337855 759236430.8428937 969670097 0.00023013121196782384
176400 0.7810632871935131 773871893.0116143 990792815 0.00022794470453438808
178084 0.7787059589995027 788717933.3620213 1012857195 0.00022578921115802688
179776 0.7749565241996507 803776562.1680251 1037189232 0.00022366414805016272
181476 0.7731983981578927 819049799.2535307 1059300952 0.00022156894509393007
183184 0.7683642556079812 834539673.9924381 1086125061 0.0002195030454617546
184900 0.7668144070997226 850248225.308642 1108805752 0.00021746590524535453
186624 0.766394331553606 866177501.6760321 1130198210 0.00021545699309770476
188356 0.7638233525401845 882329561.1184927 1155148711 0.00021347578988652367
190096 0.7624867947306944 898706471.2099031 1178651850 0.00021152178835886107
191844 0.7619205379871042 915310309.0741374 1201319906 0.00020959449281638233
193600 0.786678067570681 932143161.3850645 1184910575 0.00020769341880096104
195364 0.7851707728704385 949207124.3665481 1208918056 0.00020581809279020727
197136 0.781143116021819 966504303.7924465 1237294785 0.00020396805190257516
198916 0.7795309675435218 984036814.9866135 1262344738 0.0002021428436117057
200704 0.7773483313318019 1001806782.822897 1288748869 0.00020034202546967701
202500 0.7735452352277828 1019816341.7251399 1318366781 0.00019856516483884472
204304 0.7710538255350564 1038067635.6671803 1346297238 0.0001968118386319703
206116 0.77069119207556 1056562818.1728507 1370928887 0.00019508163306034492
207936 0.7688662910599972 1075304052.3159785 1398557935 0.0001933741433896298
209764 0.7672724295308007 1094293510.7203863 1426212475 0.00019168897370314285
211600 0.7648507361836129 1113533375.559891 1455883250 0.00019002573667233487
213444 0.7639671952970549 1133025838.5583045 1483081794 0.00018838405333420502
215296 0.7619398793116002 1152773100.9894338 1512944961 0.00018676355287541827
217156 0.7590829545119353 1172777373.6770802 1544992371 0.0001851638724228944
219024 0.75624847481464 1193040876.9950402 1577577895 0.00018358465684064783
220900 0.7523146246119259 1213565840.867105 1613109464 0.00018202555853266662
222784 0.7505524641363239 1234354504.7670608 1644594567 0.00018048623725162516
224676 0.7533174449905233 1255409117.7186885 1666507428 0.0001789663599132353
226576 0.7510467438433612 1276731938.2957637 1699936720 0.0001774656004160461
228484 0.7497950102260666 1298325234.622057 1731573586 0.00017598363946650993
230400 0.7477887927874698 1320191284.3713336 1765460110 0.00017452016440914087
232324 0.7464654093020947 1342332374.767354 1798251276 0.00017307486906159526
234256 0.7443453501433389 1364750802.5838728 1833491406 0.00017164745355451326
236196 0.7432165452892849 1387448874.1446402 1866816452 0.00017023762417596425
238144 0.7415233706712459 1410428905.3234005 1902069390 0.00016884509322034593
240100 0.7403802098886414 1433693221.5438936 1936428341 0.00016746957884159123
242064 0.7390786605993914 1457244157.7798533 1971703738 0.00016611080491054454
244036 0.7348358681992997 1481084058.555009 2015530437 0.00016476850087637093
246016 0.7321091099143363 1505215277.9430845 2055998563 0.00016344240163186971
248004 0.7315829643509713 1529640179.5677989 2090863585 0.00016213224738256663
250000 0.7300535026599496 1554361136.6028652 2129105786 0.00016083778351946423
252004 0.7282660187405253 1579380531.7719924 2168686292 0.00015955876049533364
254016 0.7271360080725442 1604700757.3488834 2206878410 0.00015829493370443615
256036 0.7261675788832598 1630324215.1572363 2245107414 0.000157046063365566
258064 0.7251824864472889 1656253316.5707443 2283912460 0.00015581191440830976
260100 0.724023237817175 1682490482.5130944 2323807296 0.00015459225636242237
262144 0.7230940060821367 1709038143.45797 2363507551 0.00015338686325022145
