4 0.20053285159921472 77.6062135688961 387 0.051542264672518
16 1.3380381649809672 310.4248542755844 232 0.051542264672518
36 1.6952813643690896 698.4559221200649 412 0.051542264672518
64 1.807422732317813 1241.6994171023375 687 0.051542264672518
100 1.9133681846374777 1940.1553392224023 1014 0.051542264672518
144 1.9564591656024226 2793.8236884802595 1428 0.051542264672518
196 2.0367993920063787 3802.704464875909 1867 0.051542264672518
256 2.0825147456642976 4966.79766840935 2385 0.051542264672518
324 1.9987609853992316 6286.103299080583 3145 0.051542264672518
400 2.0053285159921472 7760.621356889609 3870 0.051542264672518
484 1.9852752308322257 9390.351841836427 4730 0.051542264672518
576 1.9025016605245213 11175.294753921038 5874 0.051542264672518
676 1.8749749954458097 13115.45009314344 6995 0.051542264672518
784 1.8567892894901898 15210.817859503635 8192 0.051542264672518
900 1.8388161386901454 17461.39805300162 9496 0.051542264672518004
1024 1.817010304887269 19867.1906736374 10934 0.051542264672518
1156 1.7637775811112748 22428.19572141097 12716 0.051542264672518
1296 1.7376926880665053 25144.413196322334 14470 0.051542264672518
1444 1.7105777932819324 28015.84309837149 16378 0.051542264672518
1600 1.689662825362423 31042.485427558437 18372 0.051542264672518
1764 1.6695614509919108 34224.34018388318 20499 0.051542264672518
1936 1.651849569785202 37561.40736734571 22739 0.051542264672518
2116 1.6215857715347803 41053.68697794603 25317 0.051542264672518
2304 1.5995555362371772 44701.17901568415 27946 0.051542264672518
2500 1.5799825232274685 48503.883480560056 30699 0.051542264672518
2704 1.5596920077468712 52461.80037257376 33636 0.051542264672518
2916 1.5392025707836885 56574.92969172525 36756 0.051542264672518
3136 1.5264625664972664 60843.27143801454 39859 0.051542264672518
3364 1.513433637366762 65266.825611441614 43125 0.051542264672518
3600 1.5012808918409095 69845.59221200648 46524 0.051542264672518004
3844 1.4907268032482988 74579.57123970914 50029 0.051542264672518004
4096 1.4798376695880822 79468.7626945496 53701 0.051542264672518
4356 1.4606997576225906 84513.16657652784 57858 0.051542264672518
4624 1.4470037078927707 89712.78288564389 61999 0.051542264672518
4900 1.4323451398465876 95067.61162189771 66372 0.051542264672518
5184 1.4174051605193045 100577.65278528933 70959 0.051542264672518
5476 1.4089449960987024 106242.90637581875 75406 0.051542264672518
5776 1.3980484847672188 112063.37239348596 80157 0.051542264672518
6084 1.38799255480511 118039.05083829096 85043 0.051542264672518
6400 1.3794974137631373 124169.94171023375 90011 0.051542264672518
6724 1.3722825962164238 130456.04500931433 95065 0.051542264672518
7056 1.3640493890608176 136897.3607355327 100361 0.051542264672518
7396 1.357904941554502 143493.88888888888 105673 0.051542264672518
7744 1.3310208138676722 150245.62946938284 112880 0.051542264672518
8100 1.3458762180516126 157152.5824770146 116766 0.051542264672518
8464 1.333583036201531 164214.74791178413 123138 0.051542264672518
8836 1.3229114477045651 171432.12577369148 129587 0.05154226467251799
9216 1.312260772384073 178804.7160627366 136257 0.051542264672518
9604 1.302195936704052 186332.51877891953 143091 0.051542264672518
10000 1.2943256631035993 194015.53392224023 149897 0.051542264672518
10404 1.2854225640005523 201853.76149269874 157033 0.051542264672518
10816 1.2776163111513315 209847.20149029503 164249 0.051542264672518
11236 1.2705424032068933 217995.85391502912 171577 0.051542264672518
11664 1.2641806767643025 226299.718766901 179009 0.051542264672518
12100 1.2577958779376173 234758.79604591068 186643 0.051542264672518
12544 1.2519191653912456 243373.08575205816 194400 0.051542264672518
12996 1.2463980577336462 252142.5878853434 202297 0.051542264672518
13456 1.2413510712606994 261067.30244576646 210309 0.051542264672518
13924 1.2362699156743486 270147.22943332733 218518 0.05154226467251799
14400 1.2309816700286216 279382.3688480259 226959 0.051542264672518004
14884 1.2266695015116578 288772.7206898624 235412 0.051542264672518
15376 1.2229116260031587 298318.28495883656 243941 0.051542264672518004
15876 1.2185262348878416 308019.06165494863 252780 0.05154226467251799
16384 1.2155787196920793 317875.0507781984 261501 0.051542264672518
16900 1.2067996287383687 327886.252328586 271699 0.051542264672518
17424 1.1996744573245444 338052.6663061114 281787 0.051542264672518
17956 1.1924337599717088 348374.2927107746 292154 0.051542264672518
18496 1.1864729991621004 358851.13154257555 302452 0.051542264672518
19044 1.1804159687727085 369483.1828015143 313011 0.051542264672518
19600 1.1749071448050141 380270.44648759085 323660 0.051542264672518
20164 1.169286682769149 391212.92260080524 334574 0.051542264672518
20736 1.1642111068573417 402310.61114115734 345565 0.051542264672518
21316 1.154415308262913 413563.51210864726 358245 0.051542264672518
21904 1.146335058354441 424971.625503275 370722 0.051542264672518
22500 1.149611168440869 436534.95132504054 379724 0.051542264672518
23104 1.1454674584337023 448253.48957394384 391328 0.051542264672518
23716 1.1415793109992631 460127.24024998496 403062 0.051542264672518
24336 1.137690152725731 472156.20335316384 415013 0.051542264672518
24964 1.1336759564718781 484340.3788834805 427230 0.051542264672518
25600 1.1300812882608167 496679.766840935 439508 0.051542264672518
26244 1.1264570726250234 509174.3672255273 452014 0.051542264672518
26896 1.1236911263894909 521824.1800372573 464384 0.051542264672518
27556 1.120569277781883 534629.2052761252 477105 0.051542264672518
28224 1.1173538912091994 547589.4429421308 490077 0.051542264672518
28900 1.11435591314037 560704.8930352742 503165 0.051542264672518004
29584 1.111425232277542 573975.5555555555 516432 0.051542264672518
30276 1.1087250646055855 587401.4305029745 529799 0.051542264672518
30976 1.0996935368298835 600982.5178775314 546500 0.051542264672518
31684 1.1036819110496343 614718.8176792259 556971 0.051542264672518
32400 1.1013277209199044 628610.3299080584 570775 0.051542264672518
33124 1.0976996719901828 642657.0545640285 585458 0.051542264672518004
33856 1.0933290805527682 656858.9916471365 600788 0.051542264672518
34596 1.0896896620896834 671216.1411573823 615970 0.051542264672518
35344 1.0796425741166822 685728.5030947659 635144 0.05154226467251799
36100 1.0805779943769012 700396.0774592872 648168 0.051542264672518
36864 1.0776058619654434 715218.8642509464 663711 0.051542264672518
37636 1.074251777142177 730196.8634697434 679726 0.051542264672518
38416 1.0707826973723253 745330.0751156781 696061 0.051542264672518
39204 1.062868556273302 760618.4991887506 715628 0.051542264672518
40000 1.0640579257590552 776062.1356889609 729342 0.051542264672518
40804 1.0608223884035546 791660.984616309 746271 0.051542264672518
41616 1.0578228775427039 807415.045970795 763280 0.051542264672518
42436 1.0501800033577453 823324.3197524187 783984 0.051542264672518
43264 1.0517404644324049 839388.8059611801 798095 0.051542264672518
44100 1.0485603940727752 855608.5045970795 815984 0.051542264672518
44944 1.0464910268409848 871983.4156601165 833245 0.051542264672518
45796 1.0403749966632296 888513.5391502914 854032 0.051542264672518
46656 1.0399767407368816 905198.875067604 870403 0.051542264672518
47524 1.0393615114646757 922039.4234120545 887121 0.051542264672518
48400 1.0371197471506701 939035.1841836427 905426 0.051542264672518
49284 1.030961818045186 956186.1573823688 927470 0.051542264672518
50176 1.0325522676110495 973492.3430082327 942802 0.051542264672518
51076 1.0304391384058063 990953.7410612343 961681 0.051542264672518
51984 1.024549221195133 1008570.3515413736 984404 0.051542264672518
52900 1.0259728242319275 1026342.1744486509 1000360 0.051542264672518
53824 1.0243245857734706 1044269.2097830658 1019471 0.051542264672518
54756 1.0225566215054895 1062351.4575446188 1038917 0.05154226467251799
55696 1.01902262763923 1080588.9177333093 1060417 0.05154226467251799
56644 1.0186158552198565 1098981.5903491376 1078897 0.051542264672518
57600 1.0175890063148985 1117529.4753921037 1098213 0.051542264672518004
58564 1.013285568418187 1136232.5728622077 1121335 0.051542264672518
59536 1.0140328316762879 1155090.8827594495 1139106 0.051542264672518
60516 1.009908441175337 1174104.405083829 1162585 0.051542264672518
61504 1.0106591579107658 1193273.1398353463 1180688 0.051542264672518004
62500 1.0092041092449857 1212597.0870140016 1201538 0.05154226467251799
63504 1.006811283286083 1232076.2466197945 1223741 0.05154226467251799
64516 1.006425582187556 1251710.6186527251 1243719 0.051542264672518
65536 1.0051321439175038 1271500.2031127936 1265008 0.051542264672518
66564 1 1291445 1291445 0.05154226467251799
67600 0.9999146189242645 1311545.009314344 1311657 0.051542264672518
68644 0.9967475343681199 1331800.231055826 1336146 0.051542264672518
69696 0.9954832312418526 1352210.6652244455 1358346 0.051542264672518
70756 0.9931727684663674 1372776.311820203 1382213 0.051542264672518
71824 0.9889495544878588 1393497.1708430983 1409068 0.051542264672518
72900 0.9888619777985179 1414373.2422931313 1430304 0.051542264672518
73984 0.9857464332012293 1435404.5261703022 1456160 0.051542264672518
75076 0.9846721327649952 1456591.0224746107 1479265 0.051542264672518
76176 0.9819054957360621 1477932.7312060571 1505168 0.051542264672518
77284 0.9802449010260148 1499429.6523646414 1529648 0.051542264672518
78400 0.9777562991184361 1521081.7859503634 1555686 0.051542264672518
79524 0.9769845241390288 1542889.1319632232 1579236 0.051542264672518
80656 0.9737902328003765 1564851.690403221 1606970 0.051542264672518
81796 0.9729979958862032 1586969.4612703563 1631010 0.051542264672518
82944 0.9705580106405317 1609242.4445646293 1658059 0.051542264672518
84100 0.9693238791035511 1631670.6402860405 1683308 0.051542264672518
85264 0.9672150696531068 1654254.048434589 1710327 0.051542264672518
86436 0.9664243405207164 1676992.6690102757 1735255 0.051542264672518
87616 0.9636025849022304 1699886.5020131 1764095 0.051542264672518
88804 0.9630702393696725 1722935.5474430623 1789003 0.051542264672518
90000 0.9603435209777352 1746139.8053001622 1818245 0.051542264672518
91204 0.9601684707483022 1769499.2755844 1842905 0.051542264672518
92416 0.957968821801435 1793013.9582957753 1871683 0.051542264672518
93636 0.957145331449771 1816683.8534342886 1898023 0.051542264672518
94864 0.9550111565307501 1840508.9609999398 1927212 0.051542264672518
96100 0.954083126213836 1864489.2809927287 1954221 0.051542264672518
97344 0.9536308101678832 1888624.8134126554 1980457 0.051542264672518
98596 0.9512449567667779 1912915.5582597197 2010960 0.051542264672518
99856 0.9506133994961374 1937361.515533922 2038012 0.051542264672518
101124 0.9483381219528316 1961962.6852352621 2068843 0.051542264672518
102400 0.9477495599824926 1986719.06736374 2096249 0.051542264672518
103684 0.9474250513334703 2011630.6619193556 2123261 0.051542264672518
104976 0.9447047481605714 2036697.4689021092 2155909 0.051542264672518
106276 0.9439972971468835 2061919.4883120004 2184243 0.051542264672518
107584 0.9437526173991259 2087296.7201490293 2211699 0.051542264672518
108900 0.9419422272173303 2112829.164413196 2243056 0.051542264672518
110224 0.9407376544185513 2138516.821104501 2273234 0.051542264672518
111556 0.9408279693416443 2164359.690222943 2300484 0.051542264672518
112896 0.9388544553662728 2190357.7717685234 2333011 0.051542264672518
114244 0.9381068686268585 2216511.0657412414 2362749 0.051542264672518
115600 0.9371109808079846 2242819.572141097 2393334 0.051542264672518004
116964 0.9373020680721376 2269283.2909680908 2421080 0.051542264672518
118336 0.9347633686716439 2295902.222222222 2456132 0.051542264672518
119716 0.9347542259569048 2322676.365903491 2484799 0.051542264672518
121104 0.9331230563009474 2349605.722011898 2518002 0.051542264672518
122500 0.9329057542497268 2376690.290547443 2547621 0.05154226467251799
123904 0.9317883459152162 2403930.0715101254 2579910 0.051542264672518
125316 0.9307501413165064 2431325.0648999456 2612221 0.051542264672518
126736 0.9295249998646294 2458875.2707169037 2645303 0.051542264672518
128164 0.9295753845513434 2486580.6889609997 2674964 0.051542264672518
129600 0.9282608093989048 2514441.3196322336 2708766 0.051542264672518
131044 0.9273960369631836 2542457.162730605 2741501 0.051542264672518
132496 0.9250893890310182 2570628.218256114 2778789 0.051542264672518004
133956 0.9242386583933332 2598954.486208761 2811995 0.051542264672518004
135424 0.9226451490818609 2627435.966588546 2847721 0.051542264672518
136900 0.9208693446250469 2656072.659395469 2884310 0.051542264672518
138384 0.9201933033382695 2684864.564629529 2917718 0.051542264672518
139876 0.9179462427350634 2713811.6822907277 2956395 0.05154226467251799
141376 0.9168590400786805 2742914.0123790638 2991642 0.05154226467251799
142884 0.915253967223435 2772171.554894537 3028855 0.051542264672518004
144400 0.9140198927799166 2801584.309837149 3065124 0.051542264672518
145924 0.9122549682216267 2831152.2772068987 3103466 0.05154226467251799
147456 0.9113004122225281 2860875.4570037858 3139333 0.051542264672518
148996 0.9100311058898636 2890753.8492278107 3176544 0.051542264672518
150544 0.9085191937880802 2920787.4538789736 3214888 0.051542264672518
152100 0.90727023249095 2950976.270957274 3252588 0.051542264672518
153664 0.9059439768225758 2981320.3004627125 3290844 0.051542264672518
155236 0.9049402852040576 3011819.5423952886 3328197 0.051542264672518
156816 0.9036919053329721 3042473.9967550025 3366716 0.051542264672518
158404 0.9023885584115241 3073283.6635418544 3405721 0.051542264672518
160000 0.9014259168692371 3104248.5427558436 3443709 0.051542264672518
161604 0.9001115991069908 3135368.634396971 3483311 0.051542264672518
163216 0.8989448880749477 3166643.938465236 3522623 0.051542264672518
164836 0.8976605106105996 3198074.454960639 3562677 0.051542264672518
166464 0.8964161740160672 3229660.18388318 3602858 0.051542264672518
168100 0.8955995866724092 3261401.1252328586 3641584 0.051542264672518
169744 0.8943104340312583 3293297.2790096747 3682499 0.051542264672518
171396 0.8935813579544396 3325348.6452136287 3721372 0.051542264672518
173056 0.8924448770106845 3357555.2238447205 3762199 0.051542264672518
174724 0.8912041816909976 3389917.0149029503 3803749 0.051542264672518
176400 0.8903064165700646 3422434.018388318 3844108 0.051542264672518
178084 0.8894608525177206 3455106.234300823 3884495 0.051542264672518
179776 0.8885486277268277 3487933.662640466 3925428 0.051542264672518
181476 0.8876464716807944 3520916.3034072467 3966575 0.051542264672518
183184 0.8867004583880025 3554054.1566011654 4008179 0.051542264672518
184900 0.8860263974799032 3587347.222222222 4048804 0.051542264672518
186624 0.8851919870737597 3620795.500270416 4090407 0.051542264672518
188356 0.8835760542568044 3654398.9907457484 4135919 0.051542264672518
190096 0.8832918394671876 3688157.693648218 4175469 0.051542264672518
191844 0.8823031245488003 3722071.6089778254 4218586 0.051542264672518
193600 0.8814341251788019 3756140.736734571 4261397 0.051542264672518
195364 0.8801585797602193 3790365.0769184544 4306457 0.051542264672518
197136 0.8766553284902381 3824744.6295294752 4362883 0.051542264672518
198916 0.8760057833005377 3859279.394567634 4405541 0.051542264672518
200704 0.874505924303872 3893969.3720329306 4452765 0.051542264672518
202500 0.874146268088187 3928814.5619253647 4494459 0.051542264672518
204304 0.873227982457286 3963814.964244937 4539267 0.051542264672518
206116 0.873049994758528 3998970.578991647 4580460 0.051542264672518
207936 0.8717016434698338 4034281.4061654946 4628053 0.051542264672518
209764 0.8711461582353208 4069747.44576648 4671716 0.051542264672518
211600 0.8708610393508147 4105368.6977946036 4714149 0.051542264672518
213444 0.8693235200238356 4141145.1622498645 4763641 0.051542264672518
215296 0.8688403512097737 4177076.8391322633 4807646 0.051542264672518
217156 0.8683959699669516 4213163.7284418 4851662 0.051542264672518
219024 0.8677511117810468 4249405.830178475 4897033 0.05154226467251799
220900 0.8668685160054997 4285803.1443422865 4944006 0.051542264672518004
222784 0.8664369062395237 4322355.670933237 4988656 0.05154226467251799
224676 0.8656214114073152 4359063.409951325 5035762 0.051542264672518
226576 0.8653115589916845 4395926.36139655 5080166 0.051542264672518
228484 0.8645474409560954 4432944.525268914 5127474 0.05154226467251799
230400 0.8643176733352878 4470117.901568415 5171846 0.051542264672518004
232324 0.8631651123372805 4507446.490295054 5221998 0.05154226467251799
234256 0.8625494984703187 4544930.291448831 5269182 0.051542264672518
236196 0.8622623813980962 4582569.305029745 5314588 0.051542264672518
238144 0.8615538768249796 4620363.531037798 5362826 0.051542264672518
240100 0.8612562716936745 4658312.9694729885 5408742 0.05154226467251799
242064 0.8602947053963884 4696417.620335316 5459080 0.051542264672518
244036 0.8596875288019082 4734677.4836247815 5507440 0.051542264672518004
246016 0.8594967979442678 4773092.559341385 5553357 0.051542264672518004
248004 0.859037440639804 4811662.847485127 5601226 0.051542264672518
250000 0.8581567010313521 4850388.348056006 5652101 0.05154226467251799
252004 0.8575557237693021 4889269.061054023 5701401 0.051542264672518
254016 0.857241728682246 4928304.986479178 5749026 0.05154226467251799
256036 0.8564332495889756 4967496.124331471 5800214 0.05154226467251799
258064 0.856122369437385 5006842.4746109005 5848279 0.051542264672518
260100 0.8553044305541284 5046344.037317469 5900056 0.051542264672518
262144 0.8549393436015422 5086000.8124511745 5948961 0.051542264672518
