4 11.166488466437302 6621.72766059732 593 0.0006040719590148737
16 30.09876209362418 26486.91064238928 880 0.0006040719590148737
36 28.018593768394865 59595.54894537588 2127 0.0006040719590148738
64 27.369579583972392 105947.64256955712 3871 0.0006040719590148737
100 26.423494256174465 165543.19151493302 6265 0.0006040719590148737
144 34.71416860077232 238382.1957815035 6867 0.0006040719590148738
196 33.51907596789965 324464.6553692687 9680 0.0006040719590148738
256 32.98237763858888 423790.5702782285 12849 0.0006040719590148737
324 29.256528691888015 536359.940508383 18333 0.0006040719590148737
400 27.926817344681037 662172.7660597321 23711 0.0006040719590148737
484 25.452811300621867 801229.0469322758 31479 0.0006040719590148737
576 23.210943821377622 953528.783126014 41081 0.0006040719590148738
676 21.238792458549003 1119071.974640947 52690 0.0006040719590148738
784 19.97873559122371 1297858.6214770747 64962 0.0006040719590148738
900 18.946167547933534 1489888.7236343971 78638 0.0006040719590148737
1024 18.06843263212051 1695162.281112914 93819 0.0006040719590148737
1156 17.26477354377476 1913679.2939126256 110843 0.0006040719590148737
1296 16.497672052239853 2145439.762033532 130045 0.0006040719590148737
1444 15.677302204092607 2390443.6854756325 152478 0.0006040719590148738
1600 14.93617165483736 2648691.0642389283 177334 0.0006040719590148737
1764 14.319952032734832 2920181.898323418 203924 0.0006040719590148738
1936 13.64322434529585 3204916.187729103 234909 0.0006040719590148737
2116 13.027576799038922 3502893.9324559825 268883 0.0006040719590148737
2304 12.494603413158105 3814115.132504056 305261 0.0006040719590148738
2500 12.02481270265661 4138579.787873325 344170 0.0006040719590148738
2704 11.619900781784688 4476287.898563788 385226 0.0006040719590148738
2916 11.183277727628639 4827239.464575446 431648 0.0006040719590148738
3136 10.72865347325976 5191434.485908299 483885 0.0006040719590148738
3364 10.339437923083421 5568872.962562346 538605 0.0006040719590148738
3600 10.03364703932707 5959554.894537589 593957 0.0006040719590148737
3844 9.705146682356245 6363480.281834025 655681 0.0006040719590148737
4096 9.370416811587878 6780649.124451656 723623 0.0006040719590148737
4356 9.078956945374985 7211061.422390481 794261 0.0006040719590148738
4624 8.801530149545883 7654717.175650503 869703 0.0006040719590148737
4900 8.572246024350173 8111616.384231717 946265 0.0006040719590148737
5184 8.307117438499883 8581759.048134128 1033061 0.0006040719590148737
5476 8.029749161702059 9065145.167357732 1128945 0.0006040719590148737
5776 7.788383242691421 9561774.74190253 1227697 0.0006040719590148738
6084 7.539454217674563 10071647.771768523 1335859 0.0006040719590148738
6400 7.28969117508426 10594764.256955713 1453390 0.0006040719590148737
6724 7.088371022166018 11131124.197464095 1570336 0.0006040719590148737
7056 6.857309679413544 11680727.593293672 1703398 0.0006040719590148738
7396 6.663198775529061 12243574.444444446 1837492 0.0006040719590148737
7744 6.4756803309029936 12819664.750916412 1979663 0.0006040719590148737
8100 6.303173075078031 13408998.512709573 2127341 0.0006040719590148738
8464 6.135194554794757 14011575.72982393 2283803 0.0006040719590148737
8836 5.9604909263630095 14627396.40225948 2454059 0.0006040719590148737
9216 5.805997597911877 15256460.530016225 2627707 0.0006040719590148738
9604 5.649221577539145 15898768.113094166 2814329 0.0006040719590148737
10000 5.500943440297372 16554319.1514933 3009360 0.0006040719590148738
10404 5.351299193912438 17223113.64521363 3218492 0.0006040719590148737
10816 5.203922452549713 17905151.594255153 3440703 0.0006040719590148738
11236 5.059006221784899 18600432.998617873 3676697 0.0006040719590148737
11664 4.922583758752789 19308957.858301785 3922525 0.0006040719590148738
12100 4.785622669436531 20030726.173306894 4185605 0.0006040719590148737
12544 4.6556432717153875 20765737.943633195 4460337 0.0006040719590148738
12996 4.515018973679806 21513993.169280693 4764984 0.0006040719590148738
13456 4.404946294508381 22275491.850249384 5056927 0.0006040719590148738
13924 4.2798034664643705 23050233.98653927 5385816 0.0006040719590148738
14400 4.171535643683362 23838219.578150354 5714495 0.0006040719590148737
14884 4.064197384716664 24639448.625082627 6062562 0.0006040719590148738
15376 3.9651273844092 25453921.1273361 6419446 0.0006040719590148737
15876 3.8464018822355404 26281637.084910765 6832785 0.0006040719590148737
16384 3.760422527018049 27122596.497806624 7212646 0.0006040719590148737
16900 3.6590073363804585 27976799.36602368 7646008 0.0006040719590148737
17424 3.563850587610489 28844245.689561926 8093562 0.0006040719590148738
17956 3.47354838589452 29724935.46842137 8557513 0.0006040719590148738
18496 3.384649781106325 30618868.70260201 9046392 0.0006040719590148737
19044 3.273910111441538 31526045.39210384 9629478 0.0006040719590148738
19600 3.2133329454723536 32446465.53692687 10097449 0.0006040719590148737
20164 3.135467365722682 33380129.13707109 10645982 0.0006040719590148737
20736 3.059858622195661 34327036.19253651 11218504 0.0006040719590148737
21316 2.9798912412015364 35287186.70332312 11841770 0.0006040719590148738
21904 2.913310294187479 36260580.66943093 12446522 0.0006040719590148737
22500 2.829127537545511 37247218.09085993 13165620 0.0006040719590148737
23104 2.7571801853794726 38247098.96761012 13871817 0.0006040719590148738
23716 2.6966939448150424 39260223.299681515 14558650 0.0006040719590148737
24336 2.645534685676077 40286591.08707409 15228147 0.0006040719590148738
24964 2.573638952331669 41326202.32978787 16057498 0.0006040719590148738
25600 2.518719172956345 42379057.02782285 16825638 0.0006040719590148737
26244 2.4722510897429357 43445155.18117902 17573116 0.0006040719590148738
26896 2.429690923442855 44524496.78985638 18325169 0.0006040719590148737
27556 2.371309717479253 45617081.85385494 19237083 0.0006040719590148737
28224 2.325467205796438 46722910.37317469 20091838 0.0006040719590148738
28900 2.2642711607849235 47841982.34781564 21129087 0.0006040719590148737
29584 2.2285257376584107 48974297.77777778 21976097 0.0006040719590148737
30276 2.1679776868546736 50119856.66306112 23118253 0.0006040719590148737
30976 2.1294339782278637 51278659.00366565 24080887 0.0006040719590148737
31684 2.0789631024320636 52450704.79959137 25229262 0.0006040719590148738
32400 2.0477825676949126 53635994.05083829 26192231 0.0006040719590148738
33124 1.995650647135619 54834526.757406406 27477017 0.0006040719590148738
33856 1.9537224447457722 56046302.91929572 28686932 0.0006040719590148737
34596 1.9196037608518615 57271322.53650622 29834971 0.0006040719590148738
35344 1.8774122795773838 58509585.60903792 31165017 0.0006040719590148737
36100 1.8485367746119254 59761092.13689081 32328863 0.0006040719590148738
36864 1.807759805789731 61025842.1200649 33757716 0.0006040719590148738
37636 1.7850036082804108 62303835.558560185 34904039 0.0006040719590148737
38416 1.7432913773109182 63595072.45237666 36479887 0.0006040719590148737
39204 1.7117057027889875 64899552.801514335 37915135 0.0006040719590148737
40000 1.6671018783631537 66217276.6059732 39719994 0.0006040719590148738
40804 1.6526725061411227 67548243.86575326 40872129 0.0006040719590148737
41616 1.618192984678791 68892454.58085452 42573695 0.0006040719590148737
42436 1.5869036377611128 70249908.75127697 44268541 0.0006040719590148737
43264 1.5579513825618296 71620606.37702061 45971015 0.0006040719590148738
44100 1.532504064988514 73004547.45808546 47637425 0.0006040719590148737
44944 1.5024397315475615 74401731.99447149 49520610 0.0006040719590148737
45796 1.4696450466575983 75812159.98617873 51585354 0.0006040719590148737
46656 1.4324505247598942 77235831.43320714 53918673 0.0006040719590148738
47524 1.4118004946917788 78672746.33555676 55725116 0.0006040719590148737
48400 1.3889538090482687 80122904.69322757 57685795 0.0006040719590148737
49284 1.3631969437445122 81586306.50621958 59849244 0.0006040719590148738
50176 1.3335524231241458 83062951.77453278 62286979 0.0006040719590148738
51076 1.3172557068270734 84552840.49816719 64188631 0.0006040719590148737
51984 1.3006078574948712 86055972.67712277 66165964 0.0006040719590148738
52900 1.2695727739250107 87572348.31139956 68977809 0.0006040719590148737
53824 1.244785931108551 89101967.40099753 71580153 0.0006040719590148738
54756 1.230356137984265 90644829.94591671 73673652 0.0006040719590148738
55696 1.2072698057234152 92200935.94615708 76371442 0.0006040719590148738
56644 1.184507544940425 93770285.40171865 79163941 0.0006040719590148738
57600 1.1583747977397298 95352878.31260142 82316085 0.0006040719590148737
58564 1.1378710716746259 96948714.67880537 85201845 0.0006040719590148737
59536 1.1206507790662084 98557794.50033051 87946929 0.0006040719590148738
60516 1.1007818407247998 100180117.77717686 91008149 0.0006040719590148737
61504 1.0781103800492162 101815684.5093444 94439017 0.0006040719590148737
62500 1.0664414534525757 103464494.69683313 97018448 0.0006040719590148737
63504 1.0516846954328771 105126548.33964306 99960139 0.0006040719590148737
64516 1.0312322947115014 106801845.43777418 103567204 0.0006040719590148737
65536 1.0154217672653025 108490385.9912265 106842683 0.0006040719590148737
66564 1 110192170 110192170 0.0006040719590148738
67600 0.9874498733908147 111907197.46409471 113329497 0.0006040719590148737
68644 0.9698135077136543 113635468.38351062 117172495 0.0006040719590148737
69696 0.950769171676425 115376982.7582477 121351203 0.0006040719590148738
70756 0.9301126797996392 117131740.588306 125932850 0.0006040719590148738
71824 0.9156001483513061 118899741.87368548 129859898 0.0006040719590148738
72900 0.9026760664465143 120680986.61438616 133692463 0.0006040719590148738
73984 0.886149192783316 122475474.81040804 138210897 0.0006040719590148737
75076 0.869696691599389 124283206.4617511 142904081 0.0006040719590148737
76176 0.8544055947876412 126104181.56841536 147592879 0.0006040719590148738
77284 0.8388376219955601 127938400.13040082 152518672 0.0006040719590148737
78400 0.8262640356613372 129785862.14770748 157075531 0.0006040719590148737
79524 0.8130716501021484 131646567.62033533 161912628 0.0006040719590148737
80656 0.8007313430815662 133520516.54828437 166748208 0.0006040719590148737
81796 0.7876863325130496 135407708.93155462 171905622 0.0006040719590148737
82944 0.7736782611853875 137308144.77014604 177474477 0.0006040719590148737
84100 0.7606708619542348 139221824.06405866 183025052 0.0006040719590148737
85264 0.7492402512363807 141148746.81329247 188389167 0.0006040719590148738
86436 0.7387202247209647 143088913.01784748 193698383 0.0006040719590148738
87616 0.7223830647081088 145042322.6777237 200783116 0.0006040719590148737
88804 0.7114034931801214 147008975.7929211 206646407 0.0006040719590148738
90000 0.7024286491157609 148988872.3634397 212105347 0.0006040719590148737
91204 0.6878893092203544 150982012.38927948 219485912 0.0006040719590148738
92416 0.6788441849516663 152988395.87044048 225365996 0.0006040719590148738
93636 0.6682945629386523 155008022.80692267 231945659 0.0006040719590148737
94864 0.6579409457147889 157040893.19872606 238685393 0.0006040719590148737
96100 0.6443336389943077 159087007.0458506 246901601 0.0006040719590148738
97344 0.636784822935116 161146364.34829637 253062508 0.0006040719590148738
98596 0.6258341332793108 163218965.10606334 260802274 0.0006040719590148738
99856 0.6144606406519685 165304809.3191515 269024244 0.0006040719590148738
101124 0.6036710697852821 167403896.98756084 277309789 0.0006040719590148738
102400 0.5953296401001286 169516228.1112914 284743471 0.0006040719590148737
103684 0.5857043767113499 171641802.69034314 293051938 0.0006040719590148737
104976 0.574506167709686 173780620.72471607 302486954 0.0006040719590148738
106276 0.5655509355972583 175932682.2144102 311081940 0.0006040719590148738
107584 0.5577177110353391 178097987.15942553 319333569 0.0006040719590148737
108900 0.5470567503865962 180276535.55976203 329539002 0.0006040719590148738
110224 0.5377598759854288 182468327.41541976 339311904 0.0006040719590148737
111556 0.5295173333567116 184673362.72639868 348757918 0.0006040719590148737
112896 0.520782125714817 186891641.49269876 358867235 0.0006040719590148738
114244 0.5139650733700318 189123163.71432006 367968902 0.0006040719590148737
115600 0.5065639531635239 191367929.39126256 377776445 0.0006040719590148737
116964 0.4989514854924893 193625938.52352625 388065662 0.0006040719590148737
118336 0.4911694591353189 195897191.11111113 398838298 0.0006040719590148737
119716 0.4840392107257516 198181687.1540172 409433126 0.0006040719590148737
121104 0.4774281938721046 200479426.65224448 419915349 0.0006040719590148737
122500 0.4703924463002908 202790409.60579294 431108984 0.0006040719590148737
123904 0.46365157773750243 205114636.0146626 442389600 0.0006040719590148737
125316 0.4571877361584643 207452105.87885344 453756935 0.0006040719590148738
126736 0.45024844248240564 209802819.19836548 465971227 0.0006040719590148738
128164 0.442979298363576 212166775.97319874 478954156 0.0006040719590148737
129600 0.43824808682558963 214543976.20335317 489549145 0.0006040719590148738
131044 0.4312214214065879 216934419.8888288 503069674 0.0006040719590148737
132496 0.42611958628475555 219338107.02962562 514733690 0.0006040719590148738
133956 0.4199471537359404 221755037.62574366 528054627 0.0006040719590148737
135424 0.41385011809819117 224185211.67718288 541706289 0.0006040719590148737
136900 0.4081847173473639 226628629.18394327 555210961 0.0006040719590148738
138384 0.4026805703249439 229085290.14602488 568900779 0.0006040719590148738
139876 0.3973793897906007 231555194.5634277 582705597 0.0006040719590148737
141376 0.39160386340955217 234038342.43615168 597640535 0.0006040719590148737
142884 0.38630235008920016 236534733.76419687 612304672 0.0006040719590148737
144400 0.38087791144156596 239044368.54756325 627614155 0.0006040719590148738
145924 0.3756192626679648 241567246.78625083 643117302 0.0006040719590148738
147456 0.3704727698505079 244103368.4802596 658896924 0.0006040719590148738
148996 0.36602366570098666 246652733.6295896 673871000 0.0006040719590148737
150544 0.36098573328262645 249215342.23424074 690374492 0.0006040719590148737
152100 0.35637068490592744 251791194.2942131 706542948 0.0006040719590148738
153664 0.3519284022797683 254380289.80950665 722818301 0.0006040719590148737
155236 0.3468712420373515 256982628.7801214 740858848 0.0006040719590148738
156816 0.3426751534221187 259598211.20605734 757563566 0.0006040719590148737
158404 0.3383114171323997 262227037.0873145 775105491 0.0006040719590148737
160000 0.33420474600010136 264869106.4238928 792535443 0.0006040719590148738
161604 0.3296869183272854 267524419.21579233 811449907 0.0006040719590148738
163216 0.3252582801923543 270192975.46301305 830702835 0.0006040719590148737
164836 0.32135766401022275 272874775.16555494 849131064 0.0006040719590148738
166464 0.3172817967364383 275569818.3234181 868533339 0.0006040719590148737
168100 0.31326064441753665 278278104.93660235 888327691 0.0006040719590148738
169744 0.3075352887982861 280999635.0051079 913715093 0.0006040719590148737
171396 0.3050226857153385 283734408.5289346 930207561 0.0006040719590148737
173056 0.3018691768187889 286482425.50808245 949028412 0.0006040719590148738
174724 0.29829081750321473 289243685.94255155 969670097 0.0006040719590148737
176400 0.29473184041240935 292018189.83234185 990792815 0.0006040719590148737
178084 0.291063674753728 294805937.1774533 1012857195 0.0006040719590148738
179776 0.2869359985583479 297606927.97788596 1037189232 0.0006040719590148737
181476 0.2836032212247458 300421162.23363984 1059300952 0.0006040719590148737
183184 0.2792023228572892 303248639.9447149 1086125061 0.0006040719590148737
184900 0.2760531865559001 306089361.1111111 1108805752 0.0006040719590148738
186624 0.2733532251239617 308943325.73282856 1130198210 0.0006040719590148738
188356 0.26993107540234895 311810533.8098672 1155148711 0.0006040719590148738
190096 0.26699231443299143 314690985.34222704 1178651850 0.0006040719590148737
191844 0.2643631215496633 317584680.3299081 1201319906 0.0006040719590148737
193600 0.27047747360420876 320491618.7729103 1184910575 0.0006040719590148737
195364 0.2675216893867236 323411800.6712337 1208918056 0.0006040719590148737
197136 0.2637570528715017 326345226.0248783 1237294785 0.0006040719590148738
198916 0.2608573434191668 329291894.8338441 1262344738 0.0006040719590148738
200704 0.25780958190554276 332251807.0981311 1288748869 0.0006040719590148738
202500 0.2542729137664303 335224962.8177393 1318366781 0.0006040719590148738
204304 0.25121596661306433 338211361.99266875 1346297238 0.0006040719590148737
206116 0.24889037488267568 341211004.6229193 1370928887 0.0006040719590148737
207936 0.24612773063883914 344223890.7084911 1398557935 0.0006040719590148738
209764 0.24347705993062782 347250020.24938405 1426212475 0.0006040719590148738
211600 0.2406026673125048 350289393.24559826 1455883250 0.0006040719590148737
213444 0.2382484979093025 353342009.6971336 1483081794 0.0006040719590148737
215296 0.2355722638901668 356407869.60399014 1512944961 0.0006040719590148738
217156 0.23267880134158148 359486972.9661679 1544992371 0.0006040719590148737
219024 0.22983291090273983 362579319.78366685 1577577895 0.0006040719590148738
220900 0.22669565718727133 365684910.056487 1613109464 0.0006040719590148737
222784 0.22425207475747932 368803743.78462833 1644594567 0.0006040719590148738
224676 0.2231828161812975 371935820.9680909 1666507428 0.0006040719590148737
226576 0.22064417880618203 375081141.6068746 1699936720 0.0006040719590148738
228484 0.21843698053556446 378239705.70097953 1731573586 0.0006040719590148737
230400 0.216040855916255 381411513.25040567 1765460110 0.0006040719590148737
232324 0.2138725379417737 384596564.25515294 1798251276 0.0006040719590148738
234256 0.21150623201515104 387794858.71522146 1833491406 0.0006040719590148737
236196 0.20945090569118854 391006396.6306112 1866816452 0.0006040719590148737
238144 0.2072643511713955 394231178.00132203 1902069390 0.0006040719590148738
240100 0.20525892665983975 397469202.82735413 1936428341 0.0006040719590148738
242064 0.2032356400131283 400720471.1087074 1971703738 0.0006040719590148737
244036 0.20043606160901747 403984982.8453819 2015530437 0.0006040719590148737
246016 0.1980851277654213 407262738.0373776 2055998563 0.0006040719590148737
248004 0.1963560605436124 410553736.68469447 2090863585 0.0006040719590148737
250000 0.19438112540422758 413857978.78733253 2129105786 0.0006040719590148737
252004 0.1923632135658336 417175464.3452918 2168686292 0.0006040719590148737
254016 0.1905434352219578 420506193.35857224 2206878410 0.0006040719590148737
256036 0.18878836851374536 423850165.8271739 2245107414 0.0006040719590148737
258064 0.18705068133438738 427207381.7510967 2283912460 0.0006040719590148737
260100 0.18528982238393865 430577841.13034075 2323807296 0.0006040719590148737
262144 0.18360912102070368 433961543.964906 2363507551 0.0006040719590148737
