4 0.000012050528910475015 0.004663554688353831 387 857.7148264153719
16 0.00032162446126578144 0.0746168750136613 232 214.42870660384298
36 0.0009168639071763599 0.3777479297566603 412 95.30164737948577
64 0.001737802038163873 1.1938700002185807 687 53.607176650960746
100 0.0028744789745770655 2.9147216802211444 1014 34.308593056614875
144 0.004232469801195073 6.043966876106564 1428 23.825411844871443
196 0.005997426248922093 11.197194806737548 1867 17.504384212558612
256 0.008009190777147712 19.10192000349729 2385 13.401794162740186
324 0.00972896098896327 30.597582310289486 3145 10.589071931053974
400 0.012050528910475016 46.63554688353831 3870 8.577148264153719
484 0.01443532858185802 68.27910419218844 4730 7.088552284424561
576 0.016462967316599426 96.70347001770503 5874 5.956352961217861
676 0.01904157047234793 133.19578545407376 6995 5.075235659262556
784 0.021869521106909273 179.15511690780076 8192 4.376096053139653
900 0.024862305823284823 236.09245609791267 9496 3.812065895179431
1024 0.027952324863358025 305.63072005595666 10934 3.3504485406850466
1156 0.03063107511214221 389.5047511260003 12716 2.967871371679488
1296 0.0338328484426145 489.56131696463177 14470 2.6472679827634935
1444 0.037108261725543996 607.7591105409596 16378 2.3759413474110027
1600 0.040614454067962824 746.168750136613 18372 2.1442870660384297
1764 0.04424473288188406 906.9727793457414 20499 1.944931579173179
1936 0.04804369880271846 1092.465667075015 22739 1.7721380711061403
2116 0.051548517104855404 1305.0538075436243 25317 1.6213890858513649
2304 0.0553659028227038 1547.2555202832805 27946 1.4890882403044652
2500 0.059340729344220175 1821.7010501382151 30699 1.3723437222645951
2704 0.06335868020172375 2131.13256726518 33636 1.268808914815639
2916 0.0674285604291394 2478.404167133448 36756 1.1765635478948862
3136 0.07191554907360476 2866.481870524812 39859 1.0940240132849133
3364 0.0764856492413585 3298.4436235335857 43125 1.019874942229931
3600 0.0811942072385565 3777.479297566603 46524 0.9530164737948578
3844 0.08608788281483178 4306.890689343219 50029 0.8925232324821768
4096 0.09106146106953886 4890.0915208953065 53701 0.8376121351712617
4356 0.09558932973084557 5530.607439567263 57858 0.787616920491618
4624 0.10051897640310335 6232.076018016005 61999 0.741967842919872
4900 0.10543974498600264 6998.246754210967 66372 0.7001753685023445
5184 0.1103874219117252 7832.981071434108 70959 0.6618169956908734
5476 0.11590924221255475 8740.252318279903 75406 0.6265265350002718
5776 0.121313743885816 9724.145768655353 80157 0.5939853368527507
6084 0.12686357045000735 10788.858621779975 85043 0.5639150732513951
6400 0.13263601117847604 11938.700002185808 90011 0.5360717665096074
6724 0.13862190038097522 13178.090959717409 95065 0.5102408247563188
7056 0.14459366157702555 14511.564469531862 100361 0.48623289479329473
7396 0.15087832683938912 15943.765432098766 105673 0.4638803820526619
7744 0.15484984650248265 17479.45067320024 112880 0.4430345177765351
8100 0.1637761758040091 19123.488943930926 116766 0.423562877242159
8464 0.16957284445660956 20880.86092069799 123138 0.4053472714628412
8836 0.1756091213256045 22756.65920522111 129587 0.38828194948636124
9216 0.18168672673354389 24756.088324532488 136257 0.3722720600761163
9604 0.18788368752036713 26884.46473097685 143091 0.3572323308685431
10000 0.19444829984730477 29147.216802211442 149897 0.3430859305661488
10404 0.20091245051171425 31549.884841206025 157033 0.3297634857421653
10816 0.20760017459006072 34098.12107624288 164249 0.31720222870390974
11236 0.2144674965812249 36797.689660916825 171577 0.3053452568228451
11664 0.22152219538757922 39654.46667413517 179009 0.29414088697372154
12100 0.22864206061903086 42674.440120117775 186643 0.28354209137698244
12544 0.2359244337880504 45863.709928396995 194400 0.2735060033212283
12996 0.24334759266730463 49228.48795381773 202297 0.26399348304566694
13456 0.25094074897668367 52775.09797653737 210309 0.25496873555748273
13924 0.25860558719202015 56509.97570202586 218518 0.24639897340286468
14400 0.2663021460310701 60439.668761065645 226959 0.23825411844871444
14884 0.27428863740910275 64570.8367097517 235412 0.23050653760155118
15376 0.2824873679680394 68910.2510294915 243941 0.2231308081205442
15876 0.2906274037780088 73464.79512700505 252780 0.21610350879701987
16384 0.29920139630183024 78241.4643343249 261501 0.2094030337928154
16900 0.30639555503993793 83247.3659087961 271699 0.20300942637050223
17424 0.31403052317202784 88489.71903307621 281787 0.1969042301229045
17956 0.32166547374034016 93975.85481513533 292154 0.19107035562828514
18496 0.3296827803693018 99713.21628825608 302452 0.185491960729968
19044 0.3377177109144202 105709.35841103358 313011 0.18015434287237386
19600 0.34595547199955345 111971.94806737547 323660 0.17504384212558613
20164 0.35420793028299263 118508.76406650197 334574 0.17014775370271215
20736 0.3626747417792477 125327.69714294573 345565 0.16545424892271834
21316 0.3696820610379823 132436.74995655197 358245 0.1609523036996382
21904 0.37722076675373584 139844.03709247845 370722 0.15663163375006794
22500 0.38859220133885514 147557.78506119543 379724 0.15248263580717722
23104 0.39758548404020577 155586.33229848565 391328 0.14849633421318767
23716 0.4067317910530996 163938.12916544444 403062 0.14466433233519513
24336 0.41594296551789844 172621.7379484796 415013 0.14097876831284878
24964 0.42517106209608746 181645.83285931146 427230 0.13743227470203045
25600 0.43462053030882924 191019.20003497292 439508 0.13401794162740185
26244 0.44412504377698325 200750.7375378093 452014 0.1307292830994318
26896 0.45404117143458544 210849.45535547854 464384 0.1275602061890797
27556 0.46389049664319404 221324.47540095108 477105 0.12450498278638
28224 0.4737725531141225 232185.0315125098 490077 0.12155822369832368
28900 0.4838183686340468 243440.46945375018 503165 0.11871485486717952
29584 0.49396676990112975 255100.24691358025 516432 0.11597009551316548
30276 0.5042930120785816 267173.93350622046 529799 0.11331943802554788
30976 0.5117496994898515 279671.21077120386 546500 0.11075862944413377
31684 0.5253448961855751 292601.872173376 556971 0.10828365438901298
32400 0.5360708214320788 305975.8231028948 570775 0.10589071931053975
33124 0.5462442752088641 319803.0808752311 585458 0.10357623794413379
33856 0.556092622907195 334093.7747311678 600788 0.1013368178657103
34596 0.566355741086093 348858.1458368007 615970 0.0991692480535752
35344 0.5732661369445948 364106.54728353774 635144 0.09707048737159031
36100 0.5860354785921239 379849.44408809976 648168 0.0950376538964401
36864 0.5967919971079578 396097.4131925198 663711 0.09306801501902907
37636 0.6073934842335643 412861.14346414374 679726 0.0911589782564961
38416 0.6179795099791967 430151.4356956296 696061 0.08930808271713578
39204 0.6259945147548004 447979.2026049483 715628 0.08751299116573533
40000 0.6394194614260293 466355.4688353831 729342 0.0857714826415372
40804 0.6502883951748489 485291.3709555297 746271 0.0840814455852732
41616 0.6613538379877586 504798.1574592964 763280 0.08244087143554132
42436 0.6695126287856692 524887.188765904 783984 0.08084784865824979
43264 0.68359022073799 545569.9372198861 798095 0.07930055717597743
44100 0.6946925271709842 566857.9870910883 815984 0.07779726316692717
44944 0.7065905400868523 588763.0345746692 833245 0.07633631420571127
45796 0.7157774975540723 611296.8877910995 854032 0.07491613472053209
46656 0.7289398896673871 634471.4667861627 870403 0.07353522174343038
47524 0.742062022577478 658298.8035309549 887121 0.0721921409321919
48400 0.7541102662413984 682791.0419218844 905426 0.07088552284424561
49284 0.7633243531118766 707960.4377806722 927470 0.06961405944447463
50176 0.7783387804166219 733819.3588543519 942802 0.06837650083030708
51076 0.790678286058755 760380.2848152695 961681 0.06717165215877297
51984 0.8001347081696982 787655.8072610836 984404 0.06599837076141674
52900 0.8153650982793846 815658.6297147652 1000360 0.06485556343405459
53824 0.8282742398995144 844401.5676245979 1019471 0.06374218388937068
54756 0.8411620450567061 873897.5483641779 1038917 0.06265723036126612
55696 0.8526453378552152 904159.6112324138 1060417 0.06159974335071617
56644 0.8668120380847539 935200.9074535267 1078897 0.06056880350366301
57600 0.8805529530036981 967034.7001770503 1098213 0.05956352961217861
58564 0.8915037562172151 999674.3644778309 1121335 0.058583076730781496
59536 0.9069686116621518 1033133.3873560271 1139106 0.057626634400387795
60516 0.918148236676983 1067425.3677371102 1162585 0.05669342497292431
61504 0.9338318137152778 1102564.016471864 1180688 0.05578270203013605
62500 0.947588138149925 1138563.1563363846 1201538 0.0548937488905838
63504 0.9605273681539483 1175436.7220320809 1223741 0.05402587719925497
64516 0.975460502079388 1213198.7601856743 1243719 0.05317842559460424
65536 0.9896091007718516 1251863.4293491985 1265008 0.05235075844820385
66564 1 1291445 1291445 0.05154226467251799
67600 1.0154772585673981 1331957.8545407376 1311657 0.05075235659262556
68644 1.0278940230329492 1373416.487299383 1336146 0.04998046887800081
69696 1.0423231669465802 1415835.5045292194 1358346 0.049226057530726126
70756 1.0557197945677286 1459229.624408844 1382213 0.04848859892675516
71824 1.0670980229784264 1503613.6770421653 1409068 0.047767588907071286
72900 1.082988374819902 1549002.6044584052 1430304 0.04706254191579544
73984 1.0956292307247124 1595411.4606120973 1456160 0.046372990182492
75076 1.1105889826252147 1642855.4113830882 1479265 0.04569848294610112
76176 1.1236949859261804 1691349.7345765373 1505168 0.045038585718093466
77284 1.1381113955125073 1740909.8199229157 1529648 0.04439287958259779
78400 1.1516148947011207 1791551.1690780076 1555686 0.04376096053139653
79524 1.1672032524732907 1843289.3956229098 1579236 0.04314243883181792
80656 1.179947494392572 1896140.2250640315 1606970 0.04253693842567804
81796 1.195651464327683 1950119.494833094 1631010 0.04194409635754178
82944 1.2093919180723556 2005243.1542871317 1658059 0.041363562230679586
84100 1.2246880931525848 2061527.264708491 1683308 0.04079499768919724
85264 1.238937349000999 2118987.9993048315 1710327 0.04023807592490955
86436 1.2549404227097025 2177641.643209125 1735255 0.0396924812076159
87616 1.2683583330147499 2237504.593479655 1764095 0.039157908437516986
88804 1.284846005903858 2298593.3591000196 1789003 0.03863406271858799
90000 1.2984633869358237 2360924.560979127 1818245 0.038120658951794305
91204 1.3155940929951349 2424514.931951199 1842905 0.037617421447101965
92416 1.330022934853696 2489381.3167757704 1871683 0.03712408355329692
93636 1.3464223943217168 2555540.672137688 1898023 0.03664038730468504
94864 1.3610386748562748 2623010.066647111 1927212 0.03616608308379878
96100 1.3774320718278596 2691806.6808395116 1954221 0.035700929299287074
97344 1.3946012496992732 2761947.8071756735 1980457 0.035244692078212195
98596 1.4090040826479366 2833450.8500416945 2010960 0.03479714497202207
99856 1.4260629111845187 2906333.3257489833 2038012 0.034358068675507614
101124 1.4407148645567898 2980612.8625342627 2068843 0.0339272507580939
102400 1.4579886266181006 3056307.2005595667 2096249 0.033504485406850464
103684 1.4757649633804992 3133434.191912242 2123261 0.0330895731806401
104976 1.4898642756280291 3212011.800604949 2155909 0.03268232077485795
106276 1.5071849160444415 3292058.102575659 2184243 0.03228254079624269
107584 1.525339246293305 3373591.2856876566 2211699 0.031890051547269926
108900 1.5410358233274335 3456629.6497295396 2243056 0.03150467681966472
110224 1.5577769848661498 3541191.6064152173 2273234 0.031126245696595
111556 1.5767532742605084 3627295.679383911 2300484 0.03075459236313141
112896 1.5923459015839003 3714960.504200157 2333011 0.03038955592458092
114244 1.6100757331201074 3804204.828353801 2362749 0.030030980232322816
115600 1.6274567240761226 3895047.511260003 2393334 0.02967871371679488
116964 1.646995359203015 3987507.5242592357 2421080 0.02933260922729633
118336 1.6618015443051448 4081603.950617284 2456132 0.02899252387829137
119716 1.681164547122421 4177355.9855252444 2484799 0.028658318901913594
121104 1.6976884593814967 4274782.936099527 2518002 0.02832985950638697
122500 1.71685828519307 4373904.221381854 2547621 0.02800701474009378
123904 1.7344556098233124 4474739.372339262 2579910 0.027689657361033442
125316 1.7522667614509242 4577308.031864095 2612221 0.027377663711429412
126736 1.7697896818527086 4681629.954774016 2645303 0.027070913597253245
128164 1.7898278286406824 4787725.007811994 2674964 0.026769290172446926
129600 1.8073222897977592 4895613.169646317 2708766 0.02647267982763494
131044 1.8257569597350436 5005314.530870582 2741501 0.026180972083128473
132496 1.8413954042583651 5116849.294003698 2778789 0.025894059486033447
133956 1.8599740659175734 5230237.773489887 2811995 0.025611837511283465
135424 1.877115207458415 5345500.395698685 2847721 0.025334204466427576
136900 1.8939218388193155 5462657.69892494 2884310 0.025061061400010867
138384 1.9130465430136878 5581730.333388811 2917718 0.0247923120133938
139876 1.9289503132144963 5702739.061235771 2956395 0.024527862575863535
141376 1.9473268380831008 5825704.756536604 2991642 0.024267621842897578
142884 1.9646527830772385 5950648.405287409 3028855 0.024011500977446653
144400 1.9828206315338617 6077591.105409596 3065124 0.023759413474110026
145924 1.9998782222037834 6206554.066749887 3103466 0.0235112750860824
147456 2.0187595935443348 6337558.611080317 3139333 0.02326700375475727
148996 2.037001902727692 6470626.172098234 3176544 0.023026519541876882
150544 2.0547460115022047 6605778.2954263 3214888 0.022789744564124026
152100 2.073129655096952 6743036.638612485 3252588 0.0225566029300558
153664 2.0913853622748673 6882422.971130074 3290844 0.022327020679283945
155236 2.110439728891549 7023959.174377667 3328197 0.022100925723810765
156816 2.1289788748677267 7167667.241679173 3366716 0.02187824779143383
158404 2.1474364101709496 7313569.278283816 3405721 0.021658918371136385
160000 2.1667590093605846 7461687.501366129 3443709 0.0214428706603843
161604 2.1852898693300604 7612044.240025962 3483311 0.021230039514253906
163216 2.2042273428886583 7764661.935288475 3522623 0.0210203613963183
164836 2.2229248231327565 7919563.140104139 3562677 0.02081377433122308
166464 2.2417676520553247 8076770.519348742 3602858 0.02061021785888533
168100 2.2617374334419806 8236306.849823381 3641584 0.020409632990252752
169744 2.280569531791988 8398195.020254465 3682499 0.020211962164562447
171396 2.3008874230508853 8562458.03129372 3721372 0.02001714920804154
173056 2.3202172440953226 8729118.995518178 3762199 0.01982513929399436
174724 2.339323950510454 8898201.13743019 3803749 0.019635878904223164
176400 2.359384229958527 9069727.793457413 3844108 0.019449315791731793
178084 2.3796458515078087 9243722.411952825 3884495 0.019265398944663684
179776 2.3997914503067457 9420208.553194707 3925428 0.019084078551427817
181476 2.420024804620273 9599209.88938666 3966575 0.018905305966968017
183184 2.4401979563930634 9780750.204657592 4008179 0.018729033680133022
184900 2.4611844374441754 9964853.395061728 4048804 0.01855521528210648
186624 2.4817930021581236 10151543.468578603 4090407 0.018383805435857596
188356 2.500253158998778 10340844.545113066 4135919 0.01821475984657504
190096 2.522538391853772 10532780.856495278 4175469 0.018048035233047974
191844 2.5428844514443254 10727376.74648071 4218586 0.0178835892999598
193600 2.5636326938677976 10924656.67075015 4261397 0.017721380711061403
195364 2.5832477131223404 11124645.196909694 4306457 0.017561369063192236
197136 2.5963031794551346 11327367.004490755 4362883 0.017403514861118657
198916 2.617804915434916 11532846.884950055 4405541 0.017247779493160368
200704 2.6368132478739907 11741109.74166963 4452765 0.01709412520757677
202500 2.6593146338540032 11952180.58995683 4494459 0.01694251508968636
204304 2.6801870339515856 12166084.557044312 4539267 0.01679291303969324
206116 2.7034068373242106 12382846.882090054 4580460 0.01664528375119587
207936 2.7230658154038725 12602492.916177338 4628053 0.016499592690354184
209764 2.745254232559249 12825048.122314764 4671716 0.016355806075692148
211600 2.7683762383064776 13050538.075436244 4714149 0.016213890858513647
213444 2.7875712007686975 13278988.462400999 4763641 0.01607381470391057
215296 2.810195484857572 13510425.081993567 4807646 0.01593554597234267
217156 2.83302378544173 13744873.844923796 4851662 0.01579905370176964
219024 2.8552719113444502 13982360.773826847 4897033 0.01566430759031653
220900 2.876799098395753 14222912.003263194 4944006 0.015531277979454448
222784 2.8998900264357013 14466553.77971862 4988656 0.015399935837679042
224676 2.9217648613266927 14713312.461604228 5035762 0.01527025274467005
226576 2.9454184212201784 14963214.519256428 5080166 0.015142200875915753
228484 2.967598964897129 15216286.534936942 5127474 0.015015752987786837
230400 2.9916890802303095 15472555.202832805 5171846 0.014890882403044653
232324 3.012649052921194 15732047.32905637 5221998 0.014767562996769545
234256 3.035535654613049 15994789.831645295 5269182 0.014645769182695374
236196 3.0596557514077394 16260809.740562554 5314588 0.014525475899936864
238144 3.0823551235293545 16530134.197696434 5362826 0.014406658600096949
240100 3.1065986243863235 16802790.45686053 5408742 0.014289293234741724
242064 3.1285135744106634 17078805.883793764 5459080 0.014173356243231077
244036 3.151774319132001 17358207.956160348 5507440 0.014058824540893506
246016 3.1766414915428314 17641024.263549823 5553357 0.013945675507534012
248004 3.2005997450338617 17927282.507477038 5601226 0.013833886976264446
250000 3.223051127604081 18217010.501382153 5652101 0.01372343722264595
252004 3.2466118714734575 18510236.17063064 5701401 0.013614304954133617
254016 3.271334579546743 18806987.552513294 5749026 0.013506469299813742
256036 3.2942392808689824 19107292.796246205 5800214 0.013399909800424502
258064 3.3191269026273864 19411180.16297079 5848279 0.01329460639865106
260100 3.34211709613498 19718678.025753766 5900056 0.013190539429686612
262144 3.3669433821447434 20029814.869587176 5948961 0.013087689612050963
