4 0.02503147710152183 9.687181638288948 387 0.4129167955507152
16 0.33404074614789475 77.49745310631158 232 0.2064583977753576
36 0.5470121637229688 225.36901145386315 412 0.15973802151308547
64 0.6768336515835072 464.98471863786943 687 0.13763893185023843
100 0.793395484332077 804.5030211127261 1014 0.12430034117421682
144 0.8755004095195061 1250.2145847938548 1428 0.11518022725974186
196 0.9679937846164265 1807.2443958788683 1867 0.10845240436044325
256 1.039798112956801 2479.9184994019706 2385 0.1032291988876788
324 1.0403753556337465 3271.9804934681324 3145 0.09902259522842587
400 1.0818424414159686 4186.730248279799 3870 0.0955399503381781
484 1.105098988432447 5227.118215285474 4730 0.09259404131795913
576 1.0888342688268688 6395.812495089028 5874 0.09005892534252323
676 1.1001069696467216 7695.248252678818 6995 0.08784641869931557
784 1.1142169414819465 9127.665184620106 8192 0.08589272110035553
900 1.1262780757946609 10695.1366077461 9496 0.08415039779371893
1024 1.134039921072787 12399.592497009853 10934 0.08258335911014304
1156 1.1200721959372184 14242.83804353767 12716 0.08116359930979529
1296 1.121393837227239 16226.568824678146 14470 0.07986901075654274
1444 1.1205509441980737 18352.38336407605 16378 0.078681878606926
1600 1.1224577426755264 20621.793648434774 18372 0.0775878193370169
1764 1.1237735509860813 23036.23402166368 20499 0.07657501648668369
1936 1.1256901699315602 25597.06877407375 22739 0.07563366013068251
2116 1.1180471094574704 28305.59867013478 25317 0.07475552892059444
2304 1.1151172476923545 31163.06660401054 27946 0.07393367377084405
2500 1.1130871537087759 34170.66253170571 30699 0.07316217523380886
2704 1.1098087703115294 37329.5277981986 33636 0.07243595511354115
2916 1.1056904710703956 40640.75895466346 36756 0.07175062855624632
3136 1.106535817328557 44105.411142898956 39859 0.07110238673072433
3364 1.1066550982035386 47724.5011100276 43125 0.0704879028959231
3600 1.1069342684516477 51499.00990544445 46524 0.06990425654026816
3844 1.107955092109904 55429.88530316638 50029 0.06934887162359715
4096 1.1083228242611365 59518.04398564729 53701 0.06881946592511921
4356 1.1020839558814692 63764.37351939004 57858 0.068314009211984
4624 1.0995295754449699 68169.73414801269 61999 0.06783068846887677
4900 1.09586814356342 72734.96042459132 66372 0.06736787882190605
5184 1.0916284432127716 77460.86270193507 70959 0.06692411908640539
5476 1.0920646698779655 82348.22849681786 75406 0.06649809109386738
5776 1.0903330182266482 87397.82374199343 80157 0.06608860212642473
6084 1.0889831489713997 92610.39393797475 85043 0.06569456992132787
6400 1.088607672562258 97986.6652150014 90011 0.06531500981237785
6724 1.0890164131309872 103527.3453142973 95065 0.06494902365734094
7056 1.0884021133368182 109233.12449659641 100361 0.06459579026524923
7396 1.0892534174761066 115104.6763849526 105673 0.06425455708910593
7744 1.0731986069101915 121142.65874802241 112880 0.06392463299082426
8100 1.090623248456734 127347.71422929899 116766 0.0636053819184799
8464 1.0859399294056955 133720.47102715852 123138 0.06329621736286711
8836 1.0823735677965045 140261.54353004563 129587 0.06299659748224022
9216 1.0786347337065978 146971.5329106599 136257 0.06270602080201587
9604 1.0751970961318134 153851.0276825973 143091 0.062424022410910066
10000 1.0734077681510985 160900.6042225452 149897 0.062150170587108415
10404 1.0706082623449589 168120.82726081592 157033 0.061884063798113786
10816 1.0685742399815383 175512.2503427277 164249 0.061625328026273345
11236 1.0670160701206974 183075.41626309892 171577 0.06137361437896538
11664 1.0659288498114867 190810.85747590443 179009 0.06112859694827863
12100 1.0647015772407895 198719.09648095266 186643 0.060889970889938055
12544 1.063789332249331 206800.64618926996 194400 0.0606574506953879
12996 1.0630706845317937 215056.01026872828 202297 0.060430768634461986
13456 1.0626539209986945 223485.68347131443 210309 0.06020967334906331
13924 1.0621099952558597 232090.15194331997 218518 0.05999392858082345
14400 1.0612925397081323 240869.89351961802 226959 0.05978331201789305
14884 1.061226182195893 249825.37800309955 235412 0.05957761424788212
15376 1.061556144437582 258957.06743024822 243941 0.059376637805576116
15876 1.0612604491010285 268265.41632375796 252780 0.05918019630543782
16384 1.062140764023926 277750.87193302065 261501 0.05898811365010219
16900 1.0578392797295917 287413.87446325034 271699 0.05880022330710721
17424 1.0548920187728563 297254.85729394684 281787 0.05861636764700502
17956 1.0517543733351313 307274.247187352 292154 0.05843639733677982
18496 1.0496623083580168 317472.46448749886 302452 0.058260170783184
19044 1.0474070346103266 327849.92331041297 313011 0.058087553621200244
19600 1.045563343403513 338407.03172598104 323660 0.05791841824336187
20164 1.0435484883223702 349144.1919319687 334574 0.057752643366122465
20736 1.0419510089871087 360061.8004206302 345565 0.057590113629870925
21316 1.0360514400433427 371160.2481383273 358245 0.05743071922954358
21904 1.031608376731194 382439.92063854175 370722 0.05727435557310004
22500 1.0373355337788512 393901.1982286405 379724 0.0571209229654078
23104 1.0363287475231282 405544.4561107307 391328 0.05697032631532666
23716 1.0354984208804505 417370.0645169162 403062 0.056822474864003526
24336 1.034614310489669 429378.388839249 415013 0.05667728193258215
24964 1.033564566520727 441569.78975465015 427230 0.05653466468770604
25600 1.0328472367853483 453944.62334505486 439508 0.05639454392334721
26244 1.032054850542292 466503.2412130236 452014 0.05625684385763134
26896 1.032003666347342 479245.9905930441 464384 0.05612149194345368
27556 1.0315825959877494 492173.2144587352 477105 0.05598841869179037
28224 1.0310323717010847 505285.2516261525 490077 0.05585755750670952
28900 1.0306409167040271 518582.43685338186 503165 0.05572884453117501
29584 1.0302713637741183 532065.1009365955 516432 0.05560221850281707
30276 1.030076634351402 545733.5708027384 529799 0.0554776206189148
30976 1.023949075204024 559588.1695989991 546500 0.0553549944099022
31684 1.0299085890992767 573629.2167792133 556971 0.05523428562076711
32400 1.0299277792253276 587857.0281873364 570775 0.0551154420997666
33124 1.0287192525136217 602271.91613812 585458 0.054998413693929604
33856 1.0267751511267065 616874.1894951117 600788 0.054883152150862174
34596 1.025478763163951 631664.1537460989 615970 0.05476961102640956
35344 1.018103156254493 646642.1110761038 635144 0.05465774559776596
36100 1.0210444829705223 661808.3604380375 648168 0.05454751278165501
36864 1.0202681552981803 677163.1976211106 663711 0.05443887105723414
37636 1.0190972764276975 692706.9153170931 679726 0.054331780393403126
38416 1.017784078097345 708439.8031845161 696061 0.054226202180221644
39204 1.0122048716803946 724362.1479108975 715628 0.05412209916416341
40000 1.0152633925827255 740474.2332730702 729342 0.05401943538695546
40804 1.0140771116601004 756776.3401956948 746271 0.05391817612776913
41616 1.0130866088565427 773268.7468080219 763280 0.05381828784854786
42436 1.0076120539436764 789951.7284989791 783984 0.053719738142271614
43264 1.0109392465441382 806825.5579706441 798095 0.05362249568397304
44100 1.0096895347092205 823890.5052901686 815984 0.053526530184333516
44944 1.0094832107485916 841146.8379402102 833245 0.053431812345699714
45796 1.0053426813842248 858594.8208679322 854032 0.05333831382037218
46656 1.0067000188793238 876234.7165326201 870403 0.05324600717102848
47524 1.0078295801271435 894066.7849519717 887121 0.053154865833152425
48400 1.0073614892294973 912091.2837471068 905426 0.05306486407934992
49284 1.0030604420480893 930308.4681863415 927470 0.052975976985440466
50176 1.0062755395382872 948718.5912277763 942802 0.05288818039822024
51076 1.005865670176221 967321.9035607384 961681 0.05280145090479999
51984 1.0017418190561154 986118.6536461161 984404 0.05271576580342761
52900 1.0047473786992984 1005109.0877556301 1000360 0.05263110307571058
53824 1.004730345453744 1024293.4500100738 1019471 0.05254744136015967
54756 1.0045768645777875 1043671.9824165613 1038917 0.052464759926979826
55696 1.0026668045729323 1063244.9249048152 1060417 0.05238303865403926
56644 1.0038145581668396 1083012.5153625289 1078897 0.05230225800395199
57600 1.0043361257514096 1102974.9896698329 1098213 0.052222399002213205
58564 1.0016030728844605 1123132.5817328964 1121335 0.05214344321633054
59536 1.0038447023513974 1143485.5235166908 1139106 0.05206537273589803
60516 1.0012463992542018 1164034.0450769463 1162585 0.051988170153562566
61504 1.003464399224286 1184778.3745913238 1180688 0.05191181854683592
62500 1.0034794891129797 1205718.7383898315 1201538 0.05183630146070814
63504 1.002544951084018 1226855.3609845072 1223741 0.05176160289102077
64516 1.0035936293474572 1248188.4650983901 1243719 0.05168770726856096
65536 1.0037235113879193 1269718.271693809 1265008 0.0516145994438394
66564 1 1291445 1291445 0.05154226467251799
67600 1.0013051182893733 1313368.8675400845 1311657 0.05147068860145402
68644 0.9995091031649369 1335490.0901574178 1336146 0.0513998572553307
69696 0.999604579423309 1357808.8820413342 1358346 0.05132975702384478
70756 0.998634404214332 1380325.4557523045 1382213 0.051260374649423956
71824 0.9957220107521597 1403040.0222465242 1409068 0.05119169721544836
72900 0.9969578431577817 1425952.7908999478 1430304 0.05112371213495177
73984 0.9951268882071941 1449063.9695317878 1456160 0.051056407139779506
75076 0.995341446209769 1472373.764427494 1479265 0.050989770270181325
76176 0.993830841714165 1495882.3803612264 1505168 0.05092378986481877
77284 0.9934246445050359 1519590.0206178392 1529648 0.05085845455116746
78400 0.992164798689702 1543496.8870143876 1555686 0.0507937532362961
79524 0.992633893807621 1567603.179921172 1579236 0.05072967509800466
80656 0.9906277642285377 1591909.0982823332 1606970 0.05066620957630537
81796 0.991051458688795 1616414.8396360115 1631010 0.05060334636523074
82944 0.9897841995574829 1641120.6001340805 1658059 0.05054107540495405
84100 0.9897336521667263 1666026.5745614676 1683308 0.05047938687420808
85264 0.9887775591188566 1691132.9563550765 1710327 0.05041827118298891
86436 0.9891571772577029 1716439.9376223153 1735255 0.0503577189655321
87616 0.9874455225819744 1741947.709159248 1764095 0.05029772107354928
88804 0.9880679129483724 1767656.460468377 1789003 0.05023826856971379
90000 0.9864272305305739 1793566.3797760634 1818245 0.050179352721384636
91204 0.9873963411296848 1819677.6540496016 1842905 0.05012096499455827
92416 0.9862730328874871 1845990.4690139506 1871683 0.05006309704803876
93636 0.9865554891421945 1872505.0091681355 1898023 0.0500057407278168
94864 0.9854761478245908 1899221.4578013252 1927212 0.049948888061648884
96100 0.985630589891623 1926139.9970085975 1954221 0.0498925312538282
97344 0.9862677188681176 1953260.8077063956 1980457 0.04983666268013926
98596 0.9848948112581504 1980584.06964769 2010960 0.049781274882988655
99856 0.985327839795274 2008109.961436846 2038012 0.04972636056670466
101124 0.984046957910392 2035838.6605442092 2068843 0.04967191259299894
102400 0.9845062983073177 2063770.3433204165 2096249 0.049617923976583475
103684 0.9852322371156619 2091905.1850104374 2123261 0.049564387880936714
104976 0.9834567970017982 2120243.35976735 2155909 0.04951129761421293
106276 0.9837664768369929 2148785.040665864 2184243 0.0494586466252889
107584 0.9845509717712925 2177530.399715596 2211699 0.04940642849994259
108900 0.9836935002398929 2206479.607874093 2243056 0.04935463695715881
110224 0.9834591753684974 2235632.8350596307 2273234 0.049303265845556436
111556 0.9845711816138546 2264990.2501637666 2300484 0.049252309139933
112896 0.9835153032127485 2294552.0210636775 2333011 0.04920176093792164
114244 0.983734757536357 2324318.31463427 2362749 0.049151615456756496
115600 0.9836860616863664 2354289.296760078 2393334 0.049101867030142056
116964 0.984876638668259 2384465.1323469486 2421080 0.04905251010522275
118336 0.9831906368768137 2414845.9853335223 2456132 0.04900353923964895
119716 0.9841568749434108 2445432.018702512 2484799 0.04895494909873571
121104 0.983408033231026 2476223.39449179 2518002 0.04890673445271076
122500 0.9841417831793947 2507220.2738052728 2547621 0.048858890174048646
123904 0.9839191354828793 2538422.8168236353 2579910 0.04881141123488751
125316 0.9837724996525266 2569831.1828148225 2612221 0.0487642927045259
126736 0.9834206252154859 2601445.5301444004 2645303 0.04871752974699615
128164 0.9844117589192668 2633266.0162857175 2674964 0.04867111761871225
129600 0.9839509200240655 2665292.797829908 2708766 0.04862505166618874
131044 0.9839595281912044 2697526.030495715 2741501 0.04857932732382883
132496 0.9824300690477624 2729965.869139163 2778789 0.048533940111778695
133956 0.9824386130711691 2762612.467763062 2811995 0.04848888563384593
135424 0.9816502317208595 2795465.9795263577 2847721 0.048444159575479866
136900 0.9806596921805664 2828526.5567533295 2884310 0.04839975770181139
138384 0.9808330863169914 2861794.3509426396 2917718 0.04835567585575044
139876 0.9793243165328833 2895269.5127762337 2956395 0.04831190995613906
141376 0.979045016792818 2928952.1921280995 2991642 0.04826845599595804
142884 0.9782054730493488 2962842.5380728855 3028855 0.04822531004058545
144400 0.9777551247174278 2996940.698894381 3065124 0.04818246822610519
145924 0.9767295089083842 3031246.822093867 3103466 0.04813992675766383
147456 0.9765644658907882 3065761.0543983257 3139333 0.04809768190787431
148996 0.9760555943089513 3100483.541768533 3176544 0.0480557300152646
150544 0.975279521217229 3135414.429407015 3214888 0.048014067482770255
152100 0.9747788105243848 3170553.8617658876 3252588 0.04797269077626886
153664 0.9741883791983373 3205901.982554573 3290844 0.04793159642315553
155236 0.9739384221388929 3241458.934747397 3328197 0.047890781010957756
156816 0.9734188629486626 3277224.86059107 3366716 0.04785024118598843
158404 0.9728336236620846 3313199.9016120583 3405721 0.047809973652035764
160000 0.9726095319389179 3349384.198623839 3443709 0.04776997516908905
161604 0.9719998850903776 3385777.8917340483 3483311 0.04773024255209885
163216 0.9715433983005055 3422381.1203515218 3522623 0.04769077266977082
164836 0.9709535900092069 3459194.0231932313 3562677 0.04765156244339181
166464 0.9704009256793136 3496216.73829112 3602858 0.04761260884568736
168100 0.9703056150836648 3533449.402998832 3641584 0.04757390889970968
169744 0.9696926337246381 3570892.153998346 3682499 0.04753545967775498
171396 0.9696813775420774 3608545.127306516 3721372 0.04749725830030928
173056 0.9692226430025391 3646408.4582815096 3762199 0.04745930193502194
174724 0.9686449557079498 3684482.2816291586 3803749 0.04742158779570592
176400 0.9684344798349103 3722766.731409217 3844108 0.04738411314136395
178084 0.9682756551473297 3761261.9410415264 3884495 0.04734687527523993
179776 0.9680391649807613 3799968.0433120998 3925428 0.04730987154389461
181476 0.9678085427299653 3838885.170379112 3966575 0.047273099336305024
183184 0.9675250166668727 3878013.4537788094 4008179 0.04723655608298678
184900 0.9675333813223211 3917353.024431339 4048804 0.047200239255138596
186624 0.967361930645652 3956904.0126464893 4090407 0.04716414636380845
188356 0.9663309528376539 3996666.548129357 4135919 0.04712827495908063
190096 0.9667514619282125 4036640.7599859317 4175469 0.0470926226292831
191844 0.9663965074384183 4076826.7767286072 4218586 0.04705718700021455
193600 0.9661678379840254 4117224.7262816117 4261397 0.04702196573439068
195364 0.9654885062097157 4157834.735986374 4306457 0.04698695653030887
197136 0.9623583608835712 4198656.932606798 4362883 0.04695215712173112
198916 0.9623543265933718 4239691.44233449 4405541 0.04691756527698426
200704 0.961411255881209 4280938.390793892 4452765 0.046883178798277414
202500 0.9617170616190664 4322397.903047368 4494459 0.04684899552103564
204304 0.9614041437968289 4364070.1036002 4539267 0.046815013313250074
206116 0.9619023234359737 4405955.11640554 4580460 0.04678123007484317
207936 0.9611067688441073 4448053.064869277 4628053 0.046747643737049475
209764 0.9611808748337556 4490364.071854853 4671716 0.046714252261810904
211600 0.9615496369945046 4532888.259688007 4714149 0.04668105364118642
213444 0.9605311882573568 4575625.750161463 4763641 0.04664804589677555
215296 0.9606731994284853 4618576.66453956 4807646 0.04661522707915546
217156 0.9608544708107872 4661741.123562805 4851662 0.04658259526733121
219024 0.9608101982266395 4705119.247452395 4897033 0.04655014856819865
220900 0.9604986636170437 4748711.155914646 4944006 0.046517885116019994
222784 0.9606829911995137 4792516.968145401 4988656 0.04648580307191119
224676 0.960437924356703 4836536.80283436 5035762 0.04645390062334125
226576 0.9607502546510005 4880770.778169354 5080166 0.04642217598364301
228484 0.9605546535858754 4925219.011840583 5127474 0.046390627391534864
230400 0.9609492666728235 4969881.6210447755 5171846 0.046359253110653566
232324 0.9603141790727079 5014758.722489323 5221998 0.04632805142909738
234256 0.9602724734876001 5059850.43239634 5269182 0.04629702065897955
236196 0.9605931572695166 5105156.8665066855 5314588 0.046266159135991886
238144 0.9604410324116304 5150678.140083934 5362826 0.0462354652189778
240100 0.960743619850659 5196414.367918293 5408742 0.04620493728951511
242064 0.9603020406974213 5242365.664330479 5459080 0.046174573751507825
244036 0.9602523392312101 5288532.143175536 5507440 0.04614437303078712
246016 0.9606646786523212 5334913.917846618 5553357 0.046114333574720875
248004 0.9607737843962602 5381511.101278727 5601226 0.0460844538518318
250000 0.9604081395488837 5428323.805952385 5652101 0.04605473235142393
252004 0.9603520509954127 5475352.143897297 5701401 0.04602516758321708
254016 0.9606142373848944 5522596.22669593 5749026 0.04599575807698931
256036 0.9603190788283134 5570056.165487086 5800214 0.04596650238222694
258064 0.960578671258572 5617732.07096941 5848279 0.04593739906778214
260100 0.9602661488983933 5665624.053404859 5900056 0.0459084467215378
262144 0.9604588469519535 5713732.22262214 5948961 0.04587964395007947
