4 1.3938549126637336 826.555963209594 593 0.004839357742296876
16 7.5141451200872185 6612.447705676752 880 0.002419678871148438
36 9.04068901118867 19229.5455267983 2127 0.0018721191278197598
64 10.24920853372785 39674.68623406051 3871 0.001613119247432292
100 10.956741724591522 68643.98690456589 6265 0.0014567918401800822
144 15.534323108014943 106674.19678273861 6867 0.0013499047036958916
196 15.930021056737964 154202.6038292235 9680 0.001271055060892917
256 16.46807740537443 211598.32658165606 12849 0.001209839435574219
324 15.228319776490066 279180.78646239237 18333 0.0011605383167857975
400 15.06606823580713 357231.5439392229 23711 0.0011197219472534976
484 14.168250116780028 446002.3454261185 31479 0.001085196086889583
576 13.284020492031255 545720.845833136 41081 0.0010554846940483604
676 12.461469442142901 656594.8249065095 52690 0.0010295542614065737
784 11.988783967642227 778815.3841059743 64962 0.0010066570537765856
900 11.604560499871459 912559.4285888919 78638 0.0009862371389791976
1024 11.276944253384498 1057991.6329082802 93819 0.0009678715484593752
1156 10.963849990286604 1215266.0244733382 110843 0.000951232056784421
1296 10.646524494824698 1384527.2779294779 130045 0.0009360595639098798
1444 10.269755550590812 1565911.7868429858 152478 0.0009221464530331108
1600 9.92222902004539 1759548.5610407293 177334 0.0009093241501977301
1764 9.638688852222872 1965559.985500697 203924 0.0008974541672665601
1936 9.297483144102257 2184062.467897917 234909 0.0008864215325596119
2116 8.982222734733872 2415166.9955834476 268883 0.0008761298924130188
2304 8.710512047530703 2658979.61814127 305261 0.0008664978039999365
2500 8.471400378366209 2915601.868222298 344170 0.0008574558917827491
2704 8.268214322905838 3185131.130755724 385226 0.0008489446396382532
2916 8.033538829445288 3467660.9686523997 431648 0.0008409126573677743
3136 7.777222711140496 3763281.411580219 483885 0.0008333153057196377
3364 7.560418512996482 4072079.2131924704 538605 0.000826113595507062
3600 7.398074408154465 4394138.081244201 593957 0.0008192732985260807
3844 7.213170557448625 4729538.884278472 655681 0.0008127642237550675
4096 7.017963550025006 5078359.837959745 723623 0.000806559623716146
4356 6.84998592860837 5440676.673642413 794261 0.0008006357042135633
4624 6.6879874984490595 5816562.791363643 869703 0.0007949712168268269
4900 6.5585109870095195 6206089.399122563 946265 0.0007895471181405762
5184 6.397807719038417 6609325.640037546 1033061 0.0007843462831664247
5476 6.223809582175288 7026338.70874888 1128945 0.0007793532630559828
5776 6.074132264106368 7457193.958246596 1227697 0.0007745540792341287
6084 5.915261264958133 7901954.998145706 1335859 0.0007699360476524718
6400 5.752539776177259 8360683.785298266 1453390 0.0007654876280877881
6724 5.625191492469703 8833440.707518904 1570336 0.0007611982943720473
7056 5.471583658724803 9320284.661104511 1703398 0.0007570584222010039
7396 5.344933813451571 9821273.122746754 1837492 0.0007530591917732486
7744 5.221324142728053 10336462.216365445 1979663 0.0007491925029957669
8100 5.10774096646011 10865906.775330218 2127341 0.0007454509013817523
8464 4.995903937636166 11409660.40048529 2283803 0.000741827513081809
8836 4.876726889755494 11967775.514346479 2454059 0.0007383159877462412
9216 4.772337026845072 12540303.411799984 2627707 0.0007349104481258459
9604 4.664449077416914 13127294.307597667 2814329 0.0007316054454908888
10000 4.56203225300834 13728797.380913178 3009360 0.0007283959200900411
10404 4.457013041261745 14344860.817196596 3218492 0.000725277165988791
10816 4.3524628099378635 14975531.847541636 3440703 0.0007222447997247951
11236 4.248611399241958 15620856.78575871 3676697 0.000719294732299427
11664 4.150612440539901 16280881.063328777 3922525 0.000716423144093357
12100 4.050943474693961 16955649.262396414 4185605 0.0007136264623516903
12544 3.9560251045932544 17645205.146946162 4460337 0.0007109013409328924
12996 3.850924093825517 18349591.69229309 4764984 0.000708244642056988
13456 3.770837726747283 19068851.113006957 5056927 0.0007056534198235779
13924 3.676884782060706 19803024.88937906 5385816 0.0007031249053000911
14400 3.596495192056577 20552153.79253135 5714495 0.0007006564930062444
14884 3.5160511196849122 21316277.9082592 6062562 0.0006982457286425716
15376 3.441953816527402 22095436.659691565 6419446 0.0006958902979297191
15876 3.3499764486728982 22889668.82884545 6832785 0.0006935880164414237
16384 3.285758454961671 23699012.577145476 7212646 0.0006913368203281252
16900 3.2073606861219393 24523505.464973837 7646008 0.0006891347578402992
17424 3.13374809142262 25363184.470310643 8093562 0.0006869799815711625
17956 3.0637506488766513 26218086.00652038 8557513 0.0006848707413475714
18496 2.994370124502203 27088245.939335734 9046392 0.0006828053777059573
19044 2.9050068553130766 27973699.603086453 9629478 0.0006807823158971364
19600 2.8595818425245083 28874481.816217255 10097449 0.0006788000603699743
20164 2.79829769542498 29790626.89613582 10645982 0.0006768571896892677
20736 2.738526337685374 30722168.673428718 11218504 0.0006749523518479459
21316 2.6743586900844107 31669140.50548087 11841770 0.0006730842599378695
21904 2.6217424666530347 32631575.28953126 12446522 0.0006712516881471904
22500 2.5528236023214745 33609505.475195654 13165620 0.0006694534680554986
23104 2.4944794958356935 34602963.076485 13871817 0.0006676884852008727
23716 2.4461045277787545 35611979.68334617 14558650 0.000665955675895511
24336 2.405846651779103 36636586.47274999 15228147 0.0006642540242689074
24964 2.3463689187039076 37676814.21935016 16057498 0.0006625825595195605
25600 2.302004435477244 38732693.30573447 16825638 0.0006609403533580211
26244 2.2650652128108306 39804253.73228941 17573116 0.0006593265176256962
26896 2.231440546425352 40891525.12669692 18325169 0.0006577402020752794
27556 2.182999197595683 41994536.75308155 19237083 0.0006561805922999721
28224 2.1458125195328046 43113317.52082495 20091838 0.0006546469077998234
28900 2.09416980454781 44247895.99306367 21129087 0.0006531384001745615
29584 2.0658036044746786 45398300.394885175 21976097 0.0006516543514332333
30276 2.0141901994599762 46564558.6212362 23118253 0.0006501940724118096
30976 1.982763269665144 47746698.24455686 24080887 0.0006487569012906829
31684 1.9399991375947911 48944746.522153035 25229262 0.0006473422022046719
32400 1.915023214453117 50158730.40331858 26192231 0.0006459493639387724
33124 1.8702421931834552 51388676.53621908 27477017 0.0006445777987034553
33856 1.8347940196095964 52634611.27454716 28686932 0.0006432269409838303
34596 1.8064894611078939 53896560.68395964 29834971 0.0006418962464574524
35344 1.7704001428366265 55174550.54830589 31165017 0.0006405851909759729
36100 1.7466932374224338 56468606.37565634 32328863 0.0006392932696062204
36864 1.7115717604869818 57778753.404139556 33757716 0.0006380199957266451
37636 1.6933575110776127 59105016.60759593 34904039 0.00063676490017538
38416 1.657006796678279 60447420.701055594 36479887 0.0006355275304464586
39204 1.6301139412017878 61805990.146047845 37915135 0.000634307449930998
40000 1.5906535422877615 63180749.155748636 39719994 0.0006331042372003991
40804 1.5798472768563918 64571721.69997316 40872129 0.0006319174853288287
41616 1.5497581666336222 65978931.510019004 42573695 0.0006307468012524657
42436 1.5225801564900585 67402402.08336657 44268541 0.0006295918051631615
43264 1.4975122191285424 68842156.68824151 45971015 0.0006284521299343553
44100 1.4756930788774836 70298218.36804521 47637425 0.0006273274205772207
44944 1.449307872937305 71770609.94565783 49520610 0.0006262173337251836
45796 1.4201580167041061 73259354.02761923 51585354 0.0006251215371450672
46656 1.3866155980543478 74764473.00819181 53918673 0.0006240397092732531
47524 1.3689695876686951 76285989.07331021 55725116 0.0006229715387753552
48400 1.3491003149808671 77823924.20442173 57685795 0.0006219167241280035
49284 1.3263041414895966 79378300.1822214 59849244 0.0006208749732214383
50176 1.2996157445729672 80949138.59028578 62286979 0.000619846002981696
51076 1.285842360754025 82536460.818609 64188631 0.0006188295390112511
51984 1.2716551377841971 84140288.06704423 66165964 0.0006178253152470595
52900 1.2433077042017189 85760641.34865466 68977809 0.0006168330736350055
53824 1.2209744996350613 87397541.49297613 71580153 0.0006158525638198378
54756 1.2087226129253843 89051009.14919546 73673652 0.0006148835428497185
55696 1.187892521254825 90721064.78924663 76371442 0.000613925774894584
56644 1.1672957099347554 92407728.7108281 79163941 0.0006129790309775529
57600 1.1432883505130684 94111021.04034354 82316085 0.0006120430887186743
58564 1.1247521897650106 95830961.73576902 85201845 0.0006111177320903471
59536 1.1093914443499033 97567570.58944839 87946929 0.0006102027511837896
60516 1.0913403725068636 99320867.23082013 91008149 0.0006092979419859652
61504 1.0704354443786404 101090871.12907697 94439017 0.000608403106166423
62500 1.0603921596000094 102877601.59576121 97018448 0.000607518050873526
63504 1.0472282135111608 104681077.78729731 99960139 0.000606642588539588
64516 1.0283305389557877 106501318.70746402 103567204 0.0006057765366944557
65536 1.0139987144445624 108338343.2098079 106842683 0.0006049197177871095
66564 1 110192170 110192170 0.0006040719590148738
67600 0.9888230390552029 112062817.63813749 113329497 0.0006032330921598584
68644 0.9725004536345502 113950304.54099207 117172495 0.000602402953432268
69696 0.9547054015130492 115854648.98420654 121351203 0.0006015813833202417
70756 0.935227536774094 117775869.10444146 125932850 0.000600768226445902
71824 0.9218702982615387 119713982.90147299 129859898 0.000599963331427312
72900 0.9100663231871469 121669008.24024367 133692463 0.0005991665507460538
73984 0.8945818711593166 123640962.85286759 138210897 0.0005983777406201597
75076 0.8791202004972193 125629864.34059086 142904081 0.0005975967608821418
76176 0.8647824409991305 127635730.1757093 147592879 0.0005968234748618789
77284 0.8501160940048321 129658577.70344415 152518672 0.0005960577492741314
78400 0.8384401014297833 131698424.14377707 157075531 0.0005952994541104727
79524 0.8260954580593048 133755286.59324583 161912628 0.0005945484625354291
80656 0.8145765622063029 135829182.02670154 166748208 0.0005938046507866366
81796 0.8023014354878324 137920127.2990287 171905622 0.0005930678980788328
82944 0.7890043769326279 140028139.146829 177474477 0.0005923380865115089
84100 0.7766873039329609 142153234.19006997 183025052 0.0005916151009800574
85264 0.7659433460613964 144295428.9336992 188389167 0.0005908988290902622
86436 0.7560968630761652 146454739.7692256 193698383 0.0005901891610759785
87616 0.7402573778975916 148631182.97626796 200783116 0.0005894859897198672
88804 0.7298688465658751 150824774.7240724 206646407 0.0005887892102770463
90000 0.7215071813960374 153035531.07299846 212105347 0.0005880987204015367
91204 0.7073960536290659 155263467.97597644 219485912 0.0005874144200753766
92416 0.6989013607888497 157508601.27993447 225365996 0.0005867362115402975
93636 0.6888292172228082 159770946.7271984 231945659 0.0005860639992318453
94864 0.6789293551652881 162050519.95686337 238685393 0.0005853976897158496
96100 0.6656390069586431 164347336.50613913 246901601 0.000584737191627138
97344 0.6585780451194638 166661411.81166866 253062508 0.0005840824156104054
98596 0.6479727289909368 168992761.21082205 260802274 0.0005834332742631468
99856 0.6368994756582791 171341399.94296494 269024244 0.000582789682080568
101124 0.6264017717409287 173707343.1507031 277309789 0.0005821515554023986
102400 0.6184184145212709 176090605.8811035 284743471 0.0005815188123615212
103684 0.6090770267722722 178491203.08689225 293051938 0.0005808913728343522
104976 0.598072568867318 180909149.62763023 302486954 0.0005802691583928989
106276 0.5893767419312963 183344460.270867 311081940 0.0005796520922584264
107584 0.5818278055611277 185797149.69327295 319333569 0.0005790400992566747
108900 0.5713048572070124 188267232.48175138 329539002 0.0005784331057745569
110224 0.562181051963711 190754723.13452974 339311904 0.0005778310397182907
111556 0.554136912992557 193259636.0622313 348757918 0.000577233830472898
112896 0.5455554770524742 195781985.58892736 358867235 0.0005766414088630274
114244 0.5389634419518718 198321785.953171 367968902 0.0005760537071150418
115600 0.531740541179088 200879051.30901197 377776445 0.00057547065882033
116964 0.5242767285269206 203453795.72699374 388065662 0.0005748921988997893
118336 0.516615466038152 206046033.19513333 398838298 0.0005743182635694392
119716 0.5096211429162267 208655777.61988348 409433126 0.000573748790307122
121104 0.5031562750212268 211283042.82707846 419915349 0.0005731837178202503
122500 0.4962268254721953 213927842.56286344 431108984 0.0005726229860145622
123904 0.48959150598162304 216590190.49460784 442389600 0.0005720665359638467
125316 0.48323250467081685 219270100.21180305 453756935 0.0005715143098806063
126736 0.4763547025339076 221967585.22694492 465971227 0.0005709662510876176
128164 0.4691109914419477 224682658.97640127 478954156 0.0005704223039903638
129600 0.4645403574778283 227415334.8212652 489549145 0.0005698824140503006
131044 0.457522363091585 230165626.0481933 503069674 0.0005693465277589335
132496 0.45253215477353137 232933545.8702309 514733690 0.0005688145926126697
133956 0.44639151969332747 235719107.42762318 528054627 0.0005682865570884226
135424 0.4403166967637193 238522323.7886127 541706289 0.0005677623706199415
136900 0.4346873979496676 241343207.95022437 555210961 0.0005672419835748385
138384 0.42921680168597137 244181772.83903763 568900779 0.000566725347232291
139876 0.4239499887830077 247038031.31194583 582705597 0.0005662124137613953
141376 0.4181644007076987 249911996.15690345 597640535 0.0005657031362001495
142884 0.41287236837164226 252803680.0936616 612304672 0.000565197468435043
144400 0.40743678857034654 255713095.7744917 627614155 0.0005646953651812322
145924 0.40216653319785456 258640255.78489766 643117302 0.0005641967819632844
147456 0.3970046954481103 261585172.64431667 658896924 0.0005637016750964677
148996 0.39257937914943614 264547858.80680966 673871000 0.0005632100016685704
150544 0.38751189356187854 267528326.66173998 690374492 0.0005627217195222331
152100 0.3828876776708591 270526588.53444254 706542948 0.0005622367872377733
153664 0.3784390299864338 273542656.68688214 722818301 0.0005617551641164894
155236 0.37331880973675247 276576543.3183016 740858848 0.0005612768101644277
156816 0.3691152440742646 279628260.5658603 757563566 0.0005608016860765955
158404 0.36472173631558347 282697820.50526285 775105491 0.0005603297532216066
160000 0.36059615715051163 285785235.15137833 792535443 0.0005598609736267487
161604 0.35601768386036703 288890516.4588502 811449907 0.0005593953099634511
163216 0.3515260379756582 292013676.3226969 830702835 0.0005589327255331498
164836 0.3475961946186718 295154726.57890385 849131064 0.0005584731842535285
166464 0.34346831101322467 298313679.0050065 868533339 0.0005580166506451295
168100 0.33939113727421183 301490545.32066464 888327691 0.00055756308981832
169744 0.33345770418200654 304685337.1882286 913715093 0.0005571124674606034
171396 0.3309993157680825 307898066.2132969 930207561 0.0005566647498242653
173056 0.32783923011281346 311128743.94526595 949028412 0.000556219903714342
174724 0.32421065973933166 314377381.87787175 969670097 0.0005557778964769042
176400 0.32059577607022105 317643991.44972396 990792815 0.0005553386959876439
178084 0.31685472110886453 320928584.0448318 1012857195 0.0005549022706407564
179776 0.3126056084943267 324231170.9931234 1037189232 0.000554468589338108
181476 0.3092150185955432 327551763.5709566 1059300952 0.0005540376214786809
183184 0.3046521849859272 330890373.0016235 1086125061 0.0005536093369482865
184900 0.3014477602167487 334247010.4558477 1108805752 0.00055318370610954
186624 0.2987278550478982 337621687.05227405 1130198210 0.000552760699792087
188356 0.29521256493697656 341014413.8579523 1155148711 0.0005523402892830761
190096 0.2922196252343842 344425201.8888136 1178651850 0.0005519224463178692
191844 0.2895598918928933 347854062.11014074 1201319906 0.000551507143070983
193600 0.296478918197714 351301005.43703127 1184910575 0.0005510943521472548
195364 0.2934574771003797 354766042.7348556 1208918056 0.0005506840465732252
197136 0.2895423056516861 358249184.8197072 1237294785 0.0005502761997887331
198916 0.2865702462799415 361750442.45884824 1262344738 0.000549870785638716
200704 0.2834297939322946 365269826.37114775 1288748869 0.0005494677783652085
202500 0.27974563114201806 368807347.2275157 1318366781 0.0005490671525995349
204304 0.2765830643792268 372363015.6513292 1346297238 0.0005486688833546906
206116 0.27422052725252327 375936842.2188549 1370928887 0.0005482729460179052
207936 0.27137155205491326 379528837.4596645 1398557935 0.0005478793163433832
209764 0.26864090629767173 383139011.8570455 1426212475 0.0005474879704452176
211600 0.26565823588423465 386767375.84840614 1455883250 0.0005470988847904711
213444 0.26324504919765435 390413939.8256754 1483081794 0.0005467120361924201
215296 0.260471282362596 394078714.1356977 1512944961 0.0005463274018039568
217156 0.2574522156527994 397761709.08062184 1544992371 0.0005459449591111469
219024 0.2544805782273505 401462934.9182864 1577577895 0.0005455646859269339
220900 0.25118097122676 405182401.8625982 1613109464 0.0005451865603849933
222784 0.24864494161004244 408920120.083908 1644594567 0.0005448105609337248
224676 0.24762931912319083 412676099.70938 1666507428 0.000544436666330384
226576 0.24497991361899435 416450350.82335657 1699936720 0.0005440648556353492
228484 0.24269420997492616 420242883.46771985 1731573586 0.0005436951082065154
230400 0.2401944429332061 424053707.6422468 1765460110 0.0005433274036938197
232324 0.23794385079305327 427882833.3049617 1798251276 0.0005429617220338856
234256 0.23546893591083606 431730270.3724827 1833491406 0.0005425980434447916
236196 0.23333629198183492 435596028.7203651 1866816452 0.0005422363484209545
238144 0.23105367264410895 439480118.18343997 1902069390 0.0005418766177281271
240100 0.22896925187904402 443382548.55614835 1936428341 0.0005415188323985075
242064 0.22686132859219255 447303329.5928723 1971703738 0.0005411629737259555
244036 0.22388273713192278 451242471.0082604 2015530437 0.0005408090232613159
246016 0.22140092443126422 455199982.4775508 2055998563 0.000540456962807842
248004 0.21961063214790716 459175873.6368894 2090863585 0.0005401067744167206
250000 0.21754210482599498 463170154.08364445 2129105786 0.0005397584403826941
252004 0.215422043796788 467182833.3767178 2168686292 0.0005394119432397764
254016 0.21352056320894058 471213921.0368513 2206878410 0.000539067265757063
256036 0.21168850255595426 475263426.54693085 2245107414 0.0005387243909346287
258064 0.20987291227102733 479331359.3522862 2283912460 0.000538383301999515
260100 0.20802832046060798 483417728.86098695 2323807296 0.0005380439824018021
262144 0.20627077930758664 487522544.44413555 2363507551 0.000537706415810764
