4 0.0016267079213840364 0.8182340844561703 503 4.888576601717286
16 0.031096782307122862 13.091745351298725 421 1.2221441504293216
36 0.07315337841164436 66.2769608409498 906 0.5431751779685874
64 0.15643609082955906 209.4679256207796 1339 0.3055360376073304
100 0.22176769418261338 511.39630278510646 2306 0.19554306406869143
144 0.3090735568216837 1060.4313734551968 3431 0.13579379449214685
196 0.36604807840120457 1964.580036779265 5367 0.09976686942280176
256 0.47437888321761834 3351.4868099324735 7065 0.0763840094018326
324 0.5474641880600585 5368.433828116933 9806 0.06035279755206527
400 0.6135068489586641 8182.340844561703 13337 0.04888576601717286
484 0.673474546352754 11979.76523052279 17788 0.04040145951832468
576 0.7243383698464458 16966.90197528315 23424 0.03394844862303671
676 0.7727525853499332 23369.58368615268 30242 0.028926488767557906
784 0.8176168705545126 31433.28058846824 38445 0.02494171735570044
900 0.8582608264046415 41423.10052559362 48264 0.021727007118743497
1024 0.893968207503994 53623.78895891958 59984 0.01909600235045815
1156 0.92179083557506 68339.7289678638 74138 0.01691548997134009
1296 0.9459691110215849 85894.94124987093 90801 0.015088199388016317
1444 0.969329989186257 106633.08412041258 110007 0.013541763439660072
1600 0.989086395740373 130917.45351298725 132362 0.012221441504293214
1764 1.0113314626123018 159130.98297912045 157348 0.01108520771364464
1936 1.0323212262736752 191676.24368836463 185675 0.01010036487958117
2116 1.0486096163156384 228975.44442829915 218361 0.009241165598709427
2304 1.0649908655985405 271470.4316045304 254904 0.008487112155759178
2500 1.07954014462883 319622.68924069154 296073 0.007821722562747657
2704 1.0910233456615728 373913.3389784429 342718 0.007231622191889477
2916 1.1050792006949812 434843.1400774716 393495 0.006705866394673918
3136 1.1062846489890144 502932.4894154918 454614 0.00623542933892511
3364 1.1191824710221268 578721.4214882446 517093 0.005812814032957535
3600 1.1249914847912066 662769.6084094979 589133 0.005431751779685874
3844 1.1343807006200601 755656.3599110468 666140 0.005086968368072099
4096 1.1401432830259837 857980.6233427132 752520 0.004774000587614537
4356 1.1460505299071053 970360.983672346 846700 0.004489051057591631
4624 1.15262284666191 1093435.6634858209 948650 0.004228872492835023
4900 1.1587730003850807 1227862.5229870405 1059623 0.003990674776912071
5184 1.1638378254309263 1374319.0599979348 1180851 0.0037720498470040793
5476 1.1672586628636958 1533502.4099584606 1313764 0.003570910592927163
5776 1.1749935062953811 1706129.3459266012 1452033 0.003385440859915018
6084 1.1789463356319516 1892936.278578367 1605617 0.003214054307506434
6400 1.1839650511261803 2094679.256207796 1769207 0.0030553603760733036
6724 1.1875733020673223 2312133.9647269524 1946940 0.002908135991503442
7056 1.191485331226518 2546095.7276659273 2136909 0.00277130192841116
7396 1.1957996262929254 2797379.5061728396 2339338 0.0026439029755096193
7744 1.1998686596847583 3066819.899013834 2555963 0.0025250912198952927
8100 1.2033954682006776 3355271.1425730833 2788170 0.0024141119020826105
8464 1.206877538487442 3663607.1108527863 3035608 0.0023102913996773567
8836 1.2104331019939645 3992721.3154731696 3298589 0.0022130269813115827
9216 1.210948148453346 4343526.905672486 3586881 0.0021217780389397945
9604 1.2064586846914191 4716956.668307015 3909754 0.002036058559649016
10000 1.2062129681452902 5113963.027851065 4239685 0.0019554306406869143
10404 1.2001385930395372 5535518.046396968 4612399 0.0018794988857044545
10816 1.1962159749550387 5982613.423655086 5001282 0.0018079055479723691
11236 1.1980838292587521 6456260.496953807 5388822 0.0017403263089061183
11664 1.1888579277736475 6957490.241239546 5852247 0.0016764665986684795
12100 1.1750570816764627 7487353.269076743 6371906 0.0016160583807329873
12544 1.1792126249323334 8046919.830647869 6823977 0.0015588573347312775
12996 1.177539086262737 8637279.813753419 7335026 0.0015046403821844525
13456 1.1840432629102142 9259542.743811913 7820274 0.0014532035082393837
13924 1.18082717181488 9914837.783859905 8396519 0.001404359839620019
14400 1.1710336257538463 10604313.734551966 9055516 0.0013579379449214686
14884 1.1699328000830174 11329139.034160705 9683581 0.0013137803283303645
15376 1.167640844195057 12090501.758576749 10354641 0.0012717420920180247
15876 1.1594903036876019 12889609.621308757 11116617 0.0012316897459605156
16384 1.165412213476912 13727689.973483412 11779257 0.0011935001469036343
16900 1.163124901660327 14605989.803845424 12557542 0.0011570595507023164
17424 1.1610171197354178 15525775.738757536 13372564 0.0011222627643979078
17956 1.1531459897587288 16488334.042200508 14298566 0.0010890123862145882
18496 1.1546458198532448 17494970.615773134 15151807 0.0010572181232087557
19044 1.1609094533533835 18547010.998692233 15976277 0.0010267961776343805
19600 1.150776803779704 19645800.367792647 17071773 0.0009976686942280177
20164 1.1600490190897403 20792703.53752726 17923987 0.0009697632615983507
20736 1.157262719643719 21989104.959966958 19000962 0.0009430124617510198
21316 1.1566310951684513 23236408.72480068 20089732 0.0009173534625102807
21904 1.147161877973202 24536038.55933537 21388471 0.0008927276482317908
22500 1.14568879223839 25889437.828496013 22597269 0.0008690802847497398
23104 1.1457632025525892 27298069.53482562 23825228 0.0008463602149787545
23716 1.144851275511169 28763416.318485215 25124151 0.0008245195820066262
24336 1.146424576147929 30286980.457253873 26418642 0.0008035135768766085
24964 1.1396825662422048 31870283.866528675 27964176 0.0007833002085751139
25600 1.1421851479809428 33514868.099324737 29342763 0.0007638400940183259
26244 1.144555232168733 35222294.3462752 30773783 0.0007450962660748797
26896 1.147216778525541 36994143.43563124 32246864 0.0007270339978758605
27556 1.1466317273643833 38832015.83326204 33866162 0.0007096206418518343
28224 1.1431015448170192 40737531.642654836 35637719 0.00069282548210279
28900 1.1408707396382782 42712330.604914874 37438361 0.0006766195988536037
29584 1.141348163612968 44758072.09876543 39215091 0.0006609757438774048
30276 1.142210715710052 46876435.14054781 41040094 0.0006458682258841705
30976 1.1343242867913976 49069118.384221345 43258457 0.0006312728049738232
31684 1.1425265752950435 51337840.121363394 44933607 0.0006171665953436796
32400 1.141817946336029 53684338.28116933 47016548 0.0006035279755206526
33124 1.1379478215014498 56110370.430452585 49308386 0.0005903365054603654
33856 1.1420260603998822 58617713.77364458 51327825 0.0005775728499193392
34596 1.1362531680024857 61208165.15279479 53868422 0.0005652187075635665
35344 1.130315960075 63883541.04757071 56518304 0.0005532567453278957
36100 1.1288944421211455 66645677.57525785 59036235 0.000541670537586403
36864 1.1159540910924446 69496430.49075978 62275349 0.0005304445097349486
37636 1.1051697037904895 72437675.18659803 65544391 0.0005195638858239225
38416 1.1159182845673101 75471306.69291224 67631571 0.000509014639912254
39204 1.109728403593375 78599239.67746001 70827456 0.0004987834508435146
40000 1.1175240125599581 81823408.44561704 73218479 0.0004888576601717286
40804 1.1100368451523037 85145766.94037695 76705352 0.0004792252329886566
41616 1.1089503304027342 88568288.74235149 79866777 0.0004698747214261136
42436 1.0984511392049194 92092967.06977037 83838929 0.00046079523062657053
43264 1.0890310088701598 95721814.77848138 87896317 0.0004519763869930923
44100 1.094097885838895 99456864.36195028 90903077 0.0004434083085457856
44944 1.0931139041911337 103300167.95126091 94500827 0.00043508157722652957
45796 1.084215702693683 107253797.31511511 98922933 0.0004269872130070125
46656 1.081952126426543 111319843.85983273 102887957 0.0004191166496671199
47524 1.084303082110029 115500418.62935169 106520419 0.0004114617121216468
48400 1.0765699627753624 119797652.30522789 111277164 0.00040401459518324683
49284 1.0736701589654911 124213695.20663531 115690740 0.0003967678436585737
50176 1.0683716656896554 128750717.2903659 120511168 0.0003897143336828194
51076 1.0656154679859948 133410908.15082969 125196107 0.0003828472552053635
51984 1.0592244504242436 138196477.0200547 130469493 0.0003761600955461131
52900 1.06135527014629 143109652.76768696 134836710 0.0003696466239483771
53824 1.0518430217229913 148152683.9009906 140850565 0.0003633008770598459
54756 1.057813445431319 153327838.56484774 144947901 0.0003571171452784927
55696 1.049711970585764 158637404.54175848 151124698 0.0003510899599050047
56644 1.0411318166393182 164083689.25184098 157601263 0.000345214081047757
57600 1.0386529185341156 169669019.75283146 163354877 0.00033948448623036714
58564 1.0359337384165912 175395742.74008417 169311739 0.00033389635965557586
59536 1.0319005580011396 181266224.54657128 175662493 0.0003284450820825911
60516 1.0261800256018545 187282851.14288312 182504869 0.00032312622127816026
61504 1.0195786453942322 193448028.13722798 189733307 0.00031793552300450617
62500 1.019794054692582 199764180.7754322 195886787 0.00031286890250990633
63504 1.011038274761826 206233753.9409401 203982143 0.0003079224364901289
64516 1.0096632049476189 212859212.1548141 210821996 0.00030309235549118275
65536 1.0026601239193642 219643039.5757346 219060312 0.0002983750367259086
66564 1 226587740 226587740 0.0002937669972788466
67600 0.9945575617678777 233695836.8615268 234974672 0.0002892648876755791
68644 0.9920165463023112 240969873.2318495 242909127 0.00028486548579437595
69696 0.9860500569424211 248412411.82012057 251926776 0.00028056569109947694
70756 0.9777742807052702 256026034.9731106 261845745 0.00027636251917673616
71824 0.972046916920818 263813344.67520812 271399806 0.00027225309655364705
72900 0.9667308461817664 271776962.5484198 281129917 0.0002682346557869567
73984 0.9617275721301276 279919529.85237014 291059067 0.0002643045308021889
75076 0.9583596476020911 288243707.48430187 300767784 0.00026046015247041857
76176 0.9510671022166599 296752175.97907573 312020230 0.0002566990444085951
77284 0.9452961721842973 305447635.5091703 323123741 0.000253018818990595
78400 0.9418949237020753 314332805.88468236 333723856 0.0002494171735570044
79524 0.9345827406480823 323410426.5533267 346047934 0.0002458918868123981
80656 0.9315111887626426 332683256.60043615 357143597 0.00024244081539958768
81796 0.9269013948085596 342154074.7489614 369137512 0.00023906189064097443
82944 0.9172537849338264 351825679.3594713 383564162 0.00023575311543775495
84100 0.9153250801939409 361700888.4301529 395161125 0.00023251256131830134
85264 0.9106244107971995 371782539.5968109 408272099 0.00022933836562757018
86436 0.9055098006738144 382073490.13286823 421942965 0.0002262287288498906
87616 0.8993751413747774 392576616.9493659 436499297 0.0002231819120579477
88804 0.8952660864123062 403294816.5949629 450474806 0.00022019623448120743
90000 0.8899554624508633 414231005.2559362 465451388 0.00021727007118743495
91204 0.8847220751123585 425388118.7561809 480815536 0.00021440185087133397
92416 0.8810329486260123 436769112.5572099 495746627 0.00021159005374468863
93636 0.8762377095570195 448376961.7581544 511706991 0.00020883320952271717
94864 0.8698041594103965 460214661.09576344 529101472 0.00020612989550165654
96100 0.8671398332271483 472285224.9444043 544647134 0.00020347873472288392
97344 0.8591105821560312 484591687.316062 564062063 0.00020087839421915212
98596 0.8576847567843455 497137101.86033976 579626836 0.00019832758333876774
99856 0.8538375840073982 509924541.8644588 597214917 0.00019582505214377847
101124 0.848235302655595 522957100.25325835 616523621 0.0001933695898784576
102400 0.8454592367726327 536237889.5891958 634256350 0.00019096002350458147
103684 0.8391458908470305 549770042.0723462 655154304 0.0001885952163001924
104976 0.8379474530968133 563556709.5404032 672544212 0.00018627406651871992
106276 0.832691462367845 577601063.4686779 693655561 0.00018399550610550966
107584 0.8281184727490603 591906294.9700998 714760405 0.00018175849946896512
108900 0.8252959911021543 606475614.7952162 734858307 0.00017956204230366524
110224 0.8225761480279327 621312253.3321927 755324908 0.00017740516046295857
111556 0.8164602285689193 636419460.6068126 779486175 0.0001752869088786721
112896 0.8147857796561844 651800506.2824774 799965491 0.0001732063705256975
114244 0.8123345726985993 667458679.6602067 821654897 0.00017116265542933674
115600 0.809227821872783 683397289.678638 844505430 0.00016915489971340092
116964 0.8053318034047984 699619664.9140269 868734678 0.0001671822646871614
118336 0.8019813528372561 716129153.5802469 892949881 0.0001652439359693512
119716 0.7997230446538021 732929123.5287898 916478684 0.00016333912264750863
121104 0.796316400515577 750022962.248765 941865522 0.00016146705647104262
122500 0.7929491323130912 767414076.8669003 967797360 0.00015962699107648282
123904 0.789728751452323 785105894.1475415 994146272 0.0001578182012434558
125316 0.7876650588888381 803101860.4926522 1019598180 0.00015603998218000214
126736 0.7843736609037356 821405441.9418143 1047211913 0.0001542916488359199
128164 0.7824317259024944 840020124.1722274 1073601819 0.00015257253524288524
129600 0.7790177741746627 858949412.4987093 1102605667 0.00015088199388016315
131044 0.7767361664637757 878196831.8736961 1130624361 0.00014921939506478088
132496 0.7740575000693396 897765926.8872414 1159818136 0.00014758412636509135
133956 0.7713859962887246 917660261.7670171 1189625254 0.00014597559203670716
135424 0.7689697042302343 937883420.3783133 1219662381 0.0001443932124798348
136900 0.7666714453887493 958439006.2240379 1250130042 0.0001428364237170865
138384 0.7650242907256543 979330642.4447167 1280130127 0.00014130467689089162
139876 0.763135826548518 1000561971.8184938 1311119118 0.00013979743777967017
141376 0.7607833384152112 1022136656.7611314 1343531864 0.00013831418633197392
142884 0.7585897971254855 1044058379.3260093 1376314819 0.00013685441621783507
144400 0.756518111218668 1066330841.2041256 1409524538 0.00013541763439660074
145924 0.7538819311789084 1088957763.7240968 1444467255 0.00013400336070056428
147456 0.7519707613748 1111942887.8521564 1478704951 0.00013261112743373715
148996 0.7505841024224421 1135289974.1921568 1512541993 0.0001312404789851348
150544 0.7486193067857847 1159002802.9855685 1548187166 0.00012989097145598062
152100 0.7471212323496496 1183085174.1114795 1583525033 0.00012856217230025735
153664 0.7451941538189436 1207540907.0865958 1620437977 0.0001272536599780635
155236 0.7434734210342727 1232373841.065242 1657589641 0.00012596502362125504
156816 0.742036433710788 1257587834.8393602 1694779094 0.00012469586271087864
158404 0.7401823232523701 1283186766.838511 1733609040 0.00012344578676592224
160000 0.7386527556241492 1309174535.1298726 1772381576 0.00012221441504293214
161604 0.7373250785925028 1335555057.418241 1811351731 0.00012100137624606535
163216 0.7355914020938815 1362332271.0460312 1852023103 0.00011980630824716415
164836 0.734227714130761 1389510132.9932752 1892478459 0.00011862885781545989
166464 0.7328602165710205 1417092619.8776238 1933646537 0.0001174686803565284
168100 0.731329595356257 1445083727.9543452 1975967795 0.00011632543966013768
169744 0.7297534797877729 1473487473.1163259 2019157858 0.00011519880765664263
171396 0.7288543577454865 1502307890.8940706 2061190792 0.00011408846418159786
173056 0.7271254546086829 1531549036.455702 2106306452 0.00011299409674827307
174724 0.7263421513145647 1561214984.6069605 2149420878 0.00011191540032776919
176400 0.7248589007031024 1591309829.7912045 2195337366 0.0001108520771364464
178084 0.7232426195521038 1621837686.089411 2242453144 0.0001098038364303876
179776 0.7223530535630188 1652802687.2201746 2288081540 0.00010877039430663239
181476 0.7210438756614891 1684208986.539708 2335792652 0.00010775147351092786
183184 0.7202939091340538 1716060757.0418417 2382445187 0.00010674680325175313
184900 0.7181151834839619 1748362191.3580246 2434654261 0.00010575611902038478
186624 0.7182833303063474 1781117501.7573237 2479686534 0.00010477916241677997
188356 0.7167741760144811 1814330920.1464236 2531244820 0.00010381568098106323
190096 0.7153491312456262 1848006698.069627 2583363308 0.0001028654280304117
191844 0.7146844880264269 1882149106.708855 2633538489 0.00010192816250114231
193600 0.7157307287335568 1916762436.8836462 2678049663 0.00010100364879581171
195364 0.7150787069517061 1951850999.051158 2729561068 0.00010009165663514846
197136 0.7138743541969329 1987419123.306165 2783990084 0.00009919196091464342
198916 0.7131010485319291 2023471159.3810601 2837565817 0.00009830434156563145
200704 0.7116593843344786 2060011476.6458545 2894659330 0.00009742858342070484
202500 0.7108880310852213 2097044464.1081772 2949894178 0.00009656447608330442
204304 0.7092769754551029 2134574530.413275 3009507716 0.00009571181380134087
206116 0.7089636046894088 2172606103.844013 3064481857 0.00009487039534470466
207936 0.7088593252914484 2211143632.320875 3119298221 0.00009404002388652828
209764 0.7067907037254368 2250191583.4019613 3183674561 0.00009322050688807014
211600 0.7062446797634341 2289754444.2829914 3242154610 0.00009241165598709427
213444 0.7054585799499226 2329836721.7973027 3302584713 0.00009161328688962513
215296 0.7052072045789762 2370442942.4158497 3361342492 0.00009082521926496148
217156 0.7039995188585212 2411577652.247206 3425538779 0.00009004727664383737
219024 0.703369778477478 2453245417.037564 3487845927 0.00008927928631962317
220900 0.7028569450174367 2495450822.170731 3550439161 0.0000885210792524633
222784 0.7024621015256765 2538198472.6681356 3613288841 0.00008777248997625118
224676 0.7016164236605557 2581492993.1888227 3679350862 0.00008703335650834599
226576 0.7011241557738481 2625339028.0294557 3744470942 0.00008630352026193925
228484 0.7004401488572958 2669741241.124316 3811519436 0.00008558282596098259
230400 0.6995945678611272 2714704316.0453033 3880396505 0.00008487112155759179
232324 0.6991520803962341 2760232956.001935 3947972170 0.00008416825815184461
234256 0.6984876585244562 2806331883.8413467 4017725796 0.00008347408991389396
236196 0.6981305797735685 2853005842.048291 4086636404 0.00008278847400831998
238144 0.6970113057347579 2900259592.7451406 4160993615 0.00008211127052064778
240100 0.696659559359274 2948097917.6918845 4231762671 0.00008144234238596062
242064 0.6961229877896402 2996525618.28613 4304592250 0.00008078155531954007
244036 0.6953058858452076 3045547515.563103 4380154947 0.00008012877774946789
246016 0.6947231325753743 3095168450.1956477 4455254626 0.00007948388075112654
248004 0.6944286210302669 3145393282.4942255 4529469534 0.00007884673798353714
250000 0.6940208936771263 3196226892.406915 4605375604 0.00007821722562747658
252004 0.6932451634310494 3247674179.5194154 4684741201 0.00007759522232531684
254016 0.6928629770350565 3299740063.055042 4762471329 0.00007698060912253222
256036 0.6918501891190403 3352429481.8747277 4845600297 0.0000763732694108217
258064 0.6920254565740068 3405747394.4770255 4921419237 0.00007577308887279569
260100 0.6913467887650521 3459698778.998105 5004288492 0.00007517995542817818
262144 0.6908498133241028 3514288633.2117534 5086906829 0.00007459375918147715
