4 3.3790136837556943 1699.6438829291142 503 0.0023534341753441448
16 32.297270934519986 13597.151063432913 421 0.0011767170876720724
36 43.64419571475357 39541.64131756673 906 0.0009104326173735907
64 60.9282347876008 81582.90638059747 1339 0.0007844780584480483
100 61.21091463579437 141152.3691501418 2306 0.000708454279599313
144 63.9328898442772 219353.74505571506 3431 0.0006564738612665333
196 59.08072063859659 317086.2276673479 5367 0.0006181283918947805
256 61.58652994053124 435108.8340298532 7065 0.0005883585438360362
324 58.543584458387 574078.3891989429 9806 0.0005643828544950158
400 55.077893446313155 734573.8648934786 13337 0.0005445333942802396
484 51.55795627990021 917112.926306865 17788 0.0005277430795235069
576 47.90657869555382 1122163.6993646526 23424 0.000513294094547988
676 44.64497853212847 1350153.440768629 30242 0.0005006838331020805
784 41.65626509880342 1601475.1117234977 38445 0.0004895486631423601
900 38.87975471638061 1876492.4816313938 48264 0.00047961822858866656
1024 36.26874116679892 2175544.1701492663 59984 0.0004706868350688289
1156 33.70669431671653 2498946.90325273 74138 0.0004625948628581519
1296 31.354260138817907 2846998.174864805 90801 0.00045521630868679535
1444 29.270668689783406 3219978.4505570033 110007 0.0004484502061652654
1600 27.33528514789411 3618153.01274556 132362 0.0004422145758799386
1764 25.686843945872592 4041773.5211951607 157348 0.0004364420694899257
1936 24.18785159318783 4491079.34456515 185675 0.0004310767749723321
2116 22.74352428191533 4966298.705723314 218361 0.00042607183445519644
2304 21.44983866093031 5467649.67402578 254904 0.0004213876413745408
2500 20.249536535504397 5995341.030676394 296073 0.00041699045762505195
2704 19.110677081258054 6549573.027934598 342718 0.0004128513398456913
2916 18.12103853634244 7130538.058858068 393495 0.00040894529640403995
3136 17.02195984089891 7738421.251110417 454614 0.00040525061872924054
3364 16.193220553940765 8373400.995898893 517093 0.0004017483459406295
3600 15.337197918232006 9035649.421161776 589133 0.00039842183247710855
3844 14.599532855820904 9725332.816576537 666140 0.00039525639610482204
4096 13.876856451279005 10442612.016716477 752520 0.00039223902922402414
4356 13.213231070836839 11187642.747677552 846700 0.00038935816044932827
4624 12.60799656530541 11960575.941676976 948650 0.0003866034564345298
4900 12.043489074371243 12761558.02345248 1059623 0.00038396565615225455
5184 11.509268461249855 13590731.171735352 1180851 0.00038143643152777285
5476 10.997586749681687 14448233.558608811 1313764 0.0003790082696121139
5776 10.560503493500253 15334199.569177654 1452033 0.00037667437246675646
6084 10.119947661024552 16248760.003651258 1605617 0.0003744285716961088
6400 9.717371830243053 17192042.26366882 1769207 0.0003722652551596407
6724 9.329599537974383 18164170.524463847 1946940 0.0003701793038632835
7056 8.968686029338452 19165265.8942676 2136909 0.000368166037399485
7396 8.63297503917027 20195446.5621825 2339338 0.0003662211665994833
7744 8.3157807588026 21254827.93561137 2555963 0.0003643407522968147
8100 8.013687389292475 22343522.7682036 2788170 0.000362521169290586
8464 7.728811255989331 23461641.279171262 3035608 0.0003607590747504164
8836 7.460550940033513 24609291.264734205 3298589 0.0003590513804297254
9216 7.189136802244569 25786578.202371802 3586881 0.0003573952281560308
9604 6.90416976323505 26993605.348487288 3909754 0.00035578796815069404
10000 6.65862530589616 28230473.83002836 4239685 0.00035422713979965653
10404 6.395214882873907 29497282.730552725 4612399 0.0003527104545539625
10816 6.157247116075181 30794129.171178713 5001282 0.0003512357806865039
11236 5.960692037483982 32121108.386818506 5388822 0.0003498011296711947
11664 5.72059138960703 33478313.79805357 5852247 0.00034840464398413476
12100 5.471806564468812 34865837.07897821 6371906 0.0003470445861543791
12544 5.3171000167948055 36283768.22130737 6823977 0.0003457193289156122
12996 5.1441120447313935 37732195.59501793 7335026 0.0003444273463300916
13456 5.01404503291945 39211206.00576912 7820274 0.00034316720577327376
13924 4.849734127836325 40720884.74932613 8396519 0.00034193756068206306
14400 4.666914139756577 42261315.66319192 9055516 0.0003407371439820526
14884 4.526484693589601 43832581.17563508 9683581 0.00033956476211976925
15376 4.387864567423019 45434762.35228566 10354641 0.0003384192896350978
15876 4.234016422483362 47067938.940457724 11116617 0.0003372996642169437
16384 4.137119124860215 48732189.41134356 11779257 0.0003362048821920207
16900 4.015721468438185 50427591.00021419 12557542 0.0003351339944025527
17424 3.9000912423937124 52154219.744749434 13372564 0.0003340861024338139
17956 3.770458556586177 53912150.52161218 14298566 0.0003330603551568925
18496 3.676225355917755 55701457.08137213 15151807 0.00033205594555596457
19044 3.600476636820776 57522212.08187712 15976277 0.0003310721078127658
19600 3.4779332597828336 59374487.12016256 17071773 0.0003301081146239354
20164 3.417674469579974 61258352.762983344 17923987 0.0003291632747295243
20736 3.324772639198265 63173878.57604594 19000962 0.00032823693063326666
21316 3.2415132841002583 65121133.152014054 20089732 0.0003273284564972399
21904 3.1372127599656414 67100184.13735508 21388471 0.000326437256195336
22500 3.058382774400326 69111098.25809048 22597269 0.00032556276151154983
23104 2.986495715571292 71153941.34450918 23825228 0.00032470443047049696
23716 2.914676732953036 73228778.35489875 25124151 0.00032386174578881915
24336 2.851610366586813 75335673.39834577 26418642 0.00032303421343724757
24964 2.7704978597135663 77474689.75665347 27964176 0.00032222136130407816
25600 2.7143282282388204 79645889.90542161 29342763 0.00032142273795169647
26244 2.659709907434222 81849335.53433083 30773783 0.0003206379114585754
26896 2.607543095250154 84085087.56667076 32246864 0.0003198664683398737
27556 2.549837391616723 86353206.17814939 33866162 0.0003191080125403926
28224 2.4876381907332012 88653750.81501824 35637719 0.0003183621644942152
28900 2.4303088538396853 90986780.21154638 37438361 0.0003176285602458602
29584 2.380521121495644 93352352.40687373 39215091 0.00031690685062824047
30276 2.333097111358303 95750524.76127322 41040094 0.0003161967004931265
30976 2.2696453082422363 98181353.97184852 43258457 0.00031549778799018935
31684 2.239857932787235 100644896.08769403 44933607 0.00031480980389102947
32400 2.1937213792161057 103141206.52454023 47016548 0.00031413245095490635
33124 2.143050070203243 105670340.0789086 49308386 0.00031346544333315173
33856 2.1086486899025445 108232350.94179706 51327825 0.00031280850600950516
34596 2.0573703219284307 110827292.71191657 53868422 0.00031216137427383093
35344 2.0074066342914056 113455218.40849848 56518304 0.0003115237932268836
36100 1.966862901804138 116116180.483691 59036235 0.00031089551731397497
36864 1.9078211963864213 118810230.83456193 62275349 0.0003102763098855646
37636 1.8542764523469937 121537420.81472422 65544391 0.0003096659427829524
38416 1.8378665378865786 124297801.24560033 67631571 0.0003090641959473904
39204 1.7943807331910935 127091422.42733991 70827456 0.0003084708570510612
40000 1.774392693262647 129918334.14940457 73218479 0.0003078857211484906
40804 1.731021137884017 132778585.70083407 76705352 0.0003073085903470629
41616 1.6987317001687126 135672225.88020542 79866777 0.0003067392734954146
42436 1.6531616596068175 138599303.00529814 83838929 0.0003061775858885656
43264 1.610532383540896 141559864.92247617 87896317 0.00030562334898873416
44100 1.5901987455913957 144553959.01579806 90903077 0.00030507639016085603
44944 1.5616967269065862 147581632.21586555 94500827 0.00030453654242189874
45796 1.5228312226490541 150642931.00842047 98922933 0.00030400364420312656
46656 1.4942263985541036 153737901.44269946 102887957 0.00030347753912453025
47524 1.4726433730940875 156866589.13955554 106520419 0.00030295807578069106
48400 1.4381121296311534 160029039.29935512 111277164 0.0003024451075373983
49284 1.4108760710637565 163225296.70965856 115690740 0.00030193849233838585
50176 1.3812446474063902 166455405.75269225 120511168 0.0003014380925215969
51076 1.3556284973990425 169719410.41261974 125196107 0.0003009437746444243
51984 1.3261134867950968 173017354.28261846 130469493 0.00030045540931741306
52900 1.3078729121451445 176349280.5717703 134836710 0.0002999728710459403
53824 1.2759283721138828 179715232.11177063 140850565 0.0002994960380794275
54756 1.263317716918603 183115251.3634637 144947901 0.0002990247922676596
55696 1.2344069691587374 186549380.4232095 151124698 0.00029855901892382057
56644 1.2056861563925925 190017661.0290881 157601263 0.00029809860669387396
57600 1.1846608936380083 193520134.56694692 163354877 0.00029764344743194506
58564 1.1638699315249261 197056842.07629615 169311739 0.00029719343608137843
59536 1.1421210118887315 200627824.25605723 175662493 0.0002967484705611691
60516 1.119055741302824 204233121.47016975 182504869 0.0002963084516574798
61504 1.095605073457454 207872773.7530607 189733307 0.00029587328291997845
62500 1.079944308928713 211546820.814981 195886787 0.00029544287056274194
63504 1.0552654211854884 215255302.04721352 203982143 0.0002950171233694917
64516 1.038782767843428 218998256.5271561 210821996 0.0002945959526029374
65536 1.0169606762145251 222775723.02328485 219060312 0.0002941792719180181
66564 1 226587740 226587740 0.0002937669972788466
67600 0.9806773796554498 230434345.62235877 234974672 0.0002933590468791682
68644 0.964622369914897 234315577.7606987 242909127 0.00029295534106616074
69696 0.9456377673612377 238231473.99515465 251926776 0.00029255580226740963
70756 0.924903597803633 242182071.62007263 261845745 0.00029216035492090313
71824 0.9070286794837426 246167407.64832392 271399806 0.00029176892540790024
72900 0.8899355909372034 250187518.81552196 281129917 0.0002913814419885329
73984 0.8735080621424016 254242441.58414543 291059067 0.0002909978347400108
75076 0.8589091847269447 258332212.1475698 300767784 0.0002906180354973059
76176 0.8411533650687023 262456866.43401048 312020230 0.0002902419777961989
77284 0.8251217916865475 266616440.11037993 323123741 0.0002898695968185766
78400 0.8114821991810525 270810968.5860609 333723856 0.000289500829339877
79524 0.7948045920615121 275040487.01659906 346047934 0.00028913561367858043
80656 0.782052464760599 279305030.30731606 357143597 0.0002887738896476556
81796 0.7682899296261358 283604633.11684686 369137512 0.000288415598507869
82944 0.7506940386693424 287939329.8606019 383564162 0.00028806068292287513
84100 0.7397214356907122 292309154.714157 395161125 0.00028770908691600725
85264 0.7267558629240869 296714141.6165732 408272099 0.00028736075582869186
86436 0.7137323033070312 301154324.273648 421942965 0.0002870156362804166
87616 0.7001837992905167 305629736.1610996 436499297 0.00028667367613018183
88804 0.6884744860241687 310140410.52768713 450474806 0.0002863348244393718
90000 0.6760886066973485 314686380.398267 465451388 0.0002859990314359841
91204 0.664012817124921 319267678.57678884 480815536 0.0002856662484801574
92416 0.6533263566697569 323884337.64923096 495746627 0.00028533642803094475
93636 0.6420400654375231 328536389.98647803 511706991 0.0002850095236142757
94864 0.6297919877023928 333223867.7471419 529101472 0.0002846854897920609
96100 0.6204876180994056 337946802.88032776 544647134 0.0002843642821323879
97344 0.6075665243389112 342705227.12834597 564062063 0.0002840458571807656
98596 0.599522227831032 347499172.0293723 579626836 0.00028373017243237117
99856 0.5899528944955276 352328668.9200563 597214917 0.0002834171863052604
101124 0.579367499916245 357193748.9380806 616523621 0.0002831068581145013
102400 0.5708960470394531 362094443.0246718 634256350 0.00028279914804719286
103684 0.5602203628766267 367030781.92706376 655154304 0.00028249401713833377
104976 0.5531276450876884 372002796.20091504 672544212 0.0002821914272475078
106276 0.54351256936392 377010516.21268135 693655561 0.0002818913410363518
107584 0.5345203364223072 382053972.1419445 714760405 0.0002815937219467759
108900 0.5268133874190498 387133193.98369807 734858307 0.00028129853417990737
110224 0.5193105740272927 392248211.5505921 755324908 0.00028100574267572747
111556 0.5098218123947309 397399054.4751364 779486175 0.00028071531309337725
112896 0.5032538987508204 402585752.2118643 799965491 0.00028042721179210407
114244 0.4963255687131361 407808334.0394583 821654897 0.00028014140581282505
115600 0.4891227627308884 413066829.0628369 844505430 0.0002798578628602845
116964 0.4815754186057776 418361266.21520543 868734678 0.0002795765512857818
118336 0.4744853919299306 423691674.2600699 892949881 0.00027929744007044885
119716 0.4681593683342188 429058081.7932161 916478684 0.00027902049880905623
121104 0.4612765910807538 434460517.2446547 941865522 0.00027874569769432826
122500 0.4545362769748943 439899008.8805315 967797360 0.0002784730075017486
123904 0.4479960317197733 445373584.8050064 994146272 0.00027820239957483716
125316 0.4422176125913629 450884272.96209866 1019598180 0.000277933845810883
126736 0.4358536180417786 456431101.13750225 1047211913 0.0002776673186471141
128164 0.43034027027889116 462014096.96036917 1073601819 0.0002774027910472907
129600 0.42411652860211924 467633287.9050643 1102605667 0.0002771402364887046
131044 0.4186082642640751 473288701.29288906 1130624361 0.0002768796289495721
132496 0.41297885368967746 478980364.2937784 1159818136 0.00027662094289680473
133956 0.4074462124086417 484708303.9279683 1189625254 0.0002763641532741452
135424 0.40213796433198046 490472547.0676364 1219662381 0.00027610923549065624
136900 0.3969771973838506 496273120.4385155 1250130042 0.0002758561654095487
138384 0.3922336019059114 502110050.6214818 1280130127 0.00027560491933733763
139876 0.38744257259325243 507983364.0541161 1311119118 0.000275355474013316
141376 0.3824941564856258 513893087.0322405 1343531864 0.00027510780659933335
142884 0.37770373357538556 519839245.711431 1376314819 0.00027486189466987
144400 0.3730491041004531 525821866.1085051 1409524538 0.00027461771620239655
145924 0.36819178299959904 531840974.1029865 1444467255 0.0002743752495680091
147456 0.3637619493157067 537896595.4385465 1478704951 0.0002741344735223306
148996 0.35965200188952573 543988755.724423 1512541993 0.00027389536719666914
150544 0.3553300870321366 550117480.4368169 1548187166 0.000273657910089426
152100 0.3512939696737131 556282794.9202676 1583525033 0.000273422082057743
153664 0.34711894708266655 562484724.3890063 1620437977 0.00027318786330938333
155236 0.3431025869497997 568723293.9282898 1657589641 0.0002729552343948368
156816 0.3392763874249871 574998528.4957126 1694779094 0.00027272417619964267
158404 0.3353180789380866 581310452.9225005 1733609040 0.000272494669936923
160000 0.33156465846425776 587659091.9147829 1772381576 0.0002722666971401198
161604 0.3279564426324263 594044470.0548476 1811351731 0.00027204023965592887
163216 0.3242219877439487 600466611.8023759 1852023103 0.0002718152796374251
164836 0.32070406857701483 606925541.4956594 1892478459 0.00027159179953737187
166464 0.31723547795064244 613421283.3527997 1933646537 0.0002713697821017091
168100 0.3137469462010582 619953861.4728886 1975967795 0.00027114921036321544
169744 0.3102894096936786 626523299.8371725 2019157858 0.0002709300676353375
171396 0.30716691767086046 633129622.3101996 2061190792 0.0002707123375061815
173056 0.30374158139878776 639772852.6409498 2106306452 0.0002704960038326628
174724 0.30075683226147065 646453014.463949 2149420878 0.0002702810507348078
176400 0.2975260847905443 653170131.3003663 2195337366 0.00027006746259020353
178084 0.2942867405389572 659924226.5590968 2242453144 0.0002698552240285914
179776 0.29138617303727227 666715323.5378284 2288081540 0.00026964431992659876
181476 0.28835754956561666 673543445.4240931 2335792652 0.0002694347354026058
183184 0.28559255801938566 680408615.2963036 2382445187 0.00026922645581174367
184900 0.2823032687370046 687310856.1247764 2434654261 0.0002690194667410182
186624 0.2799749812137902 694250190.7727386 2479686534 0.00026881375400455743
188356 0.27702837610046843 701226641.9973226 2531244820 0.0002686093036389784
190096 0.2741543282964927 708240232.4505454 2583363308 0.00026840610189886934
191844 0.2716083276048435 715290984.6802765 2633538489 0.00026820413525238424
193600 0.2697406740104915 722378921.1311896 2678049663 0.00026800339037694697
195364 0.2672605763241727 729504064.1457044 2729561068 0.0002678038541550603
197136 0.26460813930288146 736666435.9649127 2783990084 0.00026760551367021907
198916 0.2621493585357406 743866058.7294947 2837565817 0.00026740835620292145
200704 0.25947887777198997 751102954.4806204 2894659330 0.00026721236922677883
202500 0.2570862205216505 758377145.1608409 2949894178 0.0002670175404047186
204304 0.2544232229557661 765688652.6149664 3009507716 0.00026682385758527907
206116 0.25225716276477 773037498.5909337 3064481857 0.00026663130879899254
207936 0.2501920782971719 780423704.740661 3119298221 0.0002664398822548557
209764 0.24746476988320937 787847292.6208926 3183674561 0.00026624956633688297
211600 0.24530239281032667 795308283.6940315 3242154610 0.00026606034960074184
213444 0.24308436242948278 802806699.3289614 3302584713 0.00026587222077046756
215296 0.24107705856528325 810342560.8018591 3361342492 0.00026568516873525427
217156 0.23876999855064096 817915889.2969944 3425538779 0.00026549918254632196
219024 0.23668668948848365 825526705.9075214 3487845927 0.0002653142514138554
220900 0.23466816183989753 833175031.636258 3550439161 0.00026513036470401463
222784 0.23271344318096207 840860887.3964578 3613288841 0.0002649475119360136
224676 0.2306342411583171 848584294.0125699 3679350862 0.00026476568277926664
226576 0.2286959320783505 856345272.2209891 3744470942 0.00026458486705059967
228484 0.22671899151527758 864143842.6707996 3811519436 0.00026440505471152475
230400 0.2247141560922792 871980025.9245048 3880396505 0.00026422623586557685
232324 0.2228622200390921 879853842.4587519 3947972170 0.00026404840075571016
234256 0.22096214568672007 887765312.6650454 4017725796 0.00026387153976175346
236196 0.2191813433594744 895714456.8504517 4086636404 0.0002636956433979219
238144 0.21718401392891745 903701295.2382966 4160993615 0.00026352070231038443
240100 0.21544824671214466 911725847.9688523 4231762671 0.0002633467072748854
242064 0.21367601893071692 919788135.1000173 4304592250 0.0002631736491944181
244036 0.211839121637353 927888176.6079865 4380154947 0.0002630015190969506
246016 0.21009483653873548 936025992.3879151 4455254626 0.0002628303081331999
248004 0.2084574352839821 944201602.2545736 4529469534 0.0002626600075744562
250000 0.20680507038682652 952415025.9429938 4605375604 0.0002624906088104532
252004 0.2050628288504061 960666283.1091089 4684741201 0.0002623221033472852
254016 0.20345642553901547 968955393.3303845 4762471329 0.00026215448280536915
256036 0.20168447998310884 977282376.1064428 4845600297 0.0002619877389174501
258064 0.20027703461014434 985647250.8596792 4921419237 0.0002618218635266493
260100 0.19863963449049518 994050036.9358714 5004288492 0.0002616568485845544
262144 0.19707275704160176 1002490753.6047819 5086906829 0.0002614926861493494
