4 0.0000130262364320423 0.011593350424517647 890 345.02536829567316
16 0.00017974186704678523 0.18549360679228236 1032 86.25634207391829
36 0.00043414765806099373 0.9390613843859295 2163 38.336152032852574
64 0.0009265993470735304 2.9678977086765177 3203 21.564085518479573
100 0.0013614889168214073 7.24584401532353 5322 13.801014731826925
144 0.0022458867190096967 15.024982150174871 6690 9.584038008213144
196 0.0030771207571597247 27.83563436926687 9046 7.041334046850473
256 0.004172791154553979 47.48636333882428 11380 5.391021379619893
324 0.00506148337338703 76.06397213526029 15028 4.259572448094731
400 0.006380490052018519 115.93350424517648 18170 3.450253682956731
484 0.007435202749369787 169.73824356536286 22829 2.8514493247576294
576 0.009209305639089716 240.39971440279794 26104 2.396009502053286
676 0.010329995678375508 331.1176814746485 32054 2.0415702266016162
784 0.012395840404917195 445.3701499082699 35929 1.7603335117126182
900 0.014260699903810035 586.9133652412058 41156 1.533446081314103
1024 0.016656037649535 759.7818134211885 45616 1.3477553449049733
1156 0.01835756684499561 968.2882208061384 52746 1.1938594058673813
1296 0.02054464286714887 1217.0235541641646 59238 1.0648931120236826
1444 0.022174137323493666 1510.8570206735644 68136 0.955748942647294
1600 0.025146220046129975 1854.9360679228237 73766 0.8625634207391828
1764 0.02806360787521616 2254.6863839106168 80342 0.7823704496500524
1936 0.030204213947014467 2715.811897045806 89915 0.7128623311894073
2116 0.033321297154466155 3244.294776147443 97364 0.6522218682337867
2304 0.036664462485651875 3846.395430444767 104908 0.5990023755133215
2500 0.03945781644980662 4528.652509577206 114772 0.5520405892730771
2704 0.041148605076461175 5297.882903594376 128750 0.5103925566504041
2916 0.04490526327917614 6161.181742956083 137204 0.4732858275660811
3136 0.04884214479072441 7125.922398532319 145897 0.44008337792815455
3364 0.05261988372972641 8199.756481603266 155830 0.41025608596393953
3600 0.05660099116901008 9390.613843859293 165909 0.3833615203285258
3844 0.05965900079347484 10706.702577400962 179465 0.35902743839300016
4096 0.06531543635686125 12156.509014739016 186120 0.3369388362262433
4356 0.06741225945837183 13748.797728794392 203951 0.3168277027508477
4624 0.07268885375017929 15492.611532898214 213136 0.2984648514668453
4900 0.07641442210564323 17397.271480791795 227670 0.2816533618740189
5184 0.08090869638064675 19472.376866626633 240671 0.26622327800592066
5476 0.08296507029628516 21727.805224964417 261891 0.2520272960523544
5776 0.08740951171287305 24173.71233077703 276557 0.2389372356618235
6084 0.09443284098996374 26820.53219944653 284017 0.2268411362890685
6400 0.09875742731617168 29678.97708676518 300524 0.2156408551847957
6724 0.10440314830882202 32760.03748893541 313784 0.20525007037220297
7056 0.11013950138020165 36074.98214256987 327539 0.1955926124125131
7396 0.11341951829602229 39635.358024691355 349458 0.1866010645190228
7744 0.11929081167825513 43452.99035273289 364261 0.17821558279735183
8100 0.1264129257783483 47539.982584537676 376069 0.17038289792378922
8464 0.13095133519769092 51908.71641835909 396397 0.16305546705844667
8836 0.13393210996624155 56571.851792860696 422392 0.15619075069971625
9216 0.14317296633472518 61542.32688711627 429846 0.14975059387833037
9604 0.14737689392971284 66833.35812060976 453486 0.1437006948336831
10000 0.1556582322834203 72458.4401532353 465497 0.13801014731826927
10404 0.16044117166337432 78431.34588529721 488848 0.13265104509637568
10816 0.16295600055655954 84766.12645751002 520178 0.12759813916260102
11236 0.16929389788190585 91477.11125099842 540345 0.12282853979910045
11664 0.17653784267452483 98578.90788729733 558401 0.11832145689152028
12100 0.1851074969043334 106086.4022283518 573107 0.11405797299030518
12544 0.1925973772587432 114014.7583765171 591985 0.11002084448203864
12996 0.19887289441966752 122379.4186745587 615365 0.10619432696081045
13456 0.2069606853025979 131196.10370565226 633918 0.10256402149098488
13924 0.21455412052621597 140480.81229338358 654757 0.09911673895308049
14400 0.22214113482356385 150249.8215017487 676371 0.09584038008213144
14884 0.2251489049499387 160519.68663515383 712949 0.09272382915766546
15376 0.23442820852474583 171307.2412384154 730745 0.08975685959825004
15876 0.24134273320192454 182629.59709675994 756723 0.08693004996111695
16384 0.2547269427732091 194504.14423582426 763579 0.08423470905656083
16900 0.2586255582097854 206948.55092165532 800186 0.08166280906406466
17424 0.2627800060214259 219980.76366071028 837129 0.07920692568771193
17956 0.27298126818444424 233619.00719985648 855806 0.07686018451674607
18496 0.28363577589224415 247881.78452637143 873944 0.07461621286671133
19044 0.2879633617306025 262787.87686794286 912574 0.07246909647042074
19600 0.2994241245178706 278356.3436926687 929639 0.07041334046850473
20164 0.3090266324595154 294606.522709057 953337 0.06844383421854258
20736 0.31676887790760627 311558.02986602613 983550 0.06655581950148017
21316 0.3197986188874383 329230.75935290445 1029494 0.06474486175561515
21904 0.3259395885773024 347644.8835994307 1066593 0.0630068240130886
22500 0.33513302076350227 366820.8532757537 1094553 0.06133784325256412
23104 0.34242598653456935 386779.3972924325 1129527 0.05973430891545588
23716 0.35627560141100156 407541.52280043624 1143894 0.058192843362400604
24336 0.3705702613518089 429128.5151911445 1158022 0.05671028407226712
24964 0.37909109371151617 451561.93809634674 1191170 0.055283667408375765
25600 0.3869311972304416 474863.63338824286 1227256 0.053910213796198925
26244 0.39836307912207286 499055.7211794427 1252766 0.05258731417400902
26896 0.4091843097973258 524160.59982296656 1280989 0.05131251759305074
27556 0.4200956444450385 550200.9459122447 1309704 0.050083519857116156
28224 0.43137734720820387 577199.7142811179 1338039 0.048898153103128277
28900 0.4394209052744122 605180.1380038365 1377222 0.04775437623469525
29584 0.4444017409794337 634165.7283950617 1427010 0.0466502661297557
30276 0.45414315370820374 664180.2750098646 1462491 0.045584009551548836
30976 0.4662347400402001 695247.8456437263 1491197 0.04455389569933796
31684 0.47756479348271785 727392.7863325386 1523129 0.04355830934170851
32400 0.4959439959109922 760639.7213526028 1533721 0.042595724480947304
33124 0.5049237503322476 795013.5532206311 1574522 0.041664698502073806
33856 0.5121333534931911 830539.4626937454 1621725 0.04076386676461167
34596 0.5193376070987866 867242.908769478 1669902 0.03989193759922224
35344 0.5237328216176047 905149.6286857711 1728266 0.03904768767492906
36100 0.5427346921665104 944285.6379209777 1739866 0.038229957705891764
36864 0.5608427531846719 984677.2301938604 1755710 0.03743764846958259
37636 0.5653449559190501 1026350.9774635921 1815442 0.036669717110816576
38416 0.5776900419976306 1069333.7299297561 1851051 0.03592517370842078
39204 0.5922417738506691 1113652.616032346 1880402 0.03520307808342752
40000 0.607573684334194 1159335.0424517647 1908139 0.03450253682956732
40804 0.621232194729362 1206408.6941088266 1941961 0.03382270054854163
41616 0.6275518029226482 1254901.5341647554 1999678 0.03316276127409392
42436 0.6313984893090479 1304841.8040211853 2066590 0.03252195007028685
43264 0.637488183715915 1356258.0233201603 2127503 0.031899534790650254
44100 0.6499147654166284 1409178.9899441353 2168252 0.0312948179860021
44944 0.6614435912792215 1463633.7800159748 2212787 0.030707134949775113
45796 0.6736316703816305 1519651.7478989537 2255909 0.030135851890616926
46656 0.6901369832586535 1577262.5261967573 2285434 0.02958036422288007
47524 0.7056407961637369 1636496.0257534804 2319163 0.02904009496638946
48400 0.7225403663708461 1697382.4356536288 2349187 0.028514493247576295
49284 0.7399056776362558 1759952.2232221179 2378617 0.028003032894706043
50176 0.7526099204681228 1824236.1340242736 2423880 0.02750521112050966
51076 0.7620691151586261 1890265.191865832 2480438 0.027020547286057888
51984 0.7769850492494466 1958070.6987929393 2520088 0.026548581740202613
52900 0.7957625852858919 2027684.235092152 2548102 0.026088874729351466
53824 0.8079485761525065 2099137.659290436 2598108 0.02564100537274622
54756 0.8193330075388098 2172463.108155169 2651502 0.025204570698785386
55696 0.837239056835414 2247692.9966941373 2684649 0.02477918473827012
56644 0.8521898632622247 2324860.0181555385 2728101 0.024364477670762878
57600 0.8672434626677145 2403997.144027979 2771998 0.02396009502053286
58564 0.8723686899961098 2485137.624040478 2848724 0.023565696898823384
59536 0.8797159859736972 2568314.9861624613 2919482 0.023180957289416364
60516 0.8970589055038483 2653563.0366037684 2958070 0.022805563374689218
61504 0.9142822746595758 2740915.859814646 2997888 0.02243921489956251
62500 0.9282299036799353 2830407.8184857536 3049253 0.022081623570923085
63504 0.9443331109525208 2922073.553548159 3094325 0.021732512490279236
64516 0.9735654298815305 3015947.9841733407 3097838 0.021391615617562972
65536 0.9952602405437703 3112066.307773188 3126887 0.021058677264140208
66564 1 3210464 3210464 0.020733451613224756
67600 1.0109037487678028 3311176.814746485 3275462 0.020415702266016165
68644 1.017400306612744 3414240.7841457636 3355848 0.02010520181199657
69696 1.027660265098617 3519692.2185713644 3424957 0.01980173142192798
70756 1.0351244356536222 3627567.706637228 3504475 0.019505080462189676
71824 1.0655264600261125 3737904.1151977037 3508035 0.01921504612918652
72900 1.0882351531298429 3850738.589347552 3538517 0.018931433102643246
73984 1.1066907621815505 3966108.552421943 3583755 0.018654053216677832
75076 1.114138165022522 4084051.7059964575 3665660 0.018382725147619648
76176 1.1239401173517023 4204606.029887086 3740952 0.018117274117605185
77284 1.1506885376627045 4327809.782150229 3761061 0.017857531613046592
78400 1.1709288104555384 4453701.499082699 3803563 0.01760333511712618
79524 1.18740700423304 4582319.995221716 3859098 0.017354527855524025
80656 1.2060877125229417 4713704.363344912 3908260 0.017110958554635645
81796 1.2269819366668917 4847893.9744703295 3951072 0.016872481211583603
82944 1.2311073501142755 4984928.477856418 4049142 0.01663895487537004
84100 1.2406047845924273 5124847.801002041 4130927 0.01641024343855758
85264 1.2497994342942589 5267692.149646471 4214830 0.01618621543890379
86436 1.2557745094616004 5413502.00776939 4310887 0.015966743870409236
87616 1.2751804826451467 5562318.137590891 4361985 0.01575170600327215
88804 1.2867483051607633 5714181.579571476 4440792 0.015540983212273013
90000 1.306280431125503 5869133.652412059 4493012 0.01533446081314103
91204 1.3253893349572188 6027215.953053962 4547506 0.015132027906480994
92416 1.3359768084193215 6188470.35667892 4632169 0.01493357722886397
93636 1.3703480447189162 6352939.016709074 4636004 0.01473900501070841
94864 1.3924498395016947 6520664.36480698 4682872 0.014548210840600151
96100 1.4197409405893133 6691689.110875601 4713317 0.014361097535720008
97344 1.4447114636596416 6866056.243058312 4752545 0.01417757101806678
98596 1.4630634037790382 7043809.027738896 4814425 0.013997540196181312
99856 1.4805118314131493 7224991.009541548 4880063 0.013820916852093941
101124 1.4894509294599474 7409646.011330873 4974750 0.013647615533233383
102400 1.510005293335563 7597818.134211886 5031650 0.013477553449049731
103684 1.5273232595169597 7789551.75753001 5100133 0.013310650372118095
104976 1.5547697300955292 7984891.538871083 5135739 0.013146828543502255
106276 1.5812407767476497 8183882.41406135 5175608 0.01298601258216994
107584 1.594572811883127 8386569.597167465 5259446 0.012828129398262686
108900 1.605896307352961 8592998.580496496 5350905 0.012673108110033908
110224 1.6384558381699914 8803215.134595916 5372873 0.012520879964279039
111556 1.653644449992548 9017265.308253614 5452965 0.01237137826009083
112896 1.6808965784509589 9235195.428497886 5494208 0.012224538275782069
114244 1.702444219128843 9457052.100597436 5554985 0.012080297198826133
115600 1.7149667262761468 9682882.208061384 5646105 0.011938594058673813
116964 1.7215272444956282 9912732.912639255 5758104 0.011799369662312273
118336 1.7319653837963567 10146651.654320987 5858461 0.011662566532438925
119716 1.74569684093068 10384686.151336927 5948734 0.01152812884812968
121104 1.7722553549990725 10626884.400157833 5996249 0.011396002387887209
122500 1.7970706666938054 10873294.675494872 6050566 0.011266134474960755
123904 1.819370422986881 11123965.53029962 6114184 0.01113847392483449
125316 1.83758117609051 11378945.79576407 6192350 0.01101297099478672
126736 1.8634669310469436 11638284.581320617 6245501 0.010889577335427128
128164 1.8881195008413498 11902031.274642069 6303643 0.010768245944123877
129600 1.9306063623180922 12170235.541641645 6303841 0.010648931120236826
131044 1.95564216492264 12442947.326472975 6362589 0.010531588422077262
132496 1.970781318044457 12720216.851530097 6454403 0.010416174625518452
133956 1.9816988527732016 13002094.617447462 6561085 0.01030264768418505
135424 1.9949509187177084 13288631.403099926 6661132 0.010190966691152917
136900 2.0045810942398865 13579878.265602762 6774422 0.010081091842094176
138384 2.0247682339796196 13875886.540311648 6853074 0.00997298439980556
139876 2.0249243284913843 14176707.840822672 7001105 0.009866606660061
141376 2.043631092851781 14482394.058972338 7086599 0.009761921918732265
142884 2.0846123878444454 14792997.364837555 7096282 0.009658894440124105
144400 2.115596757206577 15108570.206735643 7141517 0.009557489426472941
145924 2.150551983203926 15429165.311224332 7174514 0.009457672988560433
147456 2.1846488763399248 15754835.683101766 7211610 0.009359412117395648
148996 2.194095314151976 16085634.605406491 7331329 0.009262674656921613
150544 2.2059353218672886 16421615.639417473 7444287 0.009167429277704144
152100 2.2121789731304053 16762832.62465408 7577521 0.00907364545156274
153664 2.2527453584381405 17109339.6788761 7594884 0.008981293427105195
155236 2.2874693221094784 17461191.198083714 7633410 0.00889034420612933
156816 2.311844471726217 17818441.856517535 7707457 0.00880076952085688
158404 2.3200633914990947 18181146.606658567 7836487 0.008712541811966191
160000 2.3667352230221783 18549360.679228235 7837531 0.00862563420739183
161604 2.3871097758618944 18923139.583188374 7927218 0.008540020501860677
163216 2.419434541689173 19302539.105741225 7978120 0.008455675137135408
164836 2.4274641359861997 19687615.31232944 8110363 0.008372573182937541
166464 2.439662170997782 20078424.546636086 8230002 0.00829069031852348
168100 2.4462656624246417 20475023.43058463 8369910 0.008210002814888118
169744 2.46056129100124 20877468.864338964 8484840 0.008130487517571712
171396 2.471457191826981 21285818.026303373 8612659 0.008052121830046749
173056 2.4779841402099727 21700128.373122565 8757170 0.007974883697662563
174724 2.5010758405800266 22120457.639681656 8844377 0.007898751592126397
176400 2.5334035937430905 22546863.839106165 8899831 0.007823704496500525
178084 2.5420984008661094 22979405.262762032 9039542 0.007749721890695922
179776 2.5824694713705894 23418140.480255596 9068119 0.007676783737443778
181476 2.6022476000175807 23863128.339433618 9170199 0.0076048704687269545
183184 2.630493274951193 24314427.96638326 9243296 0.007533962972654231
184900 2.638493321666021 24772098.765432097 9388729 0.007464042580760912
186624 2.6904692216484163 25236200.419148117 9379851 0.0073950910557200175
188356 2.7302773800574935 25706792.88833971 9415451 0.007327090579448983
190096 2.749613443573213 26183936.412055686 9522770 0.007260023741597365
191844 2.7893814325111315 26667691.50758526 9560432 0.0071938735284016835
193600 2.822941393762537 27158118.97045806 9620504 0.007128623311894074
195364 2.8638609440470217 27655279.87444412 9656642 0.00706425683945196
197136 2.8848176175711764 28159235.571553886 9761184 0.007000758223676511
198916 2.9063916069833384 28670047.692038216 9864482 0.006938111932588091
200704 2.931711057770191 29187778.144388378 9955885 0.006876302780127415
202500 2.945398912517784 29712489.11533605 10087764 0.006815315916951568
204304 2.9686230986009297 30244243.069853313 10187970 0.006755136821514472
206116 2.987484473406321 30783102.751152672 10304021 0.006695751291421785
207936 3.0246681105299245 31329131.18068703 10357874 0.006637145435050653
209764 3.0606833507619555 31882391.658149704 10416756 0.0065793056634250524
211600 3.095976746925507 32442947.76147443 10479067 0.0065222186823378665
213444 3.1238452883297514 33010863.346835338 10567381 0.006465871484711178
215296 3.1444925740901946 33586202.54864698 10680961 0.006410251343186555
217156 3.154431851449673 34169029.77956431 10832071 0.006355345802937485
219024 3.189644246813899 34759409.730482705 10897582 0.0063011426746963466
220900 3.23816324896377 35357407.37053794 10918970 0.006247630027988649
222784 3.2544776624636467 35963087.9471062 11050341 0.00619479618456753
224676 3.2893187220619904 36576516.98580409 11119785 0.006142629712041751
226576 3.3191612340821126 37197760.290488616 11206976 0.0060911194176907196
228484 3.3574719573638894 37826883.9432572 11266478 0.006040254342460271
230400 3.3741175041016547 38463954.304447666 11399708 0.005990023755133215
232324 3.387836131475727 39109038.01263827 11543958 0.0059404171466688445
234256 3.397369285180254 39762201.98464765 11703821 0.005891424224705846
236196 3.4112044881148473 40423513.41553486 11850217 0.005843034908223224
238144 3.4203005146051493 41093039.77859938 12014453 0.005795239322354091
240100 3.4451954789414003 41770848.8253811 12124377 0.005748027793347325
242064 3.480462098381241 42457008.58566029 12198670 0.0057013908436723045
244036 3.494679040111987 43151587.36745767 12347797 0.0056553191872620945
246016 3.5334183001681954 43854653.75703434 12411396 0.005609803724890628
248004 3.5313953662741575 44566276.61889183 12620019 0.0055648355396795725
250000 3.5826362659888744 45286525.09577206 12640559 0.005520405892730771
252004 3.618840855645022 46015468.60865738 12715527 0.005476506218880226
254016 3.655654695134466 46753176.856770545 12789276 0.005433128122569809
256036 3.692764519147502 47499719.81757471 12862916 0.005390263373832948
258064 3.760588742008802 48255167.74677345 12831812 0.005347903904390743
260100 3.7697489487996423 49019591.17831076 13003410 0.005306041803855027
262144 3.8443536968126337 49793060.92437101 12952258 0.005264669316035052
