4 0.2167696004656159 192.92494441439817 890 0.020733451613224756
16 0.7477711023813882 771.6997776575927 1032 0.020733451613224756
36 0.8027390197547773 1736.3244997295835 2163 0.020733451613224756
64 0.9637212334156636 3086.7991106303707 3203 0.020733451613224756
100 0.9062614825930015 4823.123610359954 5322 0.020733451613224756
144 1.0381611358622322 6945.297998918334 6690 0.020733451613224756
196 1.0450278881611221 9453.322276305511 9046 0.020733451613224756
256 1.0849909000458244 12347.196442521483 11380 0.020733451613224756
324 1.0398536397102909 15626.920497566252 15028 0.020733451613224756
400 1.0617773495564016 19292.494441439816 18170 0.020733451613224756
484 1.022555445886468 23343.91827414218 22829 0.020733451613224756
576 1.0642503829173053 27781.191995673336 26104 0.020733451613224756
676 1.0171683910286795 32604.31560603329 32054 0.020733451613224756
784 1.052444796827689 37813.289105222044 35929 0.020733451613224756
900 1.0547213648857905 43408.11249323959 41156 0.020733451613224756
1024 1.0827075098668435 49388.78577008593 45616 0.020733451613224756
1156 1.0570528369120136 55755.30893576107 52746 0.020733451613224756
1296 1.0551956850377293 62507.68199026501 59238 0.020733451613224756
1444 1.0221601639896345 69645.90493359773 68136 0.02073345161322476
1600 1.046145619469122 77169.97776575926 73766 0.020733451613224756
1764 1.0589716522709118 85079.9004867496 80342 0.020733451613224756
1936 1.0384882733311318 93375.67309656872 89915 0.020733451613224756
2116 1.0482036029252766 102057.29559521664 97364 0.020733451613224756
2304 1.0592592364995361 111124.76798269335 104908 0.020733451613224756
2500 1.0505880376659713 120578.09025899885 114772 0.020733451613224756
2704 1.0129496110612284 130417.26242413317 128750 0.020733451613224756
2916 1.025059651891317 140642.28447809626 137204 0.020733451613224756
3136 1.0367119023755675 151253.15642088818 145897 0.020733451613224756
3364 1.0411979609350501 162249.87825250885 155830 0.020733451613224756
3600 1.0465523267149965 173632.44997295836 165909 0.020733451613224756
3844 1.0330753717005356 185400.87158223664 179465 0.020733451613224756
4096 1.0614396254048126 197555.14308034373 186120 0.020733451613224756
4356 1.0301261796572687 210095.2644672796 203951 0.020733451613224756
4624 1.0463799439937143 223021.2357430443 213136 0.020733451613224756
4900 1.0380509373551094 236333.05690763774 227670 0.020733451613224756
5184 1.0388901361653877 250030.72796106004 240671 0.020733451613224756
5476 1.0084892146095554 264114.2489033111 261891 0.020733451613224756
5776 1.0073280362977286 278583.61973439093 276557 0.02073345161322476
6084 1.0331735088191891 293438.84045429964 284017 0.020733451613224752
6400 1.027138967480258 308679.91106303706 300524 0.020733451613224756
6724 1.033535271271331 324306.83156060334 313784 0.020733451613224756
7056 1.0390200921020043 340319.6019469984 327539 0.020733451613224756
7396 1.0207756646642006 356718.2222222222 349458 0.020733451613224756
7744 1.0253710729017789 373502.69238627487 364261 0.020733451613224756
8100 1.0388333322851826 390673.0124391563 376069 0.020733451613224756
8464 1.0298493237357158 408229.18238086655 396397 0.020733451613224756
8836 1.008947144385797 426171.20221140556 422392 0.020733451613224756
9216 1.0340891201285423 444499.0719307734 429846 0.020733451613224756
9604 1.021448934562412 463212.79153897 453486 0.020733451613224756
10000 1.036123457371359 482312.3610359954 465497 0.020733451613224756
10404 1.026490402787471 501797.78042184963 488848 0.020733451613224756
10816 1.002866422064241 521669.04969653266 520178 0.020733451613224756
11236 1.0029262209515115 541926.1688600444 540345 0.020733451613224756
11664 1.0074644169913467 562569.137912385 558401 0.020733451613224756
12100 1.018305406937194 583597.9568535545 573107 0.020733451613224756
12544 1.0220066820672022 605012.6256835527 591985 0.020733451613224756
12996 1.0186038276508733 626813.1444023796 615365 0.020733451613224756
13456 1.0237909524734041 648999.5130100354 633918 0.020733451613224756
13924 1.0256808732194083 671571.7315065201 654757 0.020733451613224756
14400 1.026847395721924 694529.7998918334 676371 0.020733451613224756
14884 1.0069075321881025 717873.7181659755 712949 0.020733451613224756
15376 1.0148594740011174 741603.4863289465 730745 0.020733451613224756
15876 1.0118882396606768 765719.1043807464 756723 0.020733451613224756
16384 1.0348903942111751 790220.5723213749 763579 0.020733451613224756
16900 1.0186480270222575 815107.8901508322 800186 0.020733451613224756
17424 1.0038847750694557 840381.0578691184 837129 0.020733451613224756
17956 1.0119584058492619 866040.0754762334 855806 0.020733451613224756
18496 1.0207575576606478 892084.9429721772 873944 0.020733451613224756
19044 1.0065108806046958 918515.6603569497 912574 0.020733451613224756
19600 1.0168809910412009 945332.227630551 929639 0.020733451613224756
20164 1.0201373121917865 972534.6447929812 953337 0.020733451613224756
20736 1.0168500959221596 1000122.9118442402 983550 0.020733451613224756
21316 0.9986430506485009 1028097.0287843278 1029494 0.020733451613224756
21904 0.9904968395753998 1056456.9956132444 1066593 0.020733451613224756
22500 0.991457528626745 1085202.8123309896 1094553 0.020733451613224756
23104 0.9865496609975359 1114334.4789375637 1129527 0.02073345161322476
23716 0.9999632793186841 1143851.9954329669 1143894 0.020733451613224752
24336 1.0135864101175958 1173755.3618171986 1158022 0.020733451613224752
24964 1.0108083464914823 1204044.5780902589 1191170 0.020733451613224756
25600 1.0060815707987154 1234719.6442521482 1227256 0.020733451613224756
26244 1.0103886602149694 1265780.5603028664 1252766 0.020733451613224756
26896 1.012676397878837 1297227.3262424134 1280989 0.020733451613224756
27556 1.0147788676455054 1329059.942070789 1309704 0.020733451613224756
28224 1.0173682589132256 1361278.4077879936 1338039 0.020733451613224756
28900 1.012097340438961 1393882.7233940267 1377222 0.020733451613224756
29584 0.9999039172037258 1426872.8888888888 1427010 0.020733451613224756
30276 0.9984669336581079 1460248.9042725798 1462491 0.020733451613224756
30976 1.0018869200683072 1494010.7695450995 1491197 0.020733451613224756
31684 1.0033020740242278 1528158.484706448 1523129 0.020733451613224756
32400 1.0188893871549163 1562692.0497566252 1533721 0.020733451613224756
33124 1.0146644281220785 1597611.4646956313 1574522 0.020733451613224756
33856 1.0069011265926506 1632916.7295234662 1621725 0.020733451613224756
34596 0.9992250109528162 1668607.8442401297 1669902 0.020733451613224756
35344 0.9863555776978904 1704684.8088456222 1728266 0.020733451613224756
36100 1.0007366218662492 1741147.6233399436 1739866 0.020733451613224756
36864 1.0126936041391195 1777996.2877230935 1755710 0.020733451613224756
37636 0.9998836657932736 1815230.8019950723 1815442 0.020733451613224756
38416 1.000972510295978 1852851.16615588 1851051 0.020733451613224756
39204 1.0055601835168844 1890857.3802055165 1880402 0.020733451613224756
40000 1.0110633681005323 1929249.4441439817 1908139 0.020733451613224756
40804 1.0134226989992465 1968027.3579712757 1941961 0.020733451613224756
41616 1.0037571657473845 2007191.1216873985 1999678 0.020733451613224756
42436 0.9903951607683915 2046740.7352923502 2066590 0.020733451613224756
43264 0.9808099912367365 2086676.1987861306 2127503 0.020733451613224756
44100 0.9809733887798743 2126997.51216874 2168252 0.020733451613224756
44944 0.9796264509146961 2167704.675440178 2212787 0.020733451613224756
45796 0.9791164841314276 2208797.6886004447 2255909 0.020733451613224756
46656 0.9846167299731868 2250276.55164954 2285434 0.020733451613224756
47524 0.98834849667206 2292141.2645874647 2319163 0.020733451613224756
48400 0.9937020030394421 2334391.827414218 2349187 0.020733451613224756
49284 0.999332065704483 2377028.2401298 2378617 0.020733451613224752
50176 0.9984200961822413 2420050.502734211 2423880 0.020733451613224756
51076 0.9931546828533712 2463458.61522745 2480438 0.020733451613224756
51984 0.9949067562757803 2507252.5776095185 2520088 0.020733451613224756
52900 1.0013070080712687 2551432.389880416 2548102 0.020733451613224752
53824 0.9991878905881286 2595998.0520401415 2598108 0.020733451613224756
54756 0.9960202044308081 2640949.5640886966 2651502 0.020733451613224756
55696 1.0006101080722583 2686286.9260260803 2684649 0.020733451613224756
56644 1.0014329153694428 2732010.1378522925 2728101 0.020733451613224756
57600 1.0022082265453776 2778119.199567334 2771998 0.020733451613224756
58564 0.9915366006574184 2824614.1111712037 2848724 0.020733451613224756
59536 0.983563136427593 2871494.872663902 2919482 0.020733451613224756
60516 0.9867114314554524 2918761.48404543 2958070 0.020733451613224756
61504 0.9895012573237513 2966413.945315786 2997888 0.020733451613224756
62500 0.9885871249368193 3014452.2564749713 3049253 0.020733451613224756
63504 0.989836690561911 3062876.4175229855 3094325 0.020733451613224756
64516 1.0044703526975356 3111686.4284598283 3097838 0.020733451613224756
65536 1.0108719276665576 3160882.2892854996 3126887 0.020733451613224756
66564 1 3210464 3210464 0.020733451613224756
67600 0.9954112001920123 3260431.560603329 3275462 0.020733451613224756
68644 0.9865717908246997 3310784.971095487 3355848 0.020733451613224756
69696 0.9814792511194954 3361524.2314764736 3424957 0.020733451613224756
70756 0.973797599282714 3412649.3417462893 3504475 0.020733451613224756
71824 0.9874930842779315 3464160.3019049335 3508035 0.020733451613224756
72900 0.99365273982078 3516057.111952407 3538517 0.020733451613224756
73984 0.995698582042776 3568339.7718887087 3583755 0.020733451613224756
75076 0.9878189143875425 3621008.281713839 3665660 0.020733451613224756
76176 0.9821196961168704 3674062.6414277987 3740952 0.020733451613224756
77284 0.9910774781452859 3727502.851030587 3761061 0.020733451613224756
78400 0.9941544048362558 3781328.910522204 3803563 0.020733451613224756
79524 0.9938956771511503 3835540.81990265 3859098 0.020733451613224756
80656 0.9953633021272702 3890138.579171925 3908260 0.020733451613224756
81796 0.9984941272469923 3945122.188330028 3951072 0.020733451613224756
82944 0.9879850218582013 4000491.6473769606 4049142 0.020733451613224756
84100 0.981921722730206 4056246.9563127216 4130927 0.020733451613224756
85264 0.9756948952003547 4112388.115137311 4214830 0.020733451613224756
86436 0.9670666672196998 4168915.1238507302 4310887 0.020733451613224756
87616 0.9687855374222922 4225827.982452977 4361985 0.020733451613224756
88804 0.9644961283807154 4283126.690944054 4440792 0.020733451613224752
90000 0.966125006860422 4340811.2493239585 4493012 0.020733451613224756
91204 0.9673173949836883 4398881.657592692 4547506 0.020733451613224756
92416 0.9622571878854711 4457337.915750255 4632169 0.02073345161322476
93636 0.9741536081066037 4516180.023796647 4636004 0.020733451613224756
94864 0.9770516857458131 4575407.981731867 4682872 0.020733451613224752
96100 0.9833885116481483 4635021.789555916 4713317 0.020733451613224756
97344 0.9878962634270257 4695021.447268794 4752545 0.020733451613224752
98596 0.9877414135375462 4755406.954870501 4814425 0.020733451613224756
99856 0.9869090444859083 4816178.3123610355 4880063 0.020733451613224756
101124 0.9804182159385697 4877335.5197404 4974750 0.020733451613224756
102400 0.9815624252498868 4938878.577008593 5031650 0.020733451613224756
103684 0.9805249165395521 5000807.484165615 5100133 0.020733451613224752
104976 0.9858605044398606 5063122.241211466 5135739 0.020733451613224756
106276 0.9903808109397283 5125822.848146145 5175608 0.020733451613224756
107584 0.9865885693986883 5188909.3049696535 5259446 0.020733451613224756
108900 0.9815875280316115 5252381.61168199 5350905 0.020733451613224756
110224 0.989459413666237 5316239.768283156 5372873 0.020733451613224756
111556 0.9867079239960554 5380483.774773151 5452965 0.020733451613224756
112896 0.9910643410573415 5445113.631151974 5494208 0.020733451613224756
114244 0.9919251514485865 5510129.337419626 5554985 0.020733451613224756
115600 0.9875003907253066 5575530.893576107 5646105 0.020733451613224756
116964 0.979718028646481 5641318.299621417 5758104 0.020733451613224756
118336 0.9742305283854505 5707491.555555555 5858461 0.020733451613224756
119716 0.9706352076556999 5774050.661378522 5948734 0.020733451613224756
121104 0.9741082495223796 5840995.617090319 5996249 0.020733451613224756
122500 0.9764915253698486 5908326.422690944 6050566 0.020733451613224756
123904 0.9774064827261328 5976043.078180398 6114184 0.020733451613224756
125316 0.9760665310518107 6044145.5835586805 6192350 0.020733451613224756
126736 0.9787259563045129 6112633.938825792 6245501 0.020733451613224756
128164 0.9806247187510034 6181508.1439817315 6303643 0.020733451613224756
129600 0.9915808788683758 6250768.199026501 6303841 0.020733451613224756
131044 0.9933714253678965 6320414.103960099 6362589 0.020733451613224756
132496 0.9900909284379245 6390445.858782525 6454403 0.020733451613224756
133956 0.9847248532054957 6460863.46349378 6561085 0.020733451613224756
135424 0.9805641020315864 6531666.918093865 6661132 0.020733451613224756
136900 0.9746744774067481 6602856.222582777 6774422 0.020733451613224756
138384 0.9739324829938388 6674431.376960519 6853074 0.020733451613224756
139876 0.9636182261553127 6746392.38122709 7001105 0.020733451613224756
141376 0.9622019300629948 6818739.235382489 7086599 0.020733451613224756
142884 0.9711383988723556 6891471.939426717 7096282 0.020733451613224756
144400 0.975225640905115 6964590.493359774 7141517 0.020733451613224756
145924 0.9809855966803689 7038094.89718166 7174514 0.020733451613224756
147456 0.9861854912970022 7111985.150892374 7211610 0.020733451613224756
148996 0.9802126264544829 7186261.254491918 7331329 0.020733451613224756
150544 0.9753685219256444 7260923.207980289 7444287 0.020733451613224756
152100 0.968122821613756 7335971.01135749 7577521 0.020733451613224756
153664 0.9758417198502993 7411404.66462352 7594884 0.020733451613224756
155236 0.9808492099570675 7487224.167778378 7633410 0.020733451613224756
156816 0.981313229619324 7563429.520822066 7707457 0.020733451613224756
158404 0.9749292921374823 7640020.723754582 7836487 0.020733451613224756
160000 0.9846210211578017 7716997.776575927 7837531 0.020733451613224756
161604 0.9832403598949973 7794360.6792861 7927218 0.020733451613224756
163216 0.9867123372279563 7872109.431885103 7978120 0.020733451613224756
164836 0.9802574846986423 7950244.034372934 8110363 0.020733451613224756
166464 0.9755483032385162 8028764.486749594 8230002 0.020733451613224756
168100 0.9686688135254838 8107670.789015083 8369910 0.020733451613224756
169744 0.9648930258165623 8186962.941169401 8484840 0.020733451613224756
171396 0.9598244796656349 8266640.943212547 8612659 0.020733451613224756
173056 0.9531280990484966 8346704.795144523 8757170 0.020733451613224756
174724 0.9528262416861387 8427154.496965326 8844377 0.020733451613224756
176400 0.9559720907818317 8507990.04867496 8899831 0.020733451613224756
178084 0.9501821497453544 8589211.45027342 9039542 0.020733451613224756
179776 0.9561871322774559 8670818.701760711 9068119 0.020733451613224756
181476 0.9544843904845284 8752811.803136831 9170199 0.020733451613224756
183184 0.955848514902236 8835190.754401779 9243296 0.020733451613224756
184900 0.9498575957997676 8917955.555555556 9388729 0.020733451613224756
186624 0.9596214488479786 9001106.20659816 9379851 0.020733451613224756
188356 0.964865380057694 9084642.707529595 9415451 0.020733451613224756
190096 0.9628044212293124 9168565.058349859 9522770 0.020733451613224756
191844 0.9678300372890002 9252873.25905895 9560432 0.020733451613224756
193600 0.9705902424298011 9337567.309656871 9620504 0.020733451613224756
195364 0.9757685135416245 9422647.21014362 9656642 0.020733451613224756
197136 0.9740737353705452 9508112.9605192 9761184 0.020733451613224752
198916 0.9725766199161402 9593964.560783606 9864482 0.020733451613224756
200704 0.9723095446499074 9680202.010936843 9955885 0.020733451613224756
202500 0.9681853491991791 9766825.310978908 10087764 0.020733451613224752
204304 0.9672029325675086 9853834.4609098 10187970 0.020733451613224756
206116 0.9647912655389117 9941229.460729523 10304021 0.020733451613224756
207936 0.96824988510558 10029010.310438074 10357874 0.020733451613224756
209764 0.9712406636034726 10117177.010035455 10416756 0.020733451613224752
211600 0.9739158609751865 10205729.559521664 10479067 0.020733451613224752
213444 0.9741929394706882 10294667.9588967 10567381 0.020733451613224756
215296 0.9721964351485383 10383992.208160566 10680961 0.020733451613224756
217156 0.9669159579283834 10473702.307313262 10832071 0.020733451613224756
219024 0.9693708435829881 10563798.256354786 10897582 0.020733451613224756
220900 0.9757587075782 10654280.055285139 10918970 0.020733451613224756
222784 0.9723815495018951 10745147.704104321 11050341 0.020733451613224756
224676 0.9745153528429129 10836401.20281233 11119785 0.020733451613224756
226576 0.9751105518035525 10928040.55140917 11206976 0.020733451613224756
228484 0.978128723980541 11020065.749894837 11266478 0.020733451613224756
230400 0.9748036351693689 11112476.798269335 11399708 0.020733451613224756
232324 0.9706613361320839 11205273.69653266 11543958 0.020733451613224756
234256 0.9653647680261698 11298456.444684815 11703821 0.020733451613224756
236196 0.9613347200921128 11392025.042725798 11850217 0.020733451613224756
238144 0.9560135189388654 11485979.490655608 12014453 0.020733451613224756
240100 0.9551269965025214 11580319.78847425 12124377 0.020733451613224756
242064 0.957075315274675 11675045.93618172 12198670 0.020733451613224756
244036 0.9532192611992258 11770157.933778018 12347797 0.020733451613224756
246016 0.9560291027103756 11865655.781263145 12411396 0.020733451613224756
248004 0.9478226204443195 11961539.478637101 12620019 0.020733451613224756
250000 0.9538984016371337 12057809.025899885 12640559 0.020733451613224756
252004 0.9558757905237824 12154464.423051499 12715527 0.020733451613224756
254016 0.9579514641870222 12251505.670091942 12789276 0.020733451613224756
256036 0.9600414685924414 12348932.767021213 12862916 0.020733451613224756
258064 0.9699912774469664 12446745.713839313 12831812 0.020733451613224756
260100 0.9647426721564759 12544944.510546241 13003410 0.020733451613224756
262144 0.9761640910134741 12643529.157141998 12952258 0.020733451613224756
