4 0.24243211551136343 181.33922240249984 748 0.02205810715963927
16 0.7493356297623961 725.3568896099994 968 0.02205810715963927
36 0.9472159034373179 1632.0530016224986 1723 0.02205810715963927
64 1.0162618418353757 2901.4275584399975 2855 0.02205810715963927
100 0.9691065754729576 4533.480560062496 4678 0.02205810715963927
144 1.0410161069191508 6528.212006489995 6271 0.02205810715963927
196 1.0669574805142281 8885.621897722493 8328 0.02205810715963927
256 1.079801845344249 11605.71023375999 10748 0.02205810715963927
324 1.0569530844500603 14688.477014602488 13897 0.02205810715963927
400 1.0730766459701748 18133.922240249984 16899 0.02205810715963927
484 1.0304332633935607 21942.04591070248 21294 0.022058107159639274
576 1.0660480925070415 26112.84802595998 24495 0.02205810715963927
676 1.0280208173500545 30646.328586022475 29811 0.02205810715963927
784 1.059988893587724 35542.48759088997 33531 0.02205810715963927
900 1.0678179806480623 40801.325040562464 38210 0.02205810715963927
1024 1.076496636096836 46422.84093503996 43124 0.02205810715963927
1156 1.077801811334371 52407.03527432246 48624 0.02205810715963927
1296 1.0669143812019457 58753.90805840995 55069 0.02205810715963927
1444 1.0403740967103037 65463.459287302445 62923 0.02205810715963927
1600 1.061192470864482 72535.68896099993 68353 0.02205810715963927
1764 1.0600556346699685 79970.59707950243 75440 0.02205810715963927
1936 1.0522879811383927 87768.18364280992 83407 0.022058107159639274
2116 1.054715109628402 95928.44865092242 90952 0.02205810715963927
2304 1.0787647002720362 104451.39210383991 96825 0.02205810715963927
2500 1.0453901084854855 113337.0140015624 108416 0.02205810715963927
2704 1.0396780033763042 122585.3143440899 117907 0.02205810715963927
2916 1.0371020980443755 132196.2931314224 127467 0.02205810715963927
3136 1.0534853159905735 142169.95036355988 134952 0.02205810715963927
3364 1.0596969463954582 152506.28604050237 143915 0.02205810715963927
3600 1.0583932669843248 163205.30016224986 154201 0.02205810715963927
3844 1.0378533433116492 174266.99272880235 167911 0.02205810715963927
4096 1.0567577808770863 185691.36374015984 175718 0.02205810715963927
4356 1.039726709925723 197478.41319632233 189933 0.02205810715963927
4624 1.0663431836310309 209628.14109728983 196586 0.02205810715963927
4900 1.0428741992932768 222140.5474430623 213008 0.02205810715963927
5184 1.059875043333107 235015.6322336398 221739 0.02205810715963927
5476 1.023117800023995 248253.39546902227 242644 0.02205810715963927
5776 1.03181431613685 261853.83714920978 253780 0.02205810715963927
6084 1.039320516365851 275816.95727420226 265382 0.02205810715963927
6400 1.041143531199201 290142.75584399974 278677 0.02205810715963927
6724 1.0476272123482324 304831.23285860225 290973 0.02205810715963927
7056 1.0372455813888952 319882.38831800973 308396 0.02205810715963927
7396 1.032608442730768 335296.2222222222 324708 0.022058107159639274
7744 1.036239420803848 351072.7345712397 338795 0.022058107159639274
8100 1.0393211951948869 367211.9253650622 353319 0.02205810715963927
8464 1.0314970136955128 383713.7946036897 371997 0.02205810715963927
8836 1.0285111259984547 400578.34228712216 389474 0.02205810715963927
9216 1.0525368834323623 417805.56841535965 396951 0.02205810715963927
9604 1.0260146504076815 435395.4729884021 424356 0.02205810715963927
10000 1.0282869281143032 453348.0560062496 440877 0.02205810715963927
10404 1.0414683648291105 471663.3174689021 452883 0.02205810715963927
10816 1.0203305180220188 490341.2573763596 480571 0.02205810715963927
11236 1.015852318711816 509381.8757286221 501433 0.02205810715963927
11664 1.0149680750684558 528785.1725256896 520987 0.02205810715963927
12100 1.0260196539120943 548551.1477675621 534640 0.02205810715963927
12544 1.035663646776871 568679.8014542395 549097 0.02205810715963927
12996 1.0320926714426741 589171.133585722 570851 0.022058107159639274
13456 1.041254410916692 610025.1441620095 585856 0.02205810715963927
13924 1.0309119719345008 631241.833183102 612314 0.02205810715963927
14400 1.0376026572589288 652821.2006489994 629163 0.02205810715963927
14884 1.0210983709048318 674763.2465597019 660821 0.022058107159639274
15376 1.0279328191445387 697067.9709152094 678126 0.02205810715963927
15876 1.0262406017628196 719735.3737155219 701332 0.02205810715963927
16384 1.0318336527896637 742765.4549606394 719850 0.02205810715963927
16900 1.0256358896431654 766158.2146505618 747008 0.022058107159639274
17424 1.014365307463706 789913.6527852893 778727 0.02205810715963927
17956 1.0232790279540647 814031.7693648218 795513 0.02205810715963927
18496 1.0417443949017524 838512.5643891593 804912 0.02205810715963927
19044 1.0227822157361786 863356.0378583018 844125 0.02205810715963927
19600 1.0104014484313426 888562.1897722492 879415 0.02205810715963927
20164 1.0173345205702509 914131.0201310017 898555 0.02205810715963927
20736 1.033092509406626 940062.5289345592 909950 0.02205810715963927
21316 1.0186920186405815 966356.7161829217 948625 0.02205810715963927
21904 1.0037720102822947 993013.5818760891 989282 0.02205810715963927
22500 1.0130803555340315 1020033.1260140616 1006863 0.02205810715963927
23104 1.0085566687081815 1047415.3485968391 1038529 0.02205810715963927
23716 1.0104481206346188 1075160.2496244216 1064043 0.02205810715963927
24336 1.020105748187333 1103267.829096809 1081523 0.02205810715963927
24964 1.023765621931386 1131738.0870140016 1105466 0.02205810715963927
25600 1.0225133199438237 1160571.023375999 1135018 0.02205810715963927
26244 1.024299283351615 1189766.6381828014 1161542 0.02205810715963927
26896 1.028082122996688 1219324.931434409 1186019 0.02205810715963927
27556 1.022277752062419 1249245.9031308214 1222022 0.02205810715963927
28224 1.017289590710034 1279529.553272039 1257783 0.02205810715963927
28900 1.0255306266544726 1310175.8818580613 1277559 0.022058107159639274
29584 1.0119790093396248 1341184.8888888888 1325309 0.022058107159639274
30276 0.9974358955765968 1372556.5743645213 1376085 0.02205810715963927
30976 1.0139680090667498 1404290.9382849587 1384946 0.022058107159639274
31684 1.0151811853846335 1436387.9806502012 1414908 0.02205810715963927
32400 1.018131200368928 1468847.7014602488 1442690 0.02205810715963927
33124 1.0177695382263205 1501670.1007151012 1475452 0.02205810715963927
33856 1.0124414598044311 1534855.1784147588 1515994 0.02205810715963927
34596 0.9982674418389506 1568402.9345592211 1571125 0.02205810715963927
35344 1.0051340695442392 1602313.3691484886 1594129 0.02205810715963927
36100 1.009305273384587 1636586.4821825612 1621498 0.02205810715963927
36864 1.0286286797583066 1671222.2736614386 1624709 0.02205810715963927
37636 1.0155924724841126 1706220.7435851211 1680025 0.02205810715963927
38416 1.004774048655898 1741581.8919536085 1733307 0.02205810715963927
39204 0.9977643810360262 1777305.718766901 1781288 0.02205810715963927
40000 0.9898077983177445 1813392.2240249985 1832065 0.02205810715963927
40804 1.015100730072496 1849841.407727901 1822323 0.02205810715963927
41616 1.0197624170246806 1886653.2698756084 1850091 0.02205810715963927
42436 1.0022551772457922 1923827.8104681207 1919499 0.022058107159639274
43264 0.9957254367890092 1961365.0295054384 1969785 0.02205810715963927
44100 0.9882708081479079 1999264.9269875607 2022993 0.02205810715963927
44944 0.9905764045768087 2037527.5029144883 2056911 0.02205810715963927
45796 1.000044679482395 2076152.7572862208 2076060 0.02205810715963927
46656 0.9980887471222548 2115140.6901027584 2119191 0.02205810715963927
47524 0.9968026777823378 2154491.3013641005 2161402 0.02205810715963927
48400 1.0029691293815806 2194204.5910702483 2187709 0.02205810715963927
49284 1.0173545815146119 2234280.5592212006 2196167 0.02205810715963927
50176 1.0151864785536953 2274719.205816958 2240691 0.02205810715963927
51076 1.0101487446030357 2315520.5308575206 2292257 0.02205810715963927
51984 1.0127095666994776 2356684.534342888 2327108 0.022058107159639274
52900 1.0152430595634672 2398211.2162730605 2362204 0.02205810715963927
53824 1.0186354924098244 2440100.576648038 2395460 0.02205810715963927
54756 1.0099650165053422 2482352.6154678203 2457860 0.02205810715963927
55696 1.0086821019259118 2524967.332732408 2503234 0.02205810715963927
56644 1.0065090272013353 2567944.7284418005 2551338 0.02205810715963927
57600 1.0146270661770869 2611284.8025959977 2573640 0.02205810715963927
58564 1.0068830755605767 2654987.555195 2636838 0.022058107159639274
59536 1.0004247686220493 2699052.9862388074 2697907 0.022058107159639274
60516 0.9899203496434386 2743481.09572742 2771416 0.022058107159639274
61504 1.006795162676831 2788271.8836608375 2769453 0.02205810715963927
62500 1.0035927512869987 2833425.35003906 2823282 0.02205810715963927
63504 1.0075765750527117 2878941.4948620875 2857293 0.02205810715963927
64516 1.0095637685274685 2924820.31812992 2897113 0.02205810715963927
65536 1.008901586717738 2971061.8198425574 2944848 0.02205810715963927
66564 1 3017666 3017666 0.02205810715963927
67600 1.0003492203693043 3064632.858602247 3063563 0.022058107159639274
68644 0.9940142484494852 3111962.3956493 3130702 0.02205810715963927
69696 0.9940134379954589 3159654.6111411573 3178684 0.02205810715963927
70756 0.9927224210873028 3207709.50507782 3231225 0.02205810715963927
71824 0.9989648959945977 3256127.0774592874 3259501 0.02205810715963927
72900 1.0048444676928305 3304907.3282855595 3288974 0.02205810715963927
73984 1.018481258147618 3354050.2575566373 3293188 0.02205810715963927
75076 1.009884110845541 3403555.8652725196 3370244 0.02205810715963927
76176 0.9845157098156981 3453424.151433207 3507739 0.02205810715963927
77284 0.9922574538610657 3503655.1160386996 3530994 0.02205810715963927
78400 0.9952984983887029 3554248.759088997 3571038 0.02205810715963927
79524 0.9884697194753922 3605205.0805840995 3647259 0.02205810715963927
80656 0.9924265260507212 3656524.080524007 3684428 0.02205810715963927
81796 1.0156996760538037 3708205.7589087193 3650888 0.02205810715963927
82944 1.0124758114449106 3760250.115738237 3713916 0.02205810715963927
84100 1.0033677953957671 3812657.1510125594 3799860 0.02205810715963927
85264 0.9934411506329145 3865426.8647316867 3890947 0.02205810715963927
86436 0.9798872357509318 3918559.256895619 3998990 0.02205810715963927
87616 0.9733082268424927 3972054.3275043564 4080983 0.02205810715963927
88804 0.9614056402640266 4025912.076557899 4187527 0.02205810715963927
90000 0.9803761744744397 4080132.5040562465 4161803 0.02205810715963927
91204 0.9864513128337908 4134715.6099993987 4191505 0.022058107159639274
92416 0.9854133847798379 4189661.3943873565 4251679 0.02205810715963927
93636 0.9863407352136411 4244969.857220119 4303756 0.02205810715963927
94864 0.9864866876254713 4300640.998497686 4359553 0.02205810715963927
96100 0.9907566034456112 4356674.818220058 4397321 0.022058107159639274
97344 0.9965365250561175 4413071.316387236 4428409 0.02205810715963927
98596 1.0071845157645494 4469830.492999218 4437946 0.022058107159639274
99856 1.0068658314483976 4526952.348056006 4496083 0.02205810715963927
101124 1.0035912361291688 4584436.881557599 4568032 0.02205810715963927
102400 1.0016700873924156 4642284.093503996 4634544 0.02205810715963927
103684 1.002077917204914 4700493.983895198 4690747 0.02205810715963927
104976 1.0006052226554556 4759066.552731206 4756188 0.02205810715963927
106276 1.00946605593337 4818001.8000120185 4772822 0.02205810715963927
107584 1.006653728215993 4877299.725737636 4845062 0.02205810715963927
108900 0.9982128933885218 4936960.329908058 4945799 0.02205810715963927
110224 0.9986738823486132 4996983.612523286 5003619 0.02205810715963927
111556 0.9923230717548664 5057369.573583318 5096495 0.02205810715963927
112896 0.9941881184808962 5118118.213088156 5148038 0.02205810715963927
114244 1.0053092360391753 5179229.531037798 5151877 0.02205810715963927
115600 1.001886798057871 5240703.527432245 5230834 0.022058107159639274
116964 0.9964787034752738 5302540.202271498 5321278 0.02205810715963927
118336 0.9898905505342079 5364739.555555555 5419528 0.022058107159639274
119716 0.9849406259686513 5427301.587284418 5510283 0.02205810715963927
121104 0.9784207936782874 5490226.297458085 5611314 0.02205810715963927
122500 0.9827910996839109 5553513.686076557 5650757 0.022058107159639274
123904 0.9910745467011227 5617163.753139835 5667751 0.022058107159639274
125316 0.9896311441142672 5681176.498647918 5740701 0.02205810715963927
126736 0.9938650809599286 5745551.922600805 5781018 0.02205810715963927
128164 0.9927607306351689 5810290.024998497 5852659 0.02205810715963927
129600 0.9938807753684507 5875390.805840995 5911565 0.02205810715963927
131044 0.9972686933929199 5940854.265128298 5957125 0.02205810715963927
132496 0.9911680205584507 6006680.402860405 6060204 0.02205810715963927
133956 0.9885498329110217 6072869.219037318 6143210 0.02205810715963927
135424 0.9879956398018664 6139420.713659035 6214016 0.02205810715963927
136900 0.9826776992214619 6206334.886725557 6315738 0.02205810715963927
138384 0.9782182101485716 6273611.738236885 6413305 0.02205810715963927
139876 0.9590907901580126 6341251.268193017 6611732 0.02205810715963927
141376 0.9502817930887273 6409253.4765939545 6744582 0.02205810715963927
142884 0.9608500068144117 6477618.363439697 6741550 0.02205810715963927
144400 0.9785113943215324 6546345.928730245 6690107 0.02205810715963927
145924 0.9833827701390048 6615436.172465596 6727224 0.022058107159639274
147456 0.9946061390528208 6684889.094645754 6721142 0.02205810715963927
148996 0.9948393776364346 6754704.695270716 6789744 0.022058107159639274
150544 0.9872561452635967 6824882.9743404845 6912981 0.02205810715963927
152100 0.9726040053665619 6895423.931855056 7089652 0.02205810715963927
153664 0.9677324560640026 6966327.567814434 7198609 0.02205810715963927
155236 0.9707202782476337 7037593.882218616 7249868 0.022058107159639274
156816 0.9733597335341974 7109222.875067604 7303798 0.02205810715963927
158404 0.9650154452096157 7181214.546361396 7441554 0.02205810715963927
160000 0.9618103710244226 7253568.896099994 7541579 0.02205810715963927
161604 0.9727382261621579 7326285.924283396 7531611 0.02205810715963927
163216 0.9782466401501557 7399365.630911604 7563906 0.02205810715963927
164836 0.9855887756299715 7472808.015984616 7582075 0.02205810715963927
166464 0.9825779207838363 7546613.079502434 7680422 0.02205810715963927
168100 0.9794614132983422 7620780.821465055 7780583 0.022058107159639274
169744 0.9670610878742711 7695311.241872483 7957420 0.022058107159639274
171396 0.9637773547704752 7770204.340724716 8062240 0.02205810715963927
173056 0.9600497260710784 7845460.118021754 8171931 0.02205810715963927
174724 0.9540623216286223 7921078.573763596 8302475 0.02205810715963927
176400 0.9512281490002358 7997059.707950243 8407089 0.02205810715963927
178084 0.9486272876081364 8073403.520581695 8510617 0.02205810715963927
179776 0.955930107047239 8150110.011657953 8525843 0.02205810715963927
181476 0.9661823780932124 8227179.181179015 8515141 0.022058107159639274
183184 0.9652395247596851 8304611.029144883 8603679 0.02205810715963927
184900 0.9686374656848359 8382405.555555555 8653811 0.02205810715963927
186624 0.9708890101424797 8460562.760411033 8714243 0.02205810715963927
188356 0.9684071035314951 8539082.643711315 8817658 0.02205810715963927
190096 0.9709986177981005 8617965.205456402 8875363 0.02205810715963927
191844 0.9770895015297248 8697210.445646295 8901140 0.02205810715963927
193600 0.9810347279487559 8776818.364280993 8946491 0.02205810715963927
195364 0.9905037051514908 8856788.961360496 8941702 0.02205810715963927
197136 0.9970385155814342 8937122.236884803 8963668 0.02205810715963927
198916 0.995624506508832 9017818.190853914 9057449 0.022058107159639274
200704 0.9935415998920109 9098876.823267832 9158023 0.02205810715963927
202500 0.9887068289880887 9180298.134126555 9285157 0.02205810715963927
204304 0.9898095112808197 9262082.123430083 9357439 0.02205810715963927
206116 0.9884268658907058 9344228.791178415 9453637 0.02205810715963927
207936 0.9913068312235678 9426738.137371551 9509405 0.022058107159639274
209764 0.9885559985364919 9509610.162009494 9619698 0.02205810715963927
211600 0.9935567291012057 9592844.865092242 9655055 0.02205810715963927
213444 0.999037066300032 9676442.246619795 9685769 0.02205810715963927
215296 0.9954334645013229 9760402.306592152 9805178 0.02205810715963927
217156 0.9901232368258199 9844725.045009313 9942929 0.022058107159639274
219024 0.9893266402396765 9929410.461871281 10036534 0.02205810715963927
220900 0.9876087655858122 10014458.557178054 10140107 0.02205810715963927
222784 0.9846625928012269 10099869.330929631 10257188 0.02205810715963927
224676 0.9852646009104116 10185642.783126013 10337977 0.02205810715963927
226576 0.9853409076427535 10271778.913767202 10424594 0.02205810715963927
228484 0.9917258240618704 10358277.722853193 10444699 0.022058107159639274
230400 0.9919050619800869 10445139.21038399 10530382 0.02205810715963927
232324 0.9884251057658701 10532363.376359593 10655702 0.02205810715963927
234256 0.9839557225984188 10619950.22078 10793118 0.022058107159639274
236196 0.9787624246447533 10707899.743645214 10940244 0.02205810715963927
238144 0.9762895382225975 10796211.94495523 11058412 0.022058107159639274
240100 0.9711317772797458 10884886.824710052 11208455 0.022058107159639274
242064 0.9665957892025979 10973924.38290968 11353168 0.022058107159639274
244036 0.9660005058674853 11063324.619554114 11452711 0.02205810715963927
246016 0.9800714397001434 11153087.53464335 11379872 0.02205810715963927
248004 0.9788449803065828 11243213.128177393 11486204 0.02205810715963927
250000 0.9675926797180641 11333701.40015624 11713298 0.02205810715963927
252004 0.9738494637037319 11424552.350579893 11731333 0.02205810715963927
254016 0.9667456560579104 11515765.97944835 11911888 0.02205810715963927
256036 0.9659307285535592 11607342.286761612 12016744 0.022058107159639274
258064 0.98195041370515 11699281.27251968 11914330 0.02205810715963927
260100 0.980676931929744 11791582.936722552 12023922 0.02205810715963927
262144 0.9788513758588537 11884247.27937023 12141013 0.02205810715963927
