4 0.000014568362208482871 0.010897134931945187 748 367.0689612435571
16 0.0001801179327594246 0.174354158911123 968 91.76724031088928
36 0.0005122855075377598 0.8826679294875601 1723 40.78544013817301
64 0.000977116126997537 2.789666542577968 2855 22.94181007772232
100 0.001455901952215849 6.810709332465742 4678 14.682758449742282
144 0.002252062967915956 14.122686871800962 6271 10.196360034543252
196 0.003141693200240201 26.164020971600394 8328 7.4912032906848385
256 0.004152834451176729 44.634664681247486 10748 5.73545251943058
324 0.005144714851298292 71.49610228849237 13897 4.531715570908113
400 0.00644839039703248 108.97134931945187 16899 3.6706896124355706
484 0.007492483917470156 159.5449525386095 21294 3.0336277788723724
576 0.009224861806442759 225.9629899488154 24495 2.549090008635813
676 0.010440209009804653 311.2330707912865 29811 2.1720056878316987
784 0.012484695820154672 418.6243355456063 33531 1.8728008226712096
900 0.014437776915198248 551.6674559297251 38210 1.6314176055269205
1024 0.016560491487337903 714.1546348999598 43124 1.433863129857645
1156 0.0187179089883801 910.139606650994 48624 1.270134813991547
1296 0.020772805691330474 1143.9376366158779 55069 1.1329288927270282
1444 0.022569259594520743 1420.1255214660287 62923 1.016811526990463
1600 0.025507901469009844 1743.54158911123 68353 0.9176724031088926
1764 0.028092334288171157 2119.285698699632 75440 0.8323559211872043
1936 0.030605575558619202 2552.719240617752 83407 0.7584069447180931
2116 0.03352829114797336 3049.465136490473 90952 0.693892176263813
2304 0.03733961104240688 3615.4078391810463 96825 0.6372725021589533
2500 0.0392625934621374 4256.693332791088 108416 0.5873103379896913
2704 0.04223438076331841 4979.729132660584 117907 0.5430014219579247
2916 0.045432812299402055 5791.184285367882 127467 0.5035239523231236
3136 0.04963238313422329 6697.989368729701 134952 0.4682002056678024
3364 0.053554782279825755 7707.336491801124 143915 0.43646725474858156
3600 0.0572413881549121 8826.679294875601 154201 0.4078544013817301
3844 0.05993492355762845 10063.732949484951 167911 0.3819656204407462
4096 0.06502734016093603 11426.474158399356 175718 0.35846578246441124
4356 0.06804052563602622 12923.141155627369 189933 0.3370697532080414
4624 0.07407563970178906 14562.233706415904 196586 0.31753370349788673
4900 0.0767694786451694 16352.513107250246 213008 0.29964813162739357
5184 0.08254299958894938 18303.002185854046 221739 0.28323222318175706
5476 0.08416851560800731 20422.985301189325 242644 0.2681292631435771
5776 0.08953427513380274 22722.00834345646 253780 0.25420288174761574
6084 0.09499468213403398 25209.878734094204 265382 0.24133396531463322
6400 0.10010393906127768 27896.66542577968 278677 0.22941810077722316
6724 0.10582665368411627 30792.698902428365 290973 0.2183634510669584
7056 0.10995139748632964 33908.571179194114 308396 0.20808898029680106
7396 0.11473427141452978 37255.135802469136 324708 0.19852296443675344
7744 0.12055522616887507 40843.50784988403 338795 0.18960173617952328
8100 0.12647229254670067 44685.06393030773 353319 0.1812686228363245
8464 0.13116084856557328 48791.44218384757 371997 0.17347304406595326
8836 0.1365291194838403 53174.54228184922 389474 0.16616974252764014
9216 0.14572711852822323 57846.52542689674 396951 0.15931812553973831
9604 0.14803564543169542 62819.814352812544 424356 0.15288169980989466
10000 0.15448093986453684 68107.09332465741 440877 0.14682758449742284
10404 0.16278223766122932 73721.30813873051 452883 0.14112609044350521
10816 0.16579374561213503 79675.66612256934 480571 0.13575035548948117
11236 0.17147582256243563 85983.63613494979 501433 0.13067602749859633
11664 0.17785270758365584 92658.94856588611 520987 0.1258809880807809
12100 0.18650979226513342 99715.59533663093 534640 0.12134511115489491
12544 0.19517103517170048 107167.82989967521 549097 0.1170500514169506
12996 0.2015064653276395 115030.16723874833 570851 0.11297905855449587
13456 0.21049094635681462 123317.38386881798 585856 0.10911681368714539
13924 0.21564837295258685 132044.51783609026 612314 0.10544928504554929
14400 0.22446785446380288 141226.86871800962 629163 0.10196360034543253
14884 0.2283220382270825 150879.99762325888 660821 0.09864793368544937
15376 0.23744809547452717 161019.72719175922 678126 0.09549140511018656
15876 0.24476587635338212 171662.1415946702 701332 0.0924839912430227
16384 0.2539745593309574 182823.5865343897 719850 0.08961644561610281
16900 0.260399713583461 194520.66924455404 747008 0.08688022751326796
17424 0.26552342282987224 206770.2584900379 778727 0.08426743830201035
17956 0.2760350673929329 219589.48456695423 795513 0.08177076436702096
18496 0.2894673446322759 232995.73930265446 804912 0.07938342587447168
19044 0.29261860039180015 247006.6760557283 844125 0.07709913069597923
19600 0.2975162007880283 261640.20971600394 879415 0.07491203290684839
20164 0.30817759258425786 276914.5167045478 898555 0.0728166953468671
20736 0.3218287103397601 292848.03497366473 909950 0.07080805579543926
21316 0.3262189632435346 309459.464006898 948625 0.06888139636771573
21904 0.3303080060276334 326767.7648190292 989282 0.06703231578589428
22500 0.34244198064292575 344792.15995607816 1006863 0.06525670422107682
23104 0.35006449843509746 363552.13349530334 1038529 0.06355072043690393
23716 0.3600112317314257 383067.4310452014 1064043 0.06191077099739536
24336 0.37295375109499035 403358.05974550726 1081523 0.060333491328658305
24964 0.3839505586487459 424444.2882671945 1105466 0.05881572844793416
25600 0.3932507209687202 446346.6468124749 1135018 0.05735452519430579
26244 0.4038475811591819 469085.92711479845 1161542 0.0559471058136804
26896 0.4154091818418203 492683.18243885384 1186019 0.0545908627667396
27556 0.4232000140591314 517159.7275805678 1222022 0.053283344642699536
28224 0.4313439908689383 542537.1388671058 1257783 0.052022245074200266
28900 0.4452532166082907 568837.2541568712 1277559 0.050805392559661884
29584 0.44976844859538884 596082.1728395062 1325309 0.04963074110918836
30276 0.4536741958788091 624294.255835891 1376085 0.048496361638731285
30976 0.4718567551356836 653496.1255981445 1384946 0.04740043404488082
31684 0.4832191676841346 683710.6661096235 1414908 0.04634123989945172
32400 0.4955749488004517 714961.0228849237 1442690 0.045317155709081125
33124 0.506468934922911 747270.6029698788 1475452 0.04432664669044283
33856 0.5149512959428343 780663.0749415611 1515994 0.043368261016488316
34596 0.5188399197443113 815162.3689082811 1571125 0.04244062449341624
35344 0.5337037821340604 850792.6765095876 1594129 0.041542435631910034
36100 0.547381773468896 887578.4509162679 1621498 0.04067246107961851
36864 0.5696678031760444 925544.4068303478 1624709 0.03982953138493458
37636 0.5742268838172595 964715.5204850914 1680025 0.03901253706489075
38416 0.5798840191870227 1005117.0296450007 1733307 0.038220424952473665
39204 0.5876503033792496 1046774.4336058168 1781288 0.03745219480089349
40000 0.594800672025566 1089713.4931945186 1832065 0.03670689612435571
40804 0.6222608345333532 1133960.2307693239 1822323 0.035983625256696114
41616 0.637558331033278 1179540.9302196882 1850091 0.035281522610876304
42436 0.6389595081666132 1226482.1369663058 1919499 0.034599770123815356
43264 0.6471826407253124 1274810.6579611094 1969785 0.03393758887237029
44100 0.654749453748614 1324553.56168727 2022993 0.033294236847488175
44944 0.6688369978862463 1375738.1781591966 2056911 0.03266900687464908
45796 0.6880302587220684 1428392.0989225372 2076060 0.03206122466971413
46656 0.6995797816497794 1482543.1770541777 2119191 0.03147024702019523
47524 0.711676739062073 1538219.5271622427 2161402 0.030895460082784033
48400 0.7292786770937518 1595449.5253860948 2187709 0.030336277788723727
49284 0.753249552240943 1654261.8093963352 2196167 0.029792140349286348
50176 0.7652484338067156 1714685.2783948034 2240691 0.02926251285423765
51076 0.7751090270918912 1776749.0931145772 2292257 0.02874688395673562
51984 0.7908883798345299 1840482.6758199732 2327108 0.02824476463862397
52900 0.8068378981267265 1905915.7103065457 2362204 0.02775568705055252
53824 0.82367400912605 1973078.1419010877 2395460 0.027279203421786347
54756 0.8308041049781641 2042000.1774616307 2457860 0.026814885034959244
55696 0.843993124644937 2112712.2853774442 2503234 0.026362321261387323
56644 0.8565094846582603 2185245.1955690365 2551338 0.025921118652888715
57600 0.8779898896069979 2259629.899488154 2573640 0.025490900086358133
58564 0.8858707475081069 2335897.6501177815 2636838 0.025071303957622915
59536 0.8947973232480372 2414079.961972142 2697907 0.024661983421362343
60516 0.8999762616282425 2494208.6110966974 2771416 0.024262605674106492
61504 0.9302615480631545 2576315.6350681474 2769453 0.02387285127754664
62500 0.9423193761708644 2660433.3329944303 2823282 0.023492413519587654
63504 0.9612574788496395 2746594.265514723 2857293 0.023120997810755675
64516 0.9785021346421213 2834831.25479944 2897113 0.022758321113742767
65536 0.9933203291138406 2925177.3845502352 2944848 0.022404111404025703
66564 1 3017666 3017666 0.02205810715963927
67600 1.0159186241356435 3112330.7079128646 3063563 0.02172005687831699
68644 1.0250753270621726 3209205.376584198 3130702 0.02138971862033431
69696 1.0407842163110919 3308324.1358406064 3178684 0.021066859575502587
70756 1.0552410856687278 3409721.377039935 3231225 0.02075125565286659
71824 1.0779047937310857 3513431.7530712676 3259501 0.02044269109175524
72900 1.1004921833845225 3619490.1783549264 3288974 0.020140958092924943
73984 1.1320130611560808 3727931.8288424714 3293188 0.01984585646861792
75076 1.1390249910738515 3838792.1420167014 3370244 0.019557193310435136
76176 1.1266821211303502 3952106.816891653 3507739 0.01927478267399481
77284 1.15205854612401 4067911.8140126024 3530994 0.01899844527941396
78400 1.1722763396682039 4186243.355456063 3571038 0.018728008226712098
79524 1.1809246134781728 4307137.924829787 3647259 0.018463304725293353
80656 1.20252920325021 4430632.267272765 3684428 0.018204173836716776
81796 1.248124672533155 4556763.389455225 3650888 0.01795046023001404
82944 1.2616248077712677 4685568.559578636 3713916 0.017702013948859816
84100 1.2677007330206118 4817085.307375702 3799860 0.017458690189943265
85264 1.2725311920492282 4951351.424110368 3890947 0.017220349091928933
86436 1.2724225273326055 5088404.962577816 3998990 0.01698685553443274
87616 1.2811335497120344 5228284.237104467 4080983 0.01675807894647357
88804 1.2826252400397606 5371027.823547979 4187527 0.01653389312389339
90000 1.3255491812796643 5516674.559297251 4161803 0.016314176055269206
91204 1.351606056362194 5665263.543272418 4191505 0.016098809755868474
92416 1.3681263651194866 5816834.135924853 4251679 0.015887680109225984
93636 1.3874917535374152 5971425.959237171 4303756 0.015680676715945027
94864 1.4058961771363307 6129078.896723222 4359553 0.01547769274934884
96100 1.4303784266438802 6289833.093428094 4397321 0.015278624817629849
97344 1.457347086939828 6453728.955928116 4428409 0.015083372832164576
98596 1.4918629366672902 6620807.152330854 4437946 0.014891839881681088
99856 1.510450009992056 6791108.612275112 4496083 0.01470393211198354
101124 1.5246553717073201 6964674.526930933 4568032 0.014519558610955148
102400 1.5409382992155427 7141546.348999598 4634544 0.014338631298576448
103684 1.560895480552165 7321765.792713626 4690747 0.01416106482171047
104976 1.5780231634739366 7505374.833836775 4756188 0.0139867764534201
106276 1.6117122552787517 7692415.709664042 4772822 0.013815685996595923
107584 1.6270031052278922 7882930.919021661 4845062 0.0136477156916849
108900 1.6330957287724603 8076963.222267105 4945799 0.013482790128321657
110224 1.6537141699416134 8274555.641289085 5003619 0.013320836160674884
111556 1.663054993580402 8475751.459507551 5096495 0.013161782826331426
112896 1.6861946671476964 8680594.221873693 5148038 0.013005561268550066
114244 1.7254153650931365 8889127.734869933 5151877 0.01285210466172603
115600 1.7399512327307538 9101396.06650994 5230834 0.012701348139915471
116964 1.7509785330401106 9317443.546338614 5321278 0.01255322872827732
118336 1.7598054231719256 9537314.765432099 5419528 0.01240768527729709
119716 1.7714252745998296 9761054.576397773 5510283 0.012264658399664443
121104 1.7801014331713136 9988708.093374256 5611314 0.012124090409682821
122500 1.8086639882110316 10220320.692031404 5650757 0.011985925265095742
123904 1.8448125207988693 10455938.009570312 5667751 0.011850108511220205
125316 1.8631184492491966 10695605.944723312 5740701 0.011716587227283254
126736 1.892291402267555 10939370.657753976 5781018 0.01158530997486293
128164 1.911486483401325 11187278.570457116 5852659 0.01145622674833985
129600 1.9350842570721594 11439376.36615878 5911565 0.011329288927270281
131044 1.9633146844688087 11695710.989716252 5957125 0.011204449230596047
132496 1.9729252757032703 11956329.647518061 6060204 0.011081661672610708
133956 1.9893963917046575 12221279.80748397 6143210 0.010960881520605485
135424 2.0100703311779333 12490609.199064977 6214016 0.010842065254122079
136900 2.0210410585814875 12764365.813243328 6315738 0.010725170525743085
138384 2.0336780961660947 13042597.902532497 6413305 0.01061015612335406
139876 2.0154104826053447 13325353.980977202 6611732 0.01049698193381444
141376 2.0183137849244623 13612682.824153401 6744582 0.010385608907977508
142884 2.0625276782295296 13904633.469168285 6741550 0.010275999027002523
144400 2.122724676101636 14201255.214660287 6690107 0.010168115269904628
145924 2.1558071532624865 14502597.620799078 6727224 0.010061921582290976
147456 2.203302728804951 14808710.509285565 6721142 0.009957382846233645
148996 2.2268356455489187 15119643.963351898 6789744 0.009854464851232439
150544 2.2328208811454076 15435448.327761462 6912981 0.009753134266222688
152100 2.2224185628305704 15756174.208808878 7089652 0.009653358612585327
153664 2.234025000429946 16081872.474320011 7198609 0.009555106238118416
155236 2.263847321585988 16412594.253651962 7249868 0.009458346291931178
156816 2.293107084518639 16748390.937693069 7303798 0.009363048700223373
158404 2.29647116433784 17089314.17886291 7441554 0.0092691841429145
160000 2.311905224504351 17435415.891112298 7541579 0.009176724031088927
161604 2.3616127080810854 17786748.249923293 7531611 0.00908564048522455
163216 2.398676516116036 18143363.692309182 7563906 0.008995906314174029
164836 2.4406662973941167 18505314.9168145 7582075 0.008907494994869012
166464 2.457241917633564 18872654.88351501 7680422 0.008820380652719076
168100 2.473521176243185 19245436.814017728 7780583 0.008734538042678337
169744 2.466090038160722 19623714.191460893 7957420 0.008649942530953839
171396 2.481635471099098 20007540.760513995 8062240 0.008566570077331024
173056 2.4959792890294534 20396970.52737775 8171931 0.008484397218092573
174724 2.504320429725368 20792057.759784125 8302475 0.008403401049507958
176400 2.5208317631699058 21192856.98699632 8407089 0.008323559211872044
178084 2.5379385536687606 21599422.999808766 8510617 0.008244849874071945
179776 2.5817752978265194 22011810.850547146 8525843 0.00816725171866227
181476 2.634140274725735 22430075.85306837 8515141 0.008090743927429679
183184 2.656337316020344 22854273.582760595 8603679 0.008015306167428533
184900 2.6906596269023217 23284459.87654321 8653811 0.007940918577470138
186624 2.7220598315730746 23720690.832866844 8714243 0.007867561755048807
188356 2.7402993869475734 24163022.811713368 8817658 0.007795216743688698
190096 2.773014741436027 24611512.434595883 8875363 0.007723865020696008
191844 2.8160681198766384 25066216.58455874 8901140 0.007653488485301747
193600 2.853318961163379 25527192.406177517 8946491 0.007584069447180932
195364 2.907108434787811 25994497.30555904 8941702 0.0075155906153345975
197136 2.9528301305159186 26468188.950341363 8963668 0.007448035087321587
198916 2.9752665755770513 26948325.26969379 9057449 0.007381386338827588
200704 2.9957300232066304 27434964.454316854 9158023 0.007315628213559413
202500 3.0078290497879934 27928164.956442334 9285157 0.007250744913452979
204304 3.038009170012568 28427985.489833236 9357439 0.007186720989183905
206116 3.0606723137120473 28934485.02978382 9453637 0.0071235413309700775
207936 3.0966945684950398 29447722.81311957 9509405 0.007061191159655992
209764 3.115249391217606 29967758.33819722 9619698 0.006999656018069012
211600 3.1584130142091094 30494651.36490473 9655055 0.00693892176263813
213444 3.203510419736555 31028461.91466131 9685769 0.006878974555266151
215296 3.2196509100005533 31569250.270417403 9805178 0.006819800855446587
217156 3.230142443605369 32117076.97665469 9942929 0.006761387412616867
219024 3.255307344087719 32672002.83938609 10036534 0.006703721258739811
220900 3.2774889777943925 33234088.926155765 10140107 0.006646789701105606
222784 3.2955812612617716 33803396.56603911 10257188 0.006590580315346831
224676 3.3256010677565593 34379987.34964275 10337977 0.006535080938659352
226576 3.3539841579542173 34963923.129104584 10424594 0.006480279663222179
228484 3.4041446305052645 35555266.018093705 10444699 0.0064261648298096505
230400 3.4333111934410794 36154078.39181046 10530382 0.006372725021589533
232324 3.4498358613056612 36760422.88698646 10655702 0.0063199490581008775
234256 3.4627956816449617 37374362.4018845 10793118 0.006267825989405729
236196 3.473045034123432 37995960.09629867 10940244 0.006216345090408934
238144 3.4928414126326883 38625279.39155427 11058412 0.006165495855340586
240100 3.502925601299005 39262383.97050784 11208455 0.006115267992395787
242064 3.5150838759320004 39907337.77754716 11353168 0.006065651418526623
244036 3.5415374594356956 40560205.01859125 11452711 0.006016636254381437
246016 3.622277136429158 41221050.16109036 11379872 0.00596821281938666
248004 3.6469784041817466 41889937.934025995 11486204 0.005920371626966615
250000 3.6340690152261885 42566933.327910885 11713298 0.005873103379896914
252004 3.686887210071439 43252101.594789006 11731333 0.005826398965787164
254016 3.6892143586504145 43945508.24823557 11911888 0.005780249452688919
256036 3.7154173429472257 44647219.06335702 12016744 0.005734646084824901
258064 3.8069534817980566 45357300.07679104 11914330 0.005689580278435692
260100 3.8320123489412667 46075817.58670657 12023922 0.005645043617740209
262144 3.8549368288135235 46802838.152803764 12141013 0.005601027851006426
