4 0.030261545176770186 22.6356357922241 748 0.17671250928034893
16 0.18707137018367026 181.0850863377928 968 0.08835625464017446
36 0.3056357674555591 526.6104273259283 1723 0.06836173028856296
64 0.3805641043876556 1086.5105180267567 2855 0.05890416976011632
100 0.4018488375578623 1879.84886209568 4678 0.053195765902434675
144 0.46584669077081503 2921.324597823781 6271 0.04929270787206315
196 0.5070740955840488 4222.913068023959 8328 0.04641345839773939
256 0.5391442838490296 5794.72276280937 10748 0.04417812732008723
324 0.5501547954735956 7645.501192696557 13897 0.042377862723964294
400 0.5789075701287135 9782.95902760513 16899 0.0408874246402645
484 0.5735883565857084 12213.990465136074 21294 0.03962668886810924
576 0.6101175727852783 14944.829945375393 24495 0.03854175672157718
676 0.6031722390195472 17981.16761741172 29811 0.037594888962906296
784 0.6360751807990145 21328.236887371753 33531 0.03675878152235823
900 0.6540403661020389 24990.882388758906 38210 0.03601313415027022
1024 0.6718674940647169 28973.61381404685 43124 0.03534250185606978
1156 0.6844490226742702 33280.649278513716 48624 0.034734899260103196
1296 0.6885171469877215 37915.950767466835 55069 0.03418086514428149
1444 0.6815195315678965 42883.25348484675 62923 0.03367281823684979
1600 0.7049594081797458 48186.09042731016 68353 0.03320460294270267
1764 0.7135182021051866 53827.81316681528 75440 0.03277116227132002
1936 0.7171053938396148 59811.60958398075 83407 0.032368297951950044
2116 0.7272024707672773 66140.5191212254 90952 0.03199249156363133
2304 0.7520521146173267 72817.44599782265 96825 0.03164076916497309
2500 0.7364703617053197 79845.17073464394 108416 0.03131059746003245
2704 0.739789497359702 87226.36026519038 117907 0.030999803176231938
2916 0.7450051923645951 94963.57685513784 127467 0.030706509764772353
3136 0.7636736470047922 103059.28601059072 134952 0.030429087192373274
3364 0.7748731092825987 111515.86352240518 143915 0.030166111741798268
3600 0.7803814616509445 120335.60176803729 154201 0.029916333546405275
3844 0.7713652790570379 129520.7153717463 167911 0.029678650160069545
4096 0.7914575985808219 139073.34630742486 175718 0.02945208488005816
4356 0.7844638294289561 148995.5685149299 189933 0.02923576884478623
4624 0.8102784129585316 159289.3920898659 196586 0.02902892615342075
4900 0.7978891266891983 169956.76709781276 213008 0.028830861422422645
5184 0.8162731276707741 180999.58705658978 221739 0.028640949320946324
5476 0.7930123643032565 192419.69212399938 242644 0.028458625723562368
5776 0.8047082986183253 204218.8720233586 253780 0.028283380192890988
6084 0.8154240631799237 216398.8687348145 265382 0.028114749562095098
6400 0.8216012766636615 228961.37897679917 278677 0.027952312431908075
6724 0.8313763012337712 241908.0564988941 290973 0.027795684431993026
7056 0.8276388610901062 255240.5142047444 308396 0.027644514124195583
7396 0.8283144428884344 268960.32612141775 324708 0.02749847944734123
7744 0.8355171393605837 283069.02922966896 338795 0.027357284620907366
8100 0.8422081042001992 297568.1251679102 353319 0.027220657439130533
8464 0.8399505421313823 312459.0818212478 371997 0.027088346898625597
8836 0.8415024746342334 327743.3348056934 389474 0.026960121111962596
9216 0.8651503305359477 343422.288856575 396951 0.026835765467304658
9604 0.8471597411824454 359497.3191292178 424356 0.02671508100050097
10000 0.8527770158550707 375969.772419136 440877 0.026597882951217337
10404 0.8674226418484283 392840.96830824175 452883 0.02648399947898643
10816 0.8533852443092393 410112.20024293545 480571 0.026373270518636114
11236 0.8531244185152744 427784.7365493696 501433 0.02626554675754141
11664 0.8557983623212803 445859.82139067684 520987 0.026160688719649456
12100 0.8685071743051422 464338.67567050125 534640 0.02605856594333371
12544 0.8800312110369891 483222.4978867776 549097 0.02595905624191187
12996 0.8802865632876964 502512.4649393448 570851 0.025862045037168716
13456 0.8913619266418072 522209.73289466265 585856 0.025767424757504993
13924 0.8856819176282417 542315.4377106192 612314 0.02567509429342463
14400 0.8945705579065457 562830.695924156 629163 0.025584958504005377
14884 0.8833808327886289 583756.6053042145 660821 0.025496927768797518
15376 0.8923035622764715 605094.2454722945 678126 0.02541091758028299
15876 0.8937916400402869 626844.6784927344 701332 0.02532684817261955
16384 0.9015891497320961 649008.9494346494 719850 0.025244644182906992
16900 0.8990373421801588 671588.0869073161 747008 0.025164234341655795
17424 0.8919468614426467 694583.1035706479 778727 0.02508555118952409
17956 0.9025559564988701 717994.9966222857 795513 0.0250085308177239
18496 0.9216221751728236 741824.7482627078 804912 0.024933112629790394
19044 0.9075354078361212 766073.3261396658 844125 0.024859239122663326
19600 0.8991678374523393 790741.6837731489 879415 0.024786855685254256
20164 0.9079363655669433 815830.7609620048 898555 0.024715910412869423
20736 0.924601883810373 841341.4841732489 909950 0.024646353936031574
21316 0.9142440552536987 867274.7669150399 948625 0.02457813926239614
21904 0.903313221199028 893631.5100942168 989282 0.024511221630592044
22500 0.9141388673128718 920412.60235924 1006863 0.02444555837493648
23104 0.9124626470992345 947618.9204293209 1038529 0.024381108800078287
23716 0.9165525541829324 975251.3294104699 1064043 0.024317834064718574
24336 0.9276831681796406 1003310.6830991494 1081523 0.02425569707364021
24964 0.933360071023596 1031797.8242741706 1105466 0.024194662377352072
25600 0.9345345932640989 1060713.584977431 1135018 0.024134696078720153
26244 0.9384583482853481 1090058.7867840598 1161542 0.024075765746016525
26896 0.9441958695960951 1119834.2410624912 1186019 0.024017840331870238
27556 0.9410965999179753 1150040.749224964 1222022 0.023960890097651368
28224 0.9386985696013628 1180679.102968911 1257783 0.02390488654286209
28900 0.9484885508298835 1211750.0845096752 1277559 0.023849802339146648
29584 0.9380864891168479 1243254.4668049605 1325309 0.023795611268566698
30276 0.9266818646896146 1275193.0137714082 1376085 0.023742288165819022
30976 0.9441281324280217 1307566.480493659 1384946 0.023689808864100978
31684 0.9473235103810627 1340375.6134262485 1414908 0.023638150144353807
32400 0.9521249544868654 1373621.1505886558 1442690 0.023587289687637094
33124 0.9538119991391216 1407303.8217538153 1475452 0.02353720603040791
33856 0.9508113809357925 1441424.348630376 1515994 0.023487878522497254
34596 0.9394436757348954 1475983.4450389876 1571125 0.023439287287592956
35344 0.9478416220286224 1510981.8170828659 1594129 0.023391413186054012
36100 0.9536984709897185 1546420.1633128866 1621498 0.023344237779894948
36864 0.973896971634574 1582299.1748874371 1624709 0.023297743299791875
37636 0.9634496723127598 1618619.5357272443 1680025 0.02325191261397335
38416 0.9550425416071078 1655381.9226653911 1733307 0.023206729198869704
39204 0.9502040128225852 1692587.005592717 1781288 0.023162177111404315
40000 0.9444181552503785 1730235.4475987847 1832065 0.023118240962819177
40804 0.9703701841597808 1768327.9051086043 1822323 0.02307490589393485
41616 0.9766357590060525 1806865.0280152666 1850091 0.023032157551752877
42436 0.961629810595715 1845847.4598086642 1919499 0.022989982067314927
43264 0.9570972657931893 1885275.8377004375 1969785 0.02294836603473962
44100 0.9516349254521919 1925150.792745306 2022993 0.02290729649136339
44944 0.9555459375534033 1965472.9499589084 2056911 0.022866760898917298
45796 0.9663703979809342 2006242.9284322981 2076060 0.02282674712567612
46656 0.9661523390025767 2047461.3414432094 2119191 0.022787243429520987
47524 0.9665618874065158 2089128.7965642181 2161402 0.02274823844186054
48400 0.9741907610966158 2131245.8957679165 2187709 0.02270972115235949
49284 0.9898214641824585 2173813.2355291974 2196167 0.02267168089442707
50176 0.9893516807648932 2216831.4069247693 2240691 0.022634107331420888
51076 0.9860591529352911 2260300.9957299917 2292257 0.022596990443524707
51984 0.9901657260914075 2304222.5825131233 2327108 0.02256032051526165
52900 0.9942395926546082 2348596.742727086 2362204 0.02252408812360647
53824 0.9991500783978099 2393424.046798818 2395460 0.02248828412666326
54756 0.9922066595397263 2438705.060216312 2457860 0.022452899652876914
55696 0.9924922494714459 2484440.3436134052 2503234 0.02241792609074885
56644 0.991883651971009 2530630.4528524103 2551338 0.022383355079029214
57600 1.0014127613437198 2577275.939104651 2573640 0.022349178497359623
58564 0.9952743964282134 2624377.3489289773 2636838 0.02231538845734219
59536 0.9903733614050898 2671935.2243483216 2697907 0.02228197729401194
60516 0.9814297467158932 2719950.102924374 2771416 0.022248937557691147
61504 0.9996279112988796 2768422.517830416 2769453 0.02221626200620563
62500 0.9978999610816052 2817352.9979223963 2823282 0.02218394359744393
63504 1.0033069999500532 2866742.0678082877 2857293 0.022151975482241678
64516 1.0067229852324653 2916590.2479157834 2897113 0.022120350997574513
65536 1.0074876715397185 2966898.0545583973 2944848 0.022089063660043616
66564 1 3017666 3017666 0.02205810715963927
67600 1.001740324099048 3068894.5925178514 3063563 0.02202747535376837
68644 0.9967682444589658 3120584.336464173 3130702 0.021997162261532772
69696 0.9981287011625894 3172735.7323263045 3178684 0.021967162058246083
70756 0.9981815802940022 3225349.2767854873 3231225 0.02193746907017719
71824 1.005805938631195 3278425.4627743186 3259501 0.021908077769509517
72900 1.0130711825429184 3331964.779532912 3288974 0.021878982769505565
73984 1.0281732208011836 3385967.7126638084 3293188 0.021850178819866922
75076 1.0208266060812412 3440434.7441856666 3370244 0.021821660802280412
76176 0.9964727571195515 3495366.3525857786 3507739 0.02179342372614162
77284 1.0055987104116961 3550763.012871437 3530994 0.021765462724447456
78400 1.0099655048812666 3606625.196620188 3571038 0.02173777304984992
79524 1.004303059373905 3662953.3720290093 3647259 0.021710350070863582
80656 1.00958629235323 3719748.003962426 3684428 0.021683189268219775
81796 1.0345454459297638 3777009.5539996237 3650888 0.021656286231360733
82944 1.0325323675819686 3834738.480480555 3713916 0.021629636655067484
84100 1.0244943862539897 3892935.238551085 3799860 0.02160323633621536
85264 1.0155883079895995 3951600.2802072084 3890947 0.021577081170651463
86436 1.0029367551152524 4010734.054338343 3998990 0.02155116715018879
87616 0.9973913164474695 4070337.0067697433 4080983 0.021525490359711727
88804 0.9863601071238588 4130409.5803040513 4187527 0.021500046974388162
90000 1.0070039871570091 4190952.214762002 4161803 0.021474833256983572
91204 1.0144244959799222 4251965.347022324 4191505 0.02144984555527262
92416 1.0145284747651053 4313449.411060829 4251679 0.021425080299544225
93636 1.0166479786467313 4375404.837988742 4303756 0.021400534000195967
94864 1.0179557528238024 4437832.056090266 4359553 0.021376203245414217
96100 1.0235167027513847 4500731.490859422 4397321 0.02135208469893625
97344 1.030641832097298 4564103.565036164 4428409 0.021328175097891033
98596 1.0428132065243259 4627948.698641806 4437946 0.021304471250715377
99856 1.0436344945175087 4692267.309013764 4496083 0.02128097003514236
101124 1.0413805793916597 4757059.810839642 4568032 0.021257668396259068
102400 1.0405180350409147 4822326.616190661 4634544 0.021234563344630867
103684 1.0420660365085725 4888068.134554477 4690747 0.021211651954489433
104976 1.0416503243495354 4954284.7728673685 4756188 0.02118893136198215
106276 1.0519933355037836 5020976.935545839 4772822 0.021166398763480188
107584 1.0501712928580944 5088145.024517625 4845062 0.021144051413943214
108900 1.0424583447997267 5155789.439252143 4945799 0.021121886625338242
110224 1.0440264490142799 5223910.576790382 5003619 0.021099901765110732
111556 1.0384605168403478 5292508.831774248 5096495 0.02107809425470571
112896 1.0414811616533088 5361584.596475377 5148038 0.021056461568137168
114244 1.054205731391384 5431138.260823449 5151877 0.021035001230603683
115600 1.0516812830294322 5501170.212433977 5230834 0.021013710817148687
116964 1.0470568981052333 5571680.836635619 5321278 0.020992587951363533
118336 1.0411737916100812 5642670.516497 5419528 0.020971630304131884
119716 1.0369956738797395 5714139.632853072 5510283 0.02095083559241372
121104 1.031146815938479 5786088.56433101 5611314 0.020930201578067634
122500 1.0367668769645666 5858517.687375663 5650757 0.02090972606670992
123904 1.0465222230607114 5931427.37627457 5667751 0.02088940690660905
125316 1.046007796466414 6004818.00318254 5740701 0.020869241987614414
126736 1.0514912664423157 6078689.938145823 5781018 0.020849229240117843
128164 1.0513244576740022 6153043.549125868 5852659 0.02082936663404692
129600 1.0535076924676774 6227879.202022686 5911565 0.02080965217788884
131044 1.058093839007543 6303197.260697809 5957125 0.020790083917743753
132496 1.0526045141379552 6378998.0869968925 6060204 0.02077065993640649
133956 1.0507995072237342 6455282.0407719165 6143210 0.020751378352475775
135424 1.0511800226943482 6532049.479903043 6214016 0.020732237319489828
136900 1.046481149205382 6609300.760320101 6315738 0.020713235025087536
138384 1.0426817742215182 6687036.236023734 6413305 0.02069436969019422
139876 1.0232199761130971 6765256.2591062 6611732 0.020675639568231208
141376 1.014734668474908 6843961.179771831 6744582 0.02065704294434839
142884 1.0269376250798679 6923151.346357183 6741550 0.02063857813467888
144400 1.0467436627472233 7002827.105350837 6690107 0.02062024348561518
145924 1.0528843400209242 7082988.801412922 6727224 0.02060203737310596
147456 1.0658362488687634 7163636.7773942975 6721142 0.020583958201972893
148996 1.0670168675513327 7244771.374355457 6789744 0.020566004405246766
150544 1.0598022664296523 7326392.931585124 6912981 0.02054817444352232
152100 1.044973968626185 7408501.78661857 7089652 0.020530466804331075
153664 1.040631360205235 7491098.275255647 7198609 0.020512880001531678
155236 1.0447338808897668 7574182.731578533 7249868 0.02049541257471713
156816 1.0484621135427379 7657755.487969222 7303798 0.020478063088638313
158404 1.0403494854874051 7741816.875126741 7441554 0.02046083013264335
160000 1.0377624131609713 7826367.222084104 7541579 0.02044371232013225
161604 1.0504269081641389 7911406.856225018 7531611 0.02042670828802634
163216 1.057249535266611 7996936.10330033 7563906 0.020409816696252064
164836 1.066061109583358 8082955.2874442395 7582075 0.02039303622723858
166464 1.0636739402067052 8169464.731190264 7680422 0.020376365585428845
168100 1.0611627374821364 8256464.755486973 7780583 0.02035980349680368
169744 1.0485755030793247 8343955.679713479 7957420 0.02034334870841845
171396 1.0458554721386022 8431937.821694724 8062240 0.02032699998795192
173056 1.0426435927709785 8520411.497716535 8171931 0.020310756123266924
174724 1.0369651245611025 8609377.022540439 8302475 0.02029461592198256
176400 1.034702345772515 8698834.709418308 8407089 0.02027857821105741
178084 1.0326848065312721 8788784.870106757 8510617 0.020262641836383558
179776 1.041448665531532 8879227.814881355 8525843 0.02024680566239106
181476 1.0534369134404977 8970163.852550633 8515141 0.020231068571662486
183184 1.0532230793907917 9061593.290469887 8603679 0.020215429464557334
184900 1.057743973672963 9153516.434554799 8653811 0.020199887258845896
186624 1.0610139732498676 9245933.589294845 8714243 0.020184440889352437
188356 1.059107198052652 9338845.057766551 8817658 0.020169089307607233
190096 1.0627453932471869 9432251.141646532 8875363 0.0201538314815074
191844 1.070217089184573 9526152.141224371 8901140 0.020138666394986085
193600 1.075343210585615 9620548.35541531 8946491 0.020123593047689896
195364 1.0865314099902668 9715440.081772787 8941702 0.02010861045466421
197136 1.0945103741571822 9810827.616500761 8963668 0.020093717646046328
198916 1.0937639565473598 9906711.254465928 9057449 0.020078913666765952
200704 1.0922762794120209 10003091.289209714 9158023 0.020064197576253096
202500 1.0877541449175454 10099968.012960162 9285157 0.02004956844815294
204304 1.089757754941668 10197341.716643605 9357439 0.02003502537004766
206116 1.089021367109424 10295212.689896233 9453637 0.020020567443184846
207936 1.0929791318253321 10393581.221075471 9509405 0.020006193782212432
209764 1.0907252594906027 10492447.597271232 9619698 0.01999190351491994
211600 1.097022451380857 10591812.104317 9655055 0.019977695781985813
213444 1.1038540178689773 10691675.026800787 9685769 0.01996356973673074
215296 1.1006466836273592 10792036.648075942 9805178 0.019949524544876713
217156 1.0955420933078985 10892897.25027181 9942929 0.019935559384311765
219024 1.0954236905194832 10994257.11430427 10036534 0.019921673444860136
220900 1.0942800228721565 11096116.519886116 10140107 0.01990786592805779
222784 1.0917685963772268 11198475.745537333 10257188 0.019894136046933075
224676 1.0931863234552774 11301335.06859522 10337977 0.01988048302579243
226576 1.0940181234131883 11404694.765224382 10424594 0.019866906100011017
228484 1.1018560812931644 11508555.110426633 10444699 0.01985340451582804
230400 1.1028010548953222 11612916.378050713 10530382 0.019839977530146807
232324 1.099672160576745 11717778.840801943 10655702 0.0198266244103392
234256 1.095433476244003 11823142.770251721 10793118 0.019813344434054615
236196 1.0903786457456446 11929008.436846914 10940244 0.019800136889033128
238144 1.08834578689229 12035376.10991914 11058412 0.019787001072922843
240100 1.083311308980044 12142246.05769392 11208455 0.019773936293101303
242064 1.0789603877349239 12249618.54729973 11353168 0.019760941866500806
244036 1.0790016306861259 12357493.844776932 11452711 0.01974801711943763
246016 1.0954316722619215 12465872.215086617 11379872 0.01973516138744493
248004 1.0947702062508473 12574753.922119308 11486204 0.01972237401510933
250000 1.0828836787643916 12684139.228703592 11713298 0.01970965435591105
252004 1.0905860737747899 12794028.396614628 11731333 0.01969700177206748
254016 1.0833229532197204 12904421.686582549 11911888 0.019684415634380167
256036 1.0830986628574915 13015319.358300783 12016744 0.019671895322085037
258064 1.1017591144809873 13126721.670434263 11914330 0.01965944022270586
260100 1.10102418167945 13238628.880627535 12023922 0.019647049731910816
262144 1.0996645210340181 13351041.245512787 12141013 0.019634723253372104
