4 0.07224562986190504 64.73208435626691 896 0.06179315929308165
16 0.38246430934278824 517.8566748501353 1354 0.030896579646540825
36 0.47090997369925486 1505.970095890217 3198 0.023904857140419837
64 0.615640984565249 3107.1400491008117 5047 0.02059771976436055
100 0.6031508180851055 5375.883241592545 8913 0.018601594474060065
144 0.6706996965628194 8354.235420386478 12456 0.01723676587430168
196 0.7061421459159845 12076.442979455165 17102 0.016229944556807128
256 0.7559606585103019 16571.41359520433 21921 0.015448289823270412
324 0.7592777779263191 21864.162893166285 28796 0.014818769947111364
400 0.7733508790910235 27976.741401996867 36176 0.0142975907827296
484 0.7804460898213529 34928.86474995465 44755 0.013856734350366438
576 0.789171316730341 42738.36182884835 54156 0.01347735325716674
676 0.8058912814976001 51421.504998517375 63807 0.013146250776197448
784 0.8202318480339017 60993.26045164897 74361 0.01285387916951084
900 0.824583569953367 71467.48259142827 86671 0.012593139808004725
1024 0.8353116447332136 82857.06797602166 99193 0.012358631858616327
1156 0.8418089610554313 95174.07932796601 113059 0.012146164251470939
1296 0.8433788630282938 108429.84690409563 128566 0.011952428570209919
1444 0.8479109216838966 122635.05242498533 144632 0.011774773781609306
1600 0.8549488416635806 137799.79935049426 161179 0.011611047385710588
1764 0.870690190970352 153933.6723126034 176795 0.011459481044652319
1936 0.8644482800479704 171045.78782825175 197867 0.011318606699300604
2116 0.8658099327995266 189144.83791938456 218460 0.011187194021662175
2304 0.8744436144629948 208239.1279046031 238139 0.011064203078373872
2500 0.8789817662928562 228336.60935696043 259774 0.010948748021793256
2704 0.8788377367798402 249444.90901890595 283835 0.01084006889791869
2916 0.8893801987558027 271571.3543098856 305349 0.010737509511671841
3136 0.894607265398396 294722.99594190915 329444 0.010640499869979999
3364 0.8930582283832016 318906.62806449935 357095 0.010548542124748896
3600 0.9024033394424325 344128.80628635327 381347 0.010461199220283818
3844 0.8936851747991109 370395.8638620647 414459 0.010378085651171052
4096 0.9097549358479476 397713.9262849039 437166 0.010298859882180275
4356 0.8942524256012033 426088.92448833334 476475 0.010223218088174621
4624 0.9071994304747604 455526.6068277086 502124 0.010150888950706037
4900 0.9059996085225122 486032.54998798686 536460 0.010081629306763738
5184 0.9081552546531414 517612.16894210444 569960 0.010015220489493238
5476 0.9089809820211109 550270.7260671019 605371 0.00995146523446395
5776 0.915111753136052 584013.3395103908 638188 0.009890185050982441
6084 0.9249593691455824 618844.990886221 669051 0.009831217978006686
6400 0.9170815275276958 654770.532372004 713972 0.00977441665985646
6724 0.9237477543935269 691794.6932653122 748900 0.009719646689196644
7056 0.9312582591711535 729922.0860548684 783802 0.009666785174479019
7396 0.9251794794702692 769157.212052403 831360 0.009615719496752384
7744 0.926342149224074 809504.46662674 873872 0.009566346226932846
8100 0.931738709309319 850968.1440767128 913312 0.009518570179602169
8464 0.9302334058342554 893552.442175399 960568 0.009472303583429261
8836 0.9260598465111836 937261.4664145828 1012096 0.009427465351585824
9216 0.9337052888539511 982099.2339752514 1051830 0.009383980438205127
9604 0.9290152811275468 1028069.6774472093 1106623 0.009341779269132426
10000 0.9366792538449891 1075176.648318509 1147860 0.009300797237030032
10404 0.9365214066139615 1123423.9202533164 1199571 0.009260974252403352
10816 0.933981244306013 1172815.1921749695 1255716 0.009222254343364942
11236 0.9431121023919987 1223354.0911693715 1297146 0.00918458529799807
11664 0.9430911721014573 1275044.1752224166 1351984 0.009147918344056864
12100 0.9484534813967265 1327888.9358038567 1400057 0.009112207861476826
12544 0.9498680599445909 1381891.8003088895 1454825 0.009077411123791373
12996 0.9463531164342421 1437056.1343677253 1518520 0.00904348806507685
13456 0.9517124135729523 1493385.2440324796 1569156 0.009010401069496134
13924 0.9526064625214815 1550882.3778499353 1628041 0.008978114780892364
14400 0.9577648981915055 1609550.7288279743 1680528 0.008946595930210688
14884 0.9485470231522947 1669393.4363028347 1759948 0.008915813178805371
15376 0.9490111187174569 1730413.587713749 1823386 0.008885736975930146
15876 0.9545077424899499 1792614.2202909929 1878051 0.008856339428916763
16384 0.9667680086294982 1855998.3226628848 1919797 0.008827594184725951
16900 0.9569542175164661 1920568.8363868468 2006960 0.008799476321709904
17424 0.9506762312399258 1986328.6574092323 2089385 0.008771962250560346
17956 0.9534160585967897 2053280.6374582807 2153604 0.0087450296235333
18496 0.9589157736177345 2121427.585374213 2212319 0.0087186572511441
19044 0.9565546604380957 2190772.268380199 2290274 0.008692825025615577
19600 0.9559170668319473 2261317.4132976546 2365600 0.00866751385044063
20164 0.9590520194851286 2333065.7077090633 2432679 0.008642705575489296
20736 0.9607968562599455 2406019.8010713053 2504192 0.008618382937150842
21316 0.9579991903115824 2480182.3057822715 2588919 0.008594529503054714
21904 0.9606633933037811 2555555.7982033254 2660199 0.008571129620961331
22500 0.9651256610642162 2632142.819640028 2727254 0.008548168371455278
23104 0.964110150284422 2709945.877283361 2810826 0.008525631524110388
23716 0.9689957505143993 2788967.445113546 2878204 0.008503505496828939
24336 0.9731921843592468 2869209.964768412 2948246 0.008481777318086331
24964 0.9692180649700842 2950675.846378145 3044388 0.0084604345918385
25600 0.9673579273456862 3033367.4693681244 3135724 0.008439465464872507
26244 0.9682868471830236 3117287.183231471 3219384 0.008418858596401343
26896 0.9720771801204846 3202437.308272788 3294427 0.00839860312972252
27556 0.9710758113383584 3288820.1363245253 3386780 0.008378688665776554
28224 0.9762449720037614 3376437.931437293 3458597 0.008359105238456292
28900 0.9762752572036452 3465292.9305453673 3549504 0.00833984329153141
29584 0.9712506553816892 3555387.344108562 3660628 0.008320893657064406
30276 0.9706277930240939 3646723.3567315834 3757077 0.008302247535205195
30976 0.9696088008557717 3739303.1277618897 3856507 0.008283896475261227
31684 0.9740186873848282 3833128.7918670685 3935375 0.008265832357948798
32400 0.979098388482282 3928202.459592613 4012061 0.008248047378739269
33124 0.9821412804874305 4024526.2179010273 4097706 0.008230534032220982
33856 0.9777929162515829 4122102.1306930394 4215721 0.008213285097404384
34596 0.9722252013090652 4220932.239311729 4341517 0.008196293623903632
35344 0.9720254401495634 4321018.563030305 4445376 0.008179552918933413
36100 0.9748194736107776 4422363.099524233 4536597 0.008163056535064639
36864 0.9808106181748344 4524967.825328362 4613498 0.008146798258687044
37636 0.9785641961840131 4628834.696279701 4730231 0.00813077209913089
38416 0.9760186413792896 4733965.647946424 4850282 0.008114972278403566
39204 0.9775794796483149 4840362.596043675 4951375 0.008099393221500354
40000 0.9806805101802921 4948027.436836705 5045504 0.008084029547251697
40804 0.9849109128114276 5056962.047531855 5134436 0.008068876059672062
41616 0.9803420568329186 5167168.2866558675 5270781 0.008053927739778222
42436 0.9784986568935057 5278647.994423982 5394640 0.008039179737847004
43264 0.9791404717461196 5391402.993097261 5506261 0.00802462736608484
44100 0.9807887639403169 5505435.087329554 5613273 0.008010266091683406
44944 0.9855603130201891 5620746.064504501 5703097 0.007996091530237464
45796 0.9847375006136788 5737337.695062953 5826261 0.007982099439502751
46656 0.987992775481178 5855211.732821165 5926371 0.007968285713473277
47524 0.9893593185998653 5974369.915280111 6038625 0.007954646376758847
48400 0.9908065889635336 6094813.963926256 6151366 0.007941177579244913
49284 0.9943820719376225 6216545.584524061 6251667 0.007927875591018157
50176 0.9884131761369157 6339566.4674005695 6413883 0.007914736797542215
51076 0.9870719674715694 6463878.287722336 6548538 0.007901757695069093
51984 0.9886459881549631 6589482.705764946 6665159 0.007888934886272745
52900 0.99239571455607 6716381.36717544 6767846 0.007876265076092155
53824 0.9909908935002961 6844575.903227845 6906800 0.007863745067772139
54756 0.9906670148416884 6974067.931072073 7039770 0.00785137175909079
55696 0.9932405256850947 7104859.053976402 7153211 0.007839142138763248
56644 0.996027131093968 7236950.861563781 7265817 0.007827053283012095
57600 0.9971089158662286 7370344.93004214 7391715 0.007815102352295291
58564 0.9933048356965278 7505042.822428921 7555629 0.0078032865881831745
59536 0.9908750937921635 7641046.088770015 7711412 0.007791603310376519
60516 0.9896436042030957 7778356.266353303 7859755 0.007780049913858149
61504 0.9874637579466271 7916974.879916956 8017484 0.007768623866171108
62500 0.9868715773846891 8056903.4418526795 8164085 0.007757322704816749
63504 0.9930475114170685 8198143.452404066 8255540 0.007746144034766525
64516 0.9987427429388779 8340696.399860186 8351196 0.007735085526081668
65536 1.0072782726140987 8484563.760744616 8423257 0.007724144911635206
66564 1 8629747 8629747 0.007713319984931192
67600 0.9969676692333048 8776247.571168298 8802941 0.007702608598016232
68644 0.9946785449721821 8924066.916566873 8971810 0.007692008659478726
69696 0.9914425655476384 9073206.467460524 9151520 0.007681518132531489
70756 0.990142408330119 9223667.64422959 9315496 0.0076711350331736625
71824 0.9900217853994139 9375451.856534252 9469945 0.007660857428428053
72900 0.9937433211742315 9528560.50347514 9588553 0.0076506834346502595
73984 0.9969372167831851 9682994.973750364 9712743 0.0076406112159061595
75076 0.9950300509551174 9838756.645809054 9887899 0.00763063898241447
76176 0.9939599687330906 9995846.888001543 10056589 0.0076207649890513455
77284 0.9937618041563929 10154267.05872626 10218009 0.0076109875339140836
78400 0.9943394390113013 10314018.506573452 10372734 0.007601304956941195
79524 0.9970080125790048 10475102.570465792 10506538 0.007591715638586233
80656 0.9979706246609505 10637520.57979602 10659152 0.00758221799854291
81796 1.0022302425316796 10801273.854561634 10777238 0.007572810494519182
82944 0.9996567684388008 10966363.705496773 10970129 0.007563491621058054
84100 0.9956246813839652 11132791.434201304 11181715 0.007554259908403068
85264 0.9939049663828055 11300558.333267272 11369858 0.007545113921406401
86436 0.9943316835560072 11469665.686402721 11535050 0.007536052258477752
87616 0.996462146415911 11640114.768552972 11681442 0.007527073550572207
88804 0.9998634484911741 11811906.846019456 11813520 0.007518176460215349
90000 1.0030238886686926 11985043.176576117 11948911 0.0075093596805640515
91204 1.0020141608906605 12159525.00958352 12135083 0.007500621934501359
92416 1.0018252095448534 12335353.586100634 12312880 0.007491961973764053
93636 1.0060620986259659 12512530.138994452 12437135 0.007483378578101463
94864 1.0081340588419634 12691055.893047411 12588659 0.007474870554464243
96100 1.0101711503974498 12870932.065062743 12741338 0.0074664367362218325
97344 1.0112907120662165 13052159.863967761 12906437 0.007458075982407416
98596 1.0116747716322185 13234740.490915172 13082011 0.007449787176989231
99856 1.007510685539242 13418675.139382426 13318643 0.007441569228167165
101124 1.0068747276508747 13603964.995269181 13511080 0.007433421067693586
102400 1.005590971942844 13790611.236992931 13713937 0.007425341650217421
103684 1.0066420499036306 13978615.03558283 13886381 0.00741732995265056
104976 1.0093246237464906 14167977.554771753 14037087 0.007409384973555682
106276 1.011085624812898 14358699.951086666 14201270 0.00740150573255464
107584 1.0102529512161094 14550783.373937307 14403109 0.007393691269756617
108900 1.0095944885174961 14744228.965703249 14604110 0.007385940645205237
110224 1.0102887604642048 14939037.86181939 14786899 0.007378252938343921
111556 1.0125398105135195 15135211.190859862 14947769 0.00737062724749877
112896 1.0155940288364023 15332750.07462045 15097322 0.007363062689378288
114244 1.016739896967344 15531655.628199534 15275938 0.007355558398589309
115600 1.0150046101932797 15731928.960077582 15499367 0.007348113527168503
116964 1.0124277788453095 15933571.17219524 15737983 0.007340727244128872
118336 1.0097292658051895 16136583.36003005 15981099 0.0073333987350206725
119716 1.0081422482717344 16340966.612671813 16208989 0.007326127201506225
121104 1.0078722812982839 16546722.01289667 16417479 0.007318911860948072
122500 1.0077383517177667 16753850.637239862 16625199 0.007311751946010033
123904 1.0046123762482937 16962353.556067284 16884476 0.007304646704270625
125316 1.006836323624544 17172231.833645776 17055634 0.0072975953978484465
126736 1.0111291784886636 17383486.528212234 17192152 0.007290597303039063
128164 1.0134379077959474 17596118.69204157 17362799 0.0072836517099629725
129600 1.0174566163885364 17810129.3715135 17504559 0.007276757922224268
131044 1.023783733535277 18025519.60717824 17606765 0.00726991525657961
132496 1.0184932945227292 18242290.433821097 17911056 0.0072631230426171275
133956 1.0151689259146823 18460442.880525984 18184602 0.007256380622444918
135424 1.0118218616578931 18679977.97073793 18461726 0.007249687350388789
136900 1.0109261881496034 18900896.72232451 18696614 0.007243042592698929
138384 1.0093453937472714 19123200.147636324 18946141 0.007236445727265194
139876 1.008833602072101 19346889.25356648 19177483 0.0072298961433407034
141376 1.0083057631180505 19571965.04160912 19410744 0.007223393241273473
142884 1.0097694537793365 19798428.507916998 19606880 0.007216936432245798
144400 1.0118248177838056 20026280.643358167 19792241 0.007210525138021128
145924 1.0095665581552289 20255522.433571763 20063583 0.00720415879069817
147456 1.0115820908276365 20486154.85902287 20251599 0.007197836832471998
148996 1.0093485434412983 20718178.8950566 20526288 0.0071915587154019
150544 1.0109923174754383 20951595.511951264 20723793 0.007185323901185773
152100 1.0103370231580844 21186405.67497074 20969642 0.007179131860940828
153664 1.010075160540467 21422610.344416045 21208927 0.00717298207499039
155236 1.0117550914901303 21660210.47567612 21408551 0.007166874032656616
156816 1.012042120743945 21899207.01927779 21638632 0.007160807232058927
158404 1.0115490888371326 22139600.920935042 21886828 0.007154781179917943
160000 1.0144880602050534 22381393.1215975 22061761 0.0071487953913647985
161604 1.0152111513064008 22624584.557498172 22285595 0.0071428493897556095
163216 1.0152763151698372 22869176.160200536 22525076 0.007136942706490953
164836 1.0165870638402714 23115168.856644858 22738012 0.0071310748808402075
166464 1.0151122844391356 23362563.56919387 23014758 0.007125245459770572
168100 1.0143771711909502 23611361.215677757 23276708 0.00711945399778065
169744 1.0132652065154237 23861562.709438473 23549178 0.007113700056738427
171396 1.01306003322255 24113168.959373433 23802310 0.007107983205723518
173056 1.0120720815421236 24366180.869978577 24075539 0.007102303020873544
174724 1.0146002173297723 24620599.34139076 24266306 0.0070966590852345295
176400 1.0148570338854135 24876425.26942959 24512246 0.007091050988615166
178084 1.0167070665875955 25133659.54563864 24720650 0.007085478327444852
179776 1.019013944710568 25392303.057326067 24918504 0.007079940704635371
181476 1.018473559464962 25652356.687604684 25187062 0.0070744377294461175
183184 1.0190625195443141 25913821.31543141 25429079 0.007068969017352753
184900 1.0203480182578122 26176697.815646254 25654676 0.007063534189919179
186624 1.0223675958307459 26440987.059010644 25862505 0.007058132874672759
188356 1.023926029265038 26706689.912245333 26082636 0.007052764704982647
190096 1.025482523239856 26973807.23806768 26303527 0.007047429319941188
191844 1.0270876721695776 27242339.895228498 26523870 0.0070421263642482315
193600 1.0277758337496772 27512288.738548342 26768764 0.007036855488098338
195364 1.0292074059458858 27783654.618953347 26995195 0.007031616347070746
197136 1.0287828219534811 28056438.3835105 27271488 0.007026408602022057
198916 1.0258109589204611 28330640.87546255 27617799 0.007021231918981513
200704 1.0246926204455833 28606262.93426233 27916921 0.0070160859690488455
202500 1.0240166610427845 28883305.39560671 28205894 0.007010970428294582
204304 1.0230746915155604 29161769.091470033 28504047 0.007005884977662757
206116 1.0221076275124639 29441654.85013714 28804848 0.007000829302875953
207936 1.0249344056083827 29722963.496235963 28999869 0.00699580309434261
209764 1.0226504354716284 30005695.850769643 29341107 0.006990806047066546
211600 1.0257983174911784 30289852.731148284 29528078 0.0069858378605586
213444 1.0270749895234887 30575434.95122025 29769428 0.006980898238750371
215296 1.0255999291675306 30862443.321303096 30092088 0.006975986889909973
217156 1.0258953598534906 31150878.64821402 30364577 0.006971103526559764
219024 1.0263708316763487 31440741.735300045 30632926 0.006966247865395972
220900 1.0276821094363593 31732033.382467657 30877285 0.006961419627210212
222784 1.0289506485205904 32024754.386212245 31123703 0.006956618536812765
224676 1.029910793054565 32318905.539646994 31380296 0.006951844322957665
226576 1.0312857007463698 32614487.632531505 31625075 0.006947096718269475
228484 1.0329192591924703 32911501.45130008 31862608 0.006942375459171716
230400 1.031501335598774 33209947.779089537 32195739 0.006937680285816953
232324 1.0288673667309558 33509827.39576681 32569628 0.006933010942018423
234256 1.0278699328446348 33811141.0779561 32894377 0.006928367175183218
236196 1.0254966207280656 34113889.59906575 33265726 0.006923748736246966
238144 1.0248889459158217 34418073.72931477 33582247 0.006919155379609946
240100 1.0229000731996556 34723694.235759005 33946321 0.006914586863074645
242064 1.0239199245255113 35030751.88231706 34212394 0.006910042947784683
244036 1.0239950097810646 35339247.42979581 34511152 0.006905523398165077
246016 1.024386964634266 35649181.63591567 34800503 0.006901027981863824
248004 1.0219186588989788 35960555.255335525 35189254 0.006896556469694757
250000 1.0222413085411615 36273369.0396774 35484155 0.0068921086355816326
252004 1.0242606742102793 36587623.73755078 35721008 0.006887684256503438
254016 1.0288722443153966 36903320.094576634 35867738 0.006883283112440893
256036 1.031427869674661 37220458.85341125 36086342 0.006878904986324056
258064 1.0318928957353244 37539040.75376966 36378815 0.006874549663981099
260100 1.0350374709329069 37859066.532448865 36577484 0.006870216934088146
262144 1.0408492677177907 38180536.923350774 36682100 0.006865906588120183
