4 0.027058226355877284 24.081821456730783 890 0.1661003926628654
16 0.18668078648628514 192.65457165384626 1032 0.0830501963314327
36 0.2590177756506707 560.2554487324007 2163 0.06425640318438913
64 0.3608889884243139 1155.9274299230774 3203 0.05536679755428847
100 0.3757895493854533 1999.9519818293825 5322 0.05000120048308794
144 0.4645691132095533 3107.9673673719117 6690 0.04633253280318898
196 0.496652004346056 4492.714031314423 9046 0.04362619090239686
256 0.541735175125051 6164.94629292308 11380 0.04152509816571635
324 0.5412543611384097 8133.970539188022 15028 0.03983294486241691
400 0.5728117816725706 10407.990072990608 18170 0.03843201205946817
484 0.569203187203177 12994.339560661327 22829 0.03724698725476184
576 0.6090887128124762 15899.65175925688 26104 0.036227208540253034
676 0.5968047781932849 19129.980360207555 32054 0.03533720303268861
784 0.6315481402426153 22690.893130776923 35929 0.03455130635367618
900 0.646018666221451 26587.544227010036 41156 0.03385043734448022
1024 0.675743850066104 30824.7314646154 45616 0.033220078532573076
1156 0.6712725600672036 35406.94245330472 52746 0.03264896429632557
1296 0.6809546626951088 40338.39230873286 59238 0.032128201592194566
1444 0.6695881013880693 45623.05487617749 68136 0.03165066442655067
1600 0.6949636536433417 51264.68887465474 73766 0.031210566866251673
1764 0.712788578916372 57266.86000729916 80342 0.03080315560823769
1936 0.7077012715086803 63632.959827702995 89915 0.030424484500517462
2116 0.7227129325785252 70366.22196757553 97364 0.030071246413869487
2304 0.7384540377864838 77469.73619610444 104908 0.029740646001010347
2500 0.7401322681578467 84946.46068101238 114772 0.029430302098022682
2704 0.7207707397714971 92799.23274558024 128750 0.02913817194387077
2916 0.7363544674940958 101030.77835805992 137204 0.02886249168214362
3136 0.7515145653795803 109643.72054518462 145897 0.028601729167952138
3364 0.7613462548068561 118640.5868865524 155830 0.02835454618255349
3600 0.7716508219511771 128023.81621909783 165909 0.028119767917549183
3844 0.767814140132753 137795.7646589245 179465 0.02789635813201345
4096 0.794964060982989 147958.7110301539 186120 0.027683398777144236
4356 0.7772203214310917 158514.86177619259 203951 0.02748007316910287
4624 0.7951090168587177 169466.35541719967 213136 0.027285652002230383
4900 0.7941989133746435 180815.2666080051 227670 0.02709948165285655
5184 0.8001113962332584 192563.60984285455 240671 0.026920974343130087
5476 0.7816738370040102 204713.34284681722 261891 0.02674959982504696
5776 0.785611536458051 217266.36968822923 276557 0.026584878314524184
6084 0.8106012796485993 230224.54364195623 284017 0.026426374459283537
6400 0.8105498057705481 243589.6698293882 300524 0.026273692166349262
6724 0.8201932146246919 257363.5076577943 313784 0.02612647014797695
7056 0.8290547784504128 271547.77307886974 327539 0.02598437807092831
7396 0.818822693095927 286144.14068391646 349458 0.025847113214769082
7744 0.826754018824532 301154.24565104285 364261 0.025714397561484897
8100 0.8418127672262288 316579.68555800064 376069 0.025585975252085457
8464 0.8386088241655322 332422.02207274444 396397 0.02546161035669234
8836 0.8254957066716913 348682.782532469 422392 0.025341084913411804
9216 0.8499868823269857 365363.4614207255 429846 0.025224197198491987
9604 0.8433899210807011 382465.5217512028 453486 0.02511076019617655
10000 0.8592759918235273 399990.3963658765 465497 0.02500060024154397
10404 0.8549477325353679 417939.48915444955 488848 0.02489355581366278
10816 0.8387786030960959 436314.17620132095 520178 0.024789476459754906
11236 0.8422689334882625 455115.8068657152 540345 0.024688221833866677
11664 0.8494714457890775 474345.70480006665 558401 0.024589660835900883
12100 0.8619772030550628 494005.16891127784 573107 0.02449367083884325
12544 0.868426521396735 514095.4742690462 591985 0.024400136993688523
12996 0.8687817359860829 534617.8729650759 615365 0.02430895160298722
13456 0.876412398648803 555573.5949266519 633918 0.024220013555137535
13924 0.8811877516204575 576963.8486877559 654757 0.024133227812572117
14400 0.885297894381371 598789.8221206223 676371 0.02404850494786669
14884 0.8711039402964346 621052.6831304027 712949 0.02396576072254856
15376 0.880955162629058 643753.580315371 730745 0.023884915704029775
15876 0.8812916266519145 666893.6435949167 756723 0.023805894916646364
16384 0.9042600501158164 690473.984807385 763579 0.023728627523266484
16900 0.8929120208047467 714495.6982796671 800186 0.023653046534347393
17424 0.882731169712541 738959.8613702897 837129 0.023579088541683196
17956 0.8925709039053549 763867.5349876261 855806 0.023506693474400465
18496 0.9030553034115708 789219.7640847218 873944 0.02343580437503397
19044 0.8930975220991664 815017.5781321246 912574 0.02336636719375484
19600 0.9049340567360029 841261.991570001 929639 0.023298330599034432
20164 0.9104377615058841 867954.004240735 953337 0.02323164580321163
20736 0.9100651739139957 895094.6018031104 983550 0.023166266401594495
21316 0.8962507368951315 922684.7561291165 1029494 0.02310214822386979
21904 0.8913666465880863 950725.4256843267 1066593 0.023039249196721154
22500 0.8946278123514816 979217.5558927512 1094553 0.02297752921666808
23104 0.8925524396380025 1008162.079486994 1129527 0.02291695003223741
23716 0.9070420133722996 1037559.9168444934 1143894 0.02285747513466684
24336 0.9217544885248941 1067411.976310575 1158022 0.022799069656418376
24964 0.9215470121888548 1097719.1545089982 1191170 0.02274170027684924
25600 0.9195166588231224 1128482.33664063 1227256 0.022685335134450077
26244 0.9257134985870056 1159702.3967708487 1252766 0.02262994374511557
26896 0.9300471730094754 1191380.198106235 1280989 0.022575496925962585
27556 0.9341932171399606 1223516.593261075 1309704 0.022521966724255188
28224 0.9387711602682518 1256112.4245141714 1338039 0.022469326351036007
28900 0.9360644282885617 1289168.5240564295 1377222 0.022417550119099083
29584 0.9268930941126177 1322685.7142296466 1427010 0.02236661338497195
30276 0.9276397651383329 1356664.8077569257 1462491 0.022316492494603404
30976 0.9328791621530181 1391106.6079650943 1491197 0.022267164732479836
31684 0.9362384335138395 1426011.9089995008 1523129 0.02221860827391666
32400 0.9528339874276494 1461381.4960315218 1533721 0.02217080214029283
33124 0.950902016903619 1497216.14545912 1574522 0.022123726157015598
33856 0.9456083029494811 1533516.6251007472 1621725 0.02207736091402059
34596 0.9403448192665758 1570283.6943828934 1669902 0.02203168772862785
35344 0.9301335005847187 1607518.1045215493 1728266 0.02198668861058927
36100 0.9456019019268432 1645220.598697849 1739866 0.02194234622917574
36864 0.9588097762319137 1683391.912228133 1755710 0.021898643882164615
37636 0.9485473910643628 1722032.772728669 1815442 0.021855565466598753
38416 0.9514291612036909 1761143.9002752532 1851051 0.021813095451198437
39204 0.9576282133064631 1800726.0075578997 1880402 0.021771218850316656
40000 0.9646990077928356 1840779.8000308136 1908139 0.021729921199336512
40804 0.9687660957443794 1881305.9760578508 1941961 0.02168918853141689
41616 0.9613073840156392 1922305.2270536253 1999678 0.021649007355499985
42436 0.9502505274972072 1963778.2376204534 2066590 0.02160936463550003
43264 0.9427604500117198 2005725.685681284 2127503 0.021570247770599068
44100 0.9446080264696077 2048148.2426087798 2168252 0.021531644576580394
44944 0.9449832149911799 2091046.573350688 2212787 0.021493543268135747
45796 0.9461469130854345 2134421.3365516495 2255909 0.021455932442086424
46656 0.9531113935784515 2178273.1846715747 2285434 0.02141880106146304
47524 0.9583641874679417 2222602.764100714 2319163 0.021382138440392273
48400 0.9651895380280725 2267410.7152715535 2349187 0.02134593422974251
49284 0.9722866996946679 2312697.6727676317 2378617 0.021310178403483787
50176 0.9730119747798633 2358464.2654294153 2423880 0.021274861245720103
51076 0.9694703582421005 2404711.1164573194 2480438 0.02123997333835527
51984 0.9727592225001574 2451438.843511977 2520088 0.021205505549355966
52900 0.980591851822206 2498648.0588118667 2548102 0.021171449021577894
53824 0.9800744885233321 2546339.3692283775 2598108 0.02113779516212342
54756 0.9785070410576346 2594513.3763784003 2651502 0.021104535632200973
55696 0.9845498151581612 2643170.6767145423 2684649 0.021071662337458302
56644 0.9868813000739469 2692311.8616130347 2728101 0.0210391674187637
57600 0.9891556622549554 2741937.517459412 2771998 0.02100704324341068
58564 0.9801048559748314 2792048.2257320457 2848724 0.020975282396723336
59536 0.9736811403816129 2842644.563083592 2919482 0.020943877674040833
60516 0.9782483516010216 2893727.101420434 2958070 0.02091282207306097
61504 0.9824571191385992 2945296.407980177 2997888 0.020882108786523853
62500 0.9829794528060658 2997353.0454072547 3049253 0.020851731195217958
63504 0.9856422876804232 3049897.5718267253 3094325 0.0208216828612918
64516 1.0016439016230965 3102930.54091629 3097838 0.020791957521855624
65536 1.0094552511736488 3156452.501976617 3126887 0.020762549082858173
66564 1 3210464 3210464 0.020733451613224756
67600 0.9967954370215311 3264965.575737418 3275462 0.02070465933924342
68644 0.989305166909837 3319957.7657640427 3355848 0.020676166639186908
69696 0.9855426221535734 3375441.102543236 3424957 0.02064796803815873
70756 0.9791526874893081 3431416.114489093 3504475 0.020620058203152356
71824 0.9942555664431975 3487883.3260275624 3508035 0.020592431938313185
72900 1.0017878274023266 3544843.257656199 3538517 0.020565084180393486
73984 1.005173742625425 3602296.4260025797 3583755 0.02053800999439101
75076 0.9985223244603776 3660243.343881428 3665660 0.02051120456936266
76176 0.9940476435812272 3718684.520350479 3740952 0.020484663214404796
77284 1.0044028695001586 3777620.4607651355 3761061 0.020458381354792474
78400 1.0088045516353816 3837051.6668319274 3803563 0.020432354528270188
79524 1.0098159302149958 3896978.63666083 3859098 0.020406578381487107
80656 1.0125738473940984 3957401.8648164594 3908260 0.020381048666570218
81796 1.0170206572717964 4018321.8423681906 3951072 0.020355761237828993
82944 1.0075564297175084 4079739.0569392117 4049142 0.020330712048585775
84100 1.0025967519529047 4141653.9927545562 4130927 0.020305897148126143
85264 0.9974464286075926 4204067.130688139 4214830 0.020281312678763916
86436 0.9898146131663446 4266978.948308824 4310887 0.02025695487301574
87616 0.9927567196873758 4330389.919925538 4361985 0.020232820050880448
88804 0.9895308126639313 4394300.516631485 4440792 0.020208904617218578
90000 0.9923657462627404 4458711.206347448 4493012 0.020185205059227756
91204 0.994747990187201 4523622.453864237 4547506 0.020161717944009748
92416 0.9906881033235799 4589034.720884284 4632169 0.020138439916225322
93636 1.0040863782823333 4654948.46606241 4636004 0.020115367695833178
94864 1.008219773046498 4721364.1450458 4682872 0.02009249807590932
96100 1.0159049795532937 4788282.210513192 4713317 0.020069827920543622
97344 1.021705867532722 4855703.112213301 4752545 0.02004735416281025
98596 1.0226823134647454 4923627.297002506 4814425 0.020025073802808963
99856 1.022948926864637 4992055.208881821 4880063 0.020002983905774336
101124 1.0173349995543777 5060987.28903314 4974750 0.019981081600250156
102400 1.0196305338914329 5130423.975854828 5031650 0.0199593640763263
103684 1.019652959049619 5200365.704996611 5100133 0.01993782858393563
104976 1.0263007737336025 5270812.909393838 5135739 0.019916472431208455
106276 1.0321040579775531 5341766.019301088 5175608 0.01989529298288229
107584 1.0292387187405616 5413225.462325172 5259446 0.0198742876587647
108900 1.0250960657043091 5485191.663457517 5350905 0.019853453932247165
110224 1.0343935256065 5557665.045105972 5372873 0.019832789328867926
111556 1.0325842962729495 5630646.027126024 5452965 0.019812291424921993
112896 1.0382087876635642 5704135.026851456 5494208 0.01979195784611639
114244 1.0401706681700251 5778132.459124467 5554985 0.019771786266268954
115600 1.036579861041415 5852638.736325238 5646105 0.019751774406049034
116964 1.029445502964342 5927654.268400989 5758104 0.01973192003175846
118336 1.024702470989311 6003179.4628945105 5858461 0.019712220954151313
119716 1.0219342006168397 6079214.7249722155 5948734 0.01969267502729099
121104 1.0266018735132052 6155760.4574516835 5996249 0.019673280147443187
122500 1.03012132432383 6232817.06082874 6050566 0.019654034252003526
123904 1.0320894715147713 6310384.93330407 6114184 0.019634935318458425
125316 1.0316704435003465 6388464.47080937 6192350 0.01961598136337814
126736 1.0354743465789313 6467056.067033062 6245501 0.01959717044144069
128164 1.0384725330171087 6546160.113445567 6303643 0.019578500644485606
129600 1.051069815898619 6625776.999324166 6303841 0.019559970100596395
131044 1.053958869852732 6705907.111777424 6362589 0.019541576973210763
132496 1.0514606596100724 6786550.8357692305 6454403 0.01952331946025747
133956 1.046733665871183 6867708.55414243 6561085 0.01950519579331902
135424 1.0432732225756924 6949380.647642067 6661132 0.019487204236819225
136900 1.0379582929640705 7031567.494938244 6774422 0.01946934308723468
138384 1.038113622098438 7114269.47264863 6853074 0.019451610672329492
139876 1.0280501371370057 7197486.955360576 7001105 0.019434005350412276
141376 1.0274632888996384 7281220.315652889 7086599 0.01941652550961482
142884 1.0379336565425767 7365469.92411727 7096282 0.019399169567191496
144400 1.043228791498974 7450236.149379378 7141517 0.0193819359688389
145924 1.0503177439084512 7535519.358119599 7174514 0.019364823188034865
147456 1.0568125446458494 7621319.9150934545 7211610 0.019347829725396306
148996 1.051328917738069 7707638.183151719 7331329 0.019330954108055222
150544 1.0470411099491725 7794474.523260196 7444287 0.019314194889052245
152100 1.0401593469050376 7881829.294519208 7577521 0.019297550646747177
153664 1.0493514916334183 7969702.8541827835 7594884 0.01928101998424592
155236 1.0556351037973248 8058095.557677537 7633410 0.019264601528843288
156816 1.0570292845774256 8147007.758621272 7707457 0.01924829393148119
158404 1.0510372580011045 8236439.808841302 7836487 0.01923209586622162
160000 1.062374369988774 8326392.058392487 7837531 0.019216006029734084
161604 1.0617678049947665 8416864.855575003 7927218 0.019200023140796874
163216 1.066398919413577 8507858.546951847 7978120 0.01918414593981187
164836 1.0602945241003487 8599373.477366077 8110363 0.019168373188332324
166464 1.0560641406840252 8691409.98995781 8230002 0.019152703668603263
168100 1.0494698779533995 8783968.426180938 8369910 0.019137136183114207
169744 1.046224693196294 8877049.125819642 8484840 0.019121669554163594
171396 1.0415659585506198 8970652.427004622 8612659 0.01910630262343478
173056 1.0351264924889132 9064778.666229136 8757170 0.019091034251583077
174724 1.0356216360253252 9159428.178364757 8844377 0.019075863317833633
176400 1.0398625880285757 9254601.296676947 8899831 0.01906078871958968
178084 1.0343774444369394 9350298.352840379 9039542 0.019045809372050967
179776 1.0417286845214604 9446519.67695406 9068119 0.01903092420784191
181476 1.0406824974633844 9543265.59755623 9170199 0.01901613217664937
183184 1.0429760597993443 9640536.44163904 9243296 0.01900143224486955
184900 1.0372365135539707 9738332.534663059 9388729 0.018986823395263884
186624 1.0487004751537663 9836654.20057153 9379851 0.01897230462662363
188356 1.0552337601039468 9935501.761804465 9415451 0.01895787495344283
190096 1.0537769513820592 10034875.539312532 9522770 0.018943533405599476
191844 1.0600750941558654 10134775.852570748 9560432 0.01892927902804457
193600 1.063894679487892 10235203.019591983 9620504 0.018915110880498947
195364 1.0703676657931704 10336157.356940294 9656642 0.018901028037157475
197136 1.0693005254018415 10437639.179744048 9761184 0.018887029586400608
198916 1.0684442225865385 10539648.801708903 9864482 0.018873114630512895
200704 1.0689342569877602 10642186.535130586 9955885 0.018859282285408393
202500 1.0651768509758477 10745252.690907521 10087764 0.018845531680362678
204304 1.064868426050848 10848847.57855326 10187970 0.018831861957751352
206116 1.062980316733514 10952971.50620878 10304021 0.018818272272794784
207936 1.0675573752542848 11057624.7806546 10357874 0.01880476179330896
209764 1.0716203496868641 11162807.70732274 10416756 0.018791329699462258
211600 1.0753362479988464 11268520.590308527 10479067 0.018777975183537958
213444 1.0764032954222273 11374763.732382232 10567381 0.01876469744970238
215296 1.0749535959358514 11481537.435000587 10680961 0.018751495713778422
217156 1.0698639252196664 11588841.998318117 10832071 0.018738369203024404
219024 1.0733278007174758 11696677.721198352 10897582 0.018725317155918055
220900 1.0811500444844955 11805044.901224872 10918970 0.018712338821945503
222784 1.0781516909489262 11913943.834712246 11050341 0.018699433461395097
224676 1.0812596481601746 12023374.816716786 11119785 0.018686600345156013
226576 1.082659420440197 12133338.141047196 11206976 0.01867383875452142
228484 1.086749035526017 12243834.10027509 11266478 0.018661147980996124
230400 1.083787671205731 12354862.985745342 11399708 0.018648527326108624
232324 1.0799090821004682 12466425.087586356 11543958 0.018635976101227317
234256 1.0747362502143671 12578520.694720166 11703821 0.018623493627380916
236196 1.070963518631973 12691150.094872424 11850217 0.018611079235082855
238144 1.0657425331458945 12804313.574582292 12014453 0.01859873226415957
240100 1.06545774840325 12918011.41921215 12124377 0.01858645206358266
242064 1.0683331800071039 13032243.912957259 12198670 0.01857423799130469
244036 1.0647252573762946 13147011.338855239 12347797 0.01856208941409867
246016 1.068559409336023 13262313.978795478 12411396 0.018550005707400986
248004 1.0600738488213381 13378152.113528416 12620019 0.018537986255157797
250000 1.0675576944559724 13494526.022674693 12640559 0.018526030449674775
252004 1.0704578728615985 13611435.984734224 12715527 0.018514137691470076
254016 1.07346829305233 13728882.277095132 12789276 0.018502307389130498
256036 1.0764950323894364 13846865.1760426 12862916 0.01849053895917072
258064 1.0883408326717694 13965384.956767604 12831812 0.01847883182589554
260100 1.083134492673502 14084441.893375542 13003410 0.018467185421265082
262144 1.0966455624104134 14204036.258894777 12952258 0.018455599184762823
