4 0.5787761590349138 518.5834384952827 896 0.007713319984931192
16 1.532004249616788 2074.333753981131 1354 0.007713319984931192
36 1.45942806330755 4667.250946457545 3198 0.007713319984931191
64 1.6440132783682433 8297.335015924524 5047 0.007713319984931192
100 1.4545703985618836 12964.585962382069 8913 0.007713319984931192
144 1.498796065015268 18669.00378583018 12456 0.007713319984931191
196 1.4858255459167848 25410.588486268854 17102 0.007713319984931192
256 1.5140431578713607 33189.340063698095 21921 0.007713319984931192
324 1.4587185205625053 42005.2585181179 28796 0.007713319984931192
400 1.433501322687093 51858.343849528275 36176 0.007713319984931192
484 1.4020466106117575 62748.59605792921 44755 0.007713319984931193
576 1.3789056640689992 74676.01514332072 54156 0.007713319984931191
676 1.373526432925898 87640.60110570278 63807 0.007713319984931193
784 1.3668771795037105 101642.35394507542 74361 0.007713319984931192
900 1.3462550756474323 116681.27366143861 86671 0.007713319984931193
1024 1.3383742830118293 132757.36025479238 99193 0.007713319984931192
1156 1.3255964914348854 149870.6137251367 113059 0.007713319984931193
1296 1.306885444615774 168021.0340724716 128566 0.007713319984931192
1444 1.2943789845732414 187208.62129679706 144632 0.007713319984931192
1600 1.286975197749788 207433.3753981131 161179 0.007713319984931192
1764 1.2935620146294844 228695.2963764197 176795 0.007713319984931192
1936 1.2685004787646088 250994.38423171683 197867 0.007713319984931193
2116 1.2557476836217367 274330.6389640046 218460 0.007713319984931192
2304 1.254326509195398 298704.0605732829 238139 0.007713319984931191
2500 1.247679325334913 324114.6490595517 259774 0.007713319984931192
2704 1.235092234653271 350562.4044228111 283835 0.007713319984931193
2916 1.2380827402842685 378047.3266630611 305349 0.007713319984931192
3136 1.234107817353789 406569.4157803017 329444 0.007713319984931192
3364 1.2213239383764343 436128.67177453276 357095 0.007713319984931193
3600 1.2238855809689193 466725.09464575443 381347 0.007713319984931193
3844 1.2024318072329632 498358.6843939667 414459 0.007713319984931193
4096 1.2147089229701522 531029.4410191695 437166 0.007713319984931192
4356 1.1852402844249184 564737.3645213629 476475 0.007713319984931192
4624 1.1938932512697 599482.4549005468 502124 0.007713319984931193
4900 1.184179085405662 635264.7121567214 536460 0.007713319984931192
5184 1.1791777252612226 672084.1362898864 569960 0.007713319984931192
5476 1.17273659838354 709940.727300042 605371 0.007713319984931192
5776 1.173376003916069 748834.4851871883 638188 0.007713319984931192
6084 1.1789316658241675 788765.409951325 669051 0.007713319984931192
6400 1.1621373129372754 829733.5015924524 713972 0.007713319984931192
6724 1.1640255843377891 871738.7601105702 748900 0.007713319984931193
7056 1.1671074908021142 914781.1855056788 783802 0.007713319984931192
7396 1.153364099520999 958860.7777777778 831360 0.007713319984931192
7744 1.1488839749149387 1003977.5369268673 873872 0.007713319984931193
8100 1.1498058308146037 1050131.4629529475 913312 0.007713319984931193
8464 1.142368427696965 1097322.5558560183 960568 0.007713319984931192
8836 1.1318598390232542 1145550.8156360795 1012096 0.007713319984931192
9216 1.1359404488302591 1194816.2422931315 1051830 0.007713319984931191
9604 1.1251517778206073 1245118.835827174 1106623 0.007713319984931192
10000 1.1294570733697549 1296458.5962382068 1147860 0.007713319984931192
10404 1.1244315872309603 1348835.5235262304 1199571 0.007713319984931192
10816 1.1166932791262072 1402249.6176912445 1255716 0.007713319984931193
11236 1.123004564430873 1456700.8787332491 1297146 0.007713319984931193
11664 1.1184964516238687 1512189.3066522444 1351984 0.007713319984931192
12100 1.120465024958434 1568714.9014482303 1400057 0.007713319984931192
12544 1.1178510563959285 1626277.6631212067 1454825 0.007713319984931192
12996 1.1095524534883792 1684877.5916711737 1518520 0.007713319984931192
13456 1.1117535076806455 1744514.687098131 1569156 0.007713319984931193
13924 1.1088104964199792 1805188.9494020792 1628041 0.007713319984931192
14400 1.1109010850060326 1866900.3785830177 1680528 0.007713319984931193
14884 1.0964238572054101 1929648.974640947 1759948 0.007713319984931192
15376 1.093259867946703 1993434.7375758667 1823386 0.007713319984931193
15876 1.0959540861178836 2058257.6673877772 1878051 0.007713319984931192
16384 1.1064283172005571 2124117.764076678 1919797 0.007713319984931192
16900 1.091708368698215 2191015.0276425695 2006960 0.007713319984931192
17424 1.081155200255315 2258949.4580854517 2089385 0.007713319984931192
17956 1.080942018776583 2327921.0554053243 2153604 0.007713319984931192
18496 1.0838987594475242 2397929.8196021873 2212319 0.007713319984931193
19044 1.0780263630797193 2468975.750676041 2290274 0.007713319984931193
19600 1.0741709708432894 2541058.8486268856 2365600 0.007713319984931192
20164 1.074609150428281 2614179.1134547205 2432679 0.007713319984931192
20736 1.073534515388415 2688336.5451595457 2504192 0.007713319984931192
21316 1.0674459663440077 2763531.143741362 2588919 0.007713319984931192
21904 1.0675001791971834 2839762.909200168 2660199 0.007713319984931192
22500 1.0695856863849005 2917031.8415359654 2727254 0.007713319984931192
23104 1.0656433165015384 2995337.940748753 2810826 0.007713319984931192
23716 1.0682638224526584 3074681.2068385314 2878204 0.007713319984931192
24336 1.0701487052997953 3155061.6398053 2948246 0.007713319984931192
24964 1.0630968324829357 3236479.2396490597 3044388 0.007713319984931192
25600 1.0584267002994554 3318934.0063698096 3135724 0.007713319984931192
26244 1.0568561998095132 3402425.93996755 3219384 0.007713319984931193
26896 1.0584405240857608 3486955.040442281 3294427 0.007713319984931193
27556 1.054843039050072 3572521.307794003 3386780 0.007713319984931192
28224 1.0579795049908143 3659124.742022715 3458597 0.007713319984931192
28900 1.0555743402820275 3746765.3431284176 3549504 0.007713319984931193
29584 1.047755497447736 3835443.111111111 3660628 0.007713319984931192
30276 1.044737184244772 3925158.045970795 3757077 0.007713319984931192
30976 1.0413335559114685 4015910.1477074693 3856507 0.007713319984931193
31684 1.043788563052094 4107699.4163211347 3935375 0.007713319984931192
32400 1.046974572872095 4200525.85181179 4012061 0.007713319984931193
33124 1.0479984298969804 4294389.454179436 4097706 0.007713319984931193
33856 1.0411718952520987 4389290.223424073 4215721 0.007713319984931192
34596 1.0331016000963948 4485228.1595457 4341517 0.007713319984931193
35344 1.0307796826509878 4582203.262544318 4445376 0.007713319984931192
36100 1.0316577673573224 4680215.5324199265 4536597 0.007713319984931193
36864 1.0359308639935525 4779264.969172526 4613498 0.007713319984931191
37636 1.0315250085676821 4879351.572802115 4730231 0.007713319984931192
38416 1.026842427576107 4980475.343308696 4850282 0.007713319984931192
39204 1.0265100665355111 5082636.280692266 4951375 0.007713319984931192
40000 1.0278129568330194 5185834.384952827 5045504 0.007713319984931192
40804 1.0303117335750955 5290069.656090379 5134436 0.007713319984931193
41616 1.0236323789785464 5395342.094104921 5270781 0.007713319984931192
42436 1.0198366710283642 5501651.6989964545 5394640 0.007713319984931192
43264 1.0186583002086131 5608998.470764978 5506261 0.007713319984931193
44100 1.0185470062493829 5717382.4094104925 5613273 0.007713319984931192
44944 1.0216911118525596 5826803.514932997 5703097 0.007713319984931193
45796 1.019051804808005 5937261.787332492 5826261 0.007713319984931192
46656 1.0206511247117296 6048757.226608978 5926371 0.007713319984931192
47524 1.0203133714649368 6161289.832762455 6038625 0.007713319984931192
48400 1.0200758019914473 6274859.605792921 6151366 0.007713319984931192
49284 1.0220420482569494 6389466.545700379 6251667 0.007713319984931192
50176 1.014223466889687 6505110.652484827 6413883 0.007713319984931192
51076 1.011186302369516 6621791.926146265 6548538 0.007713319984931192
51984 1.0111552277574616 6739510.366684695 6665159 0.007713319984931192
52900 1.0133602292516872 6858265.974100114 6767846 0.007713319984931193
53824 1.0103171871767713 6978058.748392524 6906800 0.007713319984931193
54756 1.0083978154914046 7098888.689561925 7039770 0.007713319984931193
55696 1.0094425842615737 7220755.797608317 7153211 0.007713319984931192
56644 1.0107136021360983 7343660.072531699 7265817 0.007713319984931192
57600 1.0102664286071732 7467601.514332071 7391715 0.007713319984931193
58564 1.0048905422711245 7592580.123009435 7555629 0.007713319984931192
59536 1.0009315931458191 7718595.898563788 7711412 0.007713319984931192
60516 0.9982052673391388 7845648.840995133 7859755 0.007713319984931192
61504 0.9945437933276159 7973738.950303467 8017484 0.007713319984931193
62500 0.9925014531927083 8102866.226488792 8164085 0.007713319984931193
63504 0.9972734272441426 8233030.669551109 8255540 0.007713319984931192
64516 1.001561007488079 8364232.279490415 8351196 0.007713319984931192
65536 1.0086918939202154 8496471.056306712 8423257 0.007713319984931192
66564 1 8629747 8629747 0.007713319984931192
67600 0.9955831932271587 8764060.110570278 8802941 0.007713319984931192
68644 0.9919303226458815 8899410.388017546 8971810 0.007713319984931193
69696 0.987354869173843 9035797.832341807 9151520 0.007713319984931192
70756 0.9847272161936472 9173222.443543056 9315496 0.007713319984931192
71824 0.9832880995213064 9311684.221621297 9469945 0.007713319984931192
72900 0.985673559563839 9451183.166576527 9588553 0.007713319984931193
73984 0.9875396969124736 9591719.278408749 9712743 0.007713319984931193
75076 0.9843640754338168 9733292.557117961 9887899 0.007713319984931192
76176 0.982033073311852 9875903.002704164 10056589 0.007713319984931193
77284 0.9805775875874994 10019550.615167357 10218009 0.007713319984931193
78400 0.9798993586943946 10164235.394507542 10372734 0.007713319984931192
79524 0.9812896827408529 10309957.340724716 10506538 0.007713319984931192
80656 0.9810082878843347 10456716.453818882 10659152 0.007713319984931192
81796 0.983973141707554 10604512.733790036 10777238 0.007713319984931193
82944 0.9802388085534985 10753346.180638183 10970129 0.007713319984931192
84100 0.9750934265775258 10903216.79436332 11181715 0.007713319984931192
85264 0.9722306624203616 11054124.574965447 11369858 0.007713319984931192
86436 0.9714799261767019 11206069.522444565 11535050 0.007713319984931192
87616 0.9724014926239991 11359051.636800673 11681442 0.007713319984931192
88804 0.9745673531710931 11513070.918033771 11813520 0.007713319984931193
90000 0.9765013201741868 11668127.366143862 11948911 0.007713319984931192
91204 0.9743831979666675 11824220.98113094 12135083 0.007713319984931193
92416 0.9730746797658234 11981351.762995012 12312880 0.007713319984931192
93636 0.976070430347188 12139519.711736074 12437135 0.007713319984931192
94864 0.9769686213086021 12298724.827354126 12588659 0.007713319984931192
96100 0.977838207404055 12458967.109849168 12741338 0.007713319984931192
97344 0.9778257592874936 12620246.5592212 12906437 0.007713319984931192
98596 0.9771099546904695 12782563.175470224 13082011 0.007713319984931193
99856 0.9720147134055803 12945916.958596239 13318643 0.007713319984931192
101124 0.970337523617597 13110307.908599243 13511080 0.007713319984931192
102400 0.9680470331371099 13275736.025479238 13713937 0.007713319984931192
103684 0.9680132864881227 13442201.309236223 13886381 0.007713319984931193
104976 0.969553281237781 13609703.7598702 14037087 0.007713319984931193
106276 0.9702120569062602 13778243.377381166 14201270 0.007713319984931193
107584 0.9683895443524814 13947820.161769124 14403109 0.007713319984931193
108900 0.9667438901127199 14118434.113034073 14604110 0.007713319984931192
110224 0.9664017608543894 14290085.231176011 14786899 0.007713319984931192
111556 0.9675539885714677 14462773.51619494 14947769 0.007713319984931193
112896 0.9694765050444616 14636498.96809086 15097322 0.007713319984931192
114244 0.9695811535019173 14811261.586863771 15275938 0.007713319984931192
115600 0.9669466741779629 14987061.37251367 15499367 0.007713319984931193
116964 0.963522347497806 15163898.325040562 15737983 0.007713319984931192
118336 0.9599948316723678 15341772.444444444 15981099 0.007713319984931192
119716 0.9575355829240995 15520683.730725316 16208989 0.007713319984931193
121104 0.9563363646686059 15700632.18388318 16417479 0.007713319984931192
122500 0.9552738468825567 15881617.803918034 16625199 0.007713319984931192
123904 0.9513852008691225 16063640.590829877 16884476 0.007713319984931193
125316 0.9525708950261663 16246700.544618713 17055634 0.007713319984931192
126736 0.9557150067824283 16430797.665284539 17192152 0.007713319984931192
128164 0.9569846401393781 16615931.952827355 17362799 0.007713319984931192
129600 0.9598701348172873 16802103.40724716 17504559 0.007713319984931193
131044 0.9649309244795371 16989312.028543957 17606765 0.007713319984931193
132496 0.9590477421720832 17177557.816717744 17911056 0.007713319984931193
133956 0.9550300178012433 17366840.771768525 18184602 0.007713319984931191
135424 0.9510032211341612 17557160.893696293 18461726 0.007713319984931192
136900 0.9492905069603005 17748518.18250105 18696614 0.007713319984931192
138384 0.9469428438320395 17940912.6381828 18946141 0.007713319984931193
139876 0.9456060662779127 18134344.260741543 19177483 0.007713319984931192
141376 0.9442612323452039 18328813.050177272 19410744 0.007713319984931192
142884 0.9447866772525765 18524319.006489996 19606880 0.007713319984931192
144400 0.9458687437001048 18720862.129679706 19792241 0.007713319984931193
145924 0.9429244228085487 18918442.41974641 20063583 0.007713319984931192
147456 0.9439778003055515 19117059.876690105 20251599 0.007713319984931191
148996 0.9410719805018222 19316714.500510786 20526288 0.007713319984931193
150544 0.9417873596406054 19517406.29120846 20723793 0.007713319984931192
152100 0.9403658512044758 19719135.248783126 20969642 0.007713319984931192
153664 0.9393167968014027 19921901.373234782 21208927 0.007713319984931192
155236 0.9400778532168491 20125704.66456343 21408551 0.007713319984931192
156816 0.9395485409044835 20330545.122769065 21638632 0.007713319984931192
158404 0.9383005498947445 20536422.747851692 21886828 0.007713319984931192
160000 0.9402394278412911 20743337.53981131 22061761 0.007713319984931192
161604 0.9401269967729341 20951289.498647917 22285595 0.007713319984931193
163216 0.9394098658917517 21160278.624361515 22525076 0.007713319984931193
164836 0.9398493112305556 21370304.916952107 22738012 0.007713319984931192
166464 0.9377186749658496 21581368.376419686 23014758 0.007713319984931192
168100 0.9362779737909784 21793469.00276426 23276708 0.007713319984931192
169744 0.9344957516557826 22006606.795985818 23549178 0.007713319984931192
171396 0.9335556824562142 22220781.75608437 23802310 0.007713319984931192
173056 0.931899962159099 22435993.88305991 24075539 0.007713319984931193
174724 0.9334854335436323 22652243.176912446 24266306 0.007713319984931192
176400 0.9329838496905575 22869529.63764197 24512246 0.007713319984931192
178084 0.9339500889033452 23087853.26524848 24720650 0.007713319984931193
179776 0.9353376133547979 23307214.059731986 24918504 0.007713319984931193
181476 0.9341149841570439 23527612.021092482 25187062 0.007713319984931192
183184 0.9339326504640599 23749047.149329968 25429079 0.007713319984931192
184900 0.9343918217655309 23971519.444444444 25654676 0.007713319984931192
186624 0.9355253447582093 24195028.90643591 25862505 0.007713319984931192
188356 0.9362387887215221 24419575.535304368 26082636 0.007713319984931193
190096 0.936952650154096 24645159.33104982 26303527 0.007713319984931192
191844 0.9377130974353387 24871780.293672256 26523870 0.007713319984931192
193600 0.9376390491235114 25099438.423171684 26768764 0.007713319984931192
195364 0.9382459996880224 25328133.719548102 26995195 0.007713319984931193
197136 0.9371643447838826 25557866.182801515 27271488 0.007713319984931192
198916 0.9337686834831376 25788635.812931914 27617799 0.007713319984931193
200704 0.9320670646286282 26020442.609939307 27916921 0.007713319984931192
202500 0.9307730708278095 26253286.573823687 28205894 0.007713319984931193
204304 0.9292423530099098 26487167.70458506 28504047 0.007713319984931192
206116 0.9276940465793614 26722086.002223425 28804848 0.007713319984931192
207936 0.9295918359748032 26958041.46673878 28999869 0.007713319984931192
209764 0.9268578073121481 27195034.09813112 29341107 0.007713319984931193
211600 0.9290501026311451 27433063.896400455 29528078 0.007713319984931193
213444 0.92954862490293 27672130.86154678 29769428 0.007713319984931193
215296 0.9275605931223548 27912234.993570097 30092088 0.007713319984931193
217156 0.927178280549418 28153376.292470403 30364577 0.007713319984931193
219024 0.9269618827221304 28395554.7582477 30632926 0.007713319984931193
220900 0.9275028679141314 28638770.39090199 30877285 0.007713319984931192
222784 0.9280072872573443 28883023.190433268 31123703 0.007713319984931192
224676 0.928235767974959 29128313.156841535 31380296 0.007713319984931192
226576 0.9288401779324411 29374640.290126797 31625075 0.007713319984931192
228484 0.9296792211826805 29622004.590289045 31862608 0.007713319984931192
230400 0.9277751337631444 29870406.057328284 32195739 0.007713319984931193
232324 0.9247831965180725 30119844.691244517 32569628 0.007713319984931192
234256 0.9232678427695329 30370320.49203774 32894377 0.007713319984931192
236196 0.9205220249727286 30621833.45970795 33265726 0.007713319984931192
238144 0.9193662232981359 30874383.594255153 33582247 0.007713319984931192
240100 0.9169762725003203 31127970.895679347 33946321 0.007713319984931192
242064 0.9172873247040395 31382595.36398053 34212394 0.007713319984931192
244036 0.9167545899122319 31638256.999158703 34511152 0.007713319984931193
246016 0.9165084711911741 31894955.801213868 34800503 0.007713319984931193
248004 0.9137076838896904 32152691.770146023 35189254 0.007713319984931193
250000 0.9134066995805641 32411464.90595517 35484155 0.007713319984931193
252004 0.9146235517385543 32671275.20864131 35721008 0.007713319984931192
254016 0.9181544338872006 32932122.678204436 35867738 0.007713319984931192
256036 0.9198496016760178 33194007.314644553 36086342 0.007713319984931192
258064 0.9196816641213206 33456929.11796166 36378815 0.007713319984931192
260100 0.9219028867090957 33720888.08815576 36577484 0.007713319984931192
262144 0.9264977802586779 33985884.22522685 36682100 0.007713319984931192
