4 0.0000347801309437482 0.031162997325598386 896 128.35735786923996
16 0.00036824812201593365 0.4986079572095742 1354 32.08933946730999
36 0.0007893066864832612 2.5242027833734695 3198 14.261928652137772
64 0.0015806870052215548 7.977727315353187 5047 8.022334866827498
100 0.0021852208379332426 19.476873328498993 8913 5.1342943147695985
144 0.003242392785322376 40.38724453397551 12456 3.565482163034443
196 0.004375064704640494 74.82235657876173 17102 2.619537915698775
256 0.005822892981417408 127.64363704565099 21921 2.0055837167068744
324 0.007100306481915926 204.46042545325102 28796 1.5846587391264193
400 0.008614273917956211 311.6299732559839 36176 1.2835735786923996
484 0.010194558012380426 456.25744384408597 44755 1.0608046104895865
576 0.011932120402976738 646.1959125436082 54156 0.8913705407586108
676 0.013949039550776804 890.0463666164155 63807 0.7595109933091122
784 0.016099268504460505 1197.1577052601876 74361 0.6548844789246937
900 0.01820247533325355 1577.6267396084183 86671 0.5704771460855109
1024 0.02058913625689732 2042.2981927304158 99193 0.5013959291767186
1156 0.02302129595725509 2602.764699631303 113059 0.4441431068139791
1296 0.025445038402470452 3271.3668072520163 128566 0.3961646847816048
1444 0.028079491222338816 4061.1929744693075 144632 0.3555605481142381
1600 0.030935044714855794 4986.079572095742 161179 0.3208933946730999
1764 0.0342804427889912 6060.6108828797 176795 0.291059768410975
1936 0.0368940707723136 7300.1191015053755 197867 0.26520115262239663
2116 0.039918906594309155 8720.684334592777 218460 0.24264150825943284
2304 0.04341638539129555 10339.134600697731 238139 0.2228426351896527
2500 0.046860139314603734 12173.04583031187 259774 0.20537177259078393
2704 0.05017260685208889 14240.741865862648 283835 0.18987774832727805
2916 0.054237264447282725 16561.294461713333 305349 0.1760731932362688
3136 0.05814197036268077 19154.523284163002 329444 0.16372111973117343
3364 0.06172305944201558 22040.995911446553 357095 0.15262468236532695
3600 0.06619175667760516 25242.027833734694 381347 0.14261928652137773
3844 0.06943915430267879 28779.682453133948 414459 0.13356644939567114
4096 0.07474682633984951 32676.771083686654 437166 0.12534898229417965
4356 0.07756304727713094 36956.852951370965 476475 0.11786717894328738
4624 0.08293615759075616 41644.235194100846 502124 0.11103577670349478
4900 0.08717140674370144 46763.97286172608 536460 0.10478151662795099
5184 0.09183428471477342 52341.86891603226 569960 0.0990411711954012
5476 0.09647715901610879 58404.474230740794 605371 0.09375994000674943
5776 0.10181809684843482 64979.08759150892 638188 0.08889013702855952
6084 0.10775524690334469 72093.75569592966 669051 0.08439011036767913
6400 0.11173725741840279 79777.27315353187 713972 0.08022334866827498
6724 0.11758470087565794 88059.18248578023 748900 0.07635773817325399
7056 0.12371718128567571 96969.7741260752 783802 0.07276494210274374
7396 0.12815156661344435 106540.08641975309 831360 0.06941987986438072
7744 0.133660199232938 116801.90562408601 873872 0.06630028815559916
8100 0.13991688043985176 127787.76590828189 913312 0.06338634956505677
8464 0.14525879412335663 139530.94935348444 960568 0.06066037706485821
8836 0.15024808511521956 152065.48595277325 1012096 0.05810654498381167
9216 0.1572746105465367 165426.1536111637 1051830 0.05571065879741317
9604 0.16233936773915497 179648.4781456069 1106623 0.0534599574632403
10000 0.16967986800218662 194768.73328498992 1147860 0.05134294314769598
10404 0.17574944765264874 210823.94067013552 1199571 0.049349234090442125
10816 0.18145175330552638 227851.86985380237 1255716 0.04746943708181951
11236 0.18956311648857174 245891.0383006849 1297146 0.04569503662130294
11664 0.19599396988974227 264980.7113874133 1351984 0.0440182983090672
12100 0.2036780662519838 285160.9024025537 1400057 0.04243218441958346
12544 0.21065927004733082 306472.37254660804 1454825 0.040930279932793356
12996 0.2166297651213115 328956.6309320139 1518520 0.039506727568248676
13456 0.22474243133451668 352655.93458314484 1569156 0.03815617059133174
13924 0.23194335304596764 377613.2884363102 1628041 0.036873702346808375
14400 0.24032473445235966 403872.4453397551 1680528 0.03565482163034443
14884 0.2451651446824909 431477.9060536605 1759948 0.03449539313873689
15376 0.25253836502536664 460474.91925014317 1823386 0.033391612348917785
15876 0.2613930513672183 490909.4815132557 1878051 0.03233997426788611
16384 0.27233521947319766 522828.33733898646 1919797 0.03133724557354491
16900 0.2771749208430959 556278.9791352598 2006960 0.030380439732364487
17424 0.28300655323070445 591309.6472219354 2089385 0.029466794735821845
17956 0.29158997189400165 627969.3298308095 2153604 0.028593753145297385
18496 0.3011806900838503 666307.7631056135 2212319 0.027758944175873695
19044 0.3084239838124238 706375.4311020151 2290274 0.026960167584381422
19600 0.316293357198012 748223.5657876172 2365600 0.026195379156987747
20164 0.3255275961365882 791904.1470419593 2432679 0.02546267761738543
20736 0.3344271935444711 837469.9026565162 2504192 0.0247602927988503
21316 0.34183159393349055 884974.3083346984 2588919 0.024086574942623375
21904 0.35127882827256635 934471.5876918527 2660199 0.02343998500168736
22500 0.3615419437482763 986016.7122552615 2727254 0.022819085843420437
23104 0.36987896136727877 1039665.4014641427 2810826 0.02222253425713988
23716 0.3806103120799118 1095474.1226696505 2878204 0.02164907368346095
24336 0.3912496077786164 1153500.0911348746 2948246 0.021097527591919782
24964 0.3987012398008534 1213801.2700348406 3044388 0.020566793441634347
25600 0.40706272951844935 1276436.37045651 3135724 0.020055837167068744
26244 0.4166837045219769 1341464.85139878 3219384 0.0195636881373632
26896 0.42767586587060014 1408946.9197724836 3294427 0.019089434543313497
27556 0.4366813109798658 1478943.5304003898 3386780 0.018632219171032072
28224 0.4485970426786362 1551516.386017203 3458597 0.018191235525685936
28900 0.4582972542838561 1626727.9372695643 3549504 0.017765724272559166
29584 0.4656691099767716 1704641.3827160494 3660628 0.01735496996609518
30276 0.47518873550559937 1785320.6688271707 3757077 0.016958298040591884
30976 0.48459149431995746 1868830.4899853761 3856507 0.01657507203889979
31684 0.49683608003939894 1955236.2884850495 3935375 0.016204691057851276
32400 0.5096144486667851 2044604.2545325102 4012061 0.015846587391264193
33124 0.5215116277854033 2137001.326246014 4097706 0.015500224353247187
33856 0.5295642642517735 2232495.189655751 4215721 0.015165094266214553
34596 0.5369446390982345 2331154.2787038498 4341517 0.014840716599519015
35344 0.5473210309418983 2433047.775244372 4445376 0.014526636245952917
36100 0.5595043176732067 2538245.609043317 4536597 0.014222421924569526
36864 0.5737118467979436 2646818.457778619 4613498 0.013927664699353293
37636 0.5832353107153008 2758837.747040148 4730231 0.013641976604234241
38416 0.5926203157527151 2874375.6503297105 4850282 0.013364989365810076
39204 0.604580563795117 2993505.089061048 4951375 0.013096353215920821
40000 0.6176389380644309 3116299.732559839 5045504 0.012835735786923996
40804 0.6315852409229944 3242833.9980636956 5134436 0.012582821083152628
41616 0.6399778421304486 3373183.0507221683 5270781 0.012337308522610531
42436 0.650168093440293 3507422.8035967425 5394640 0.01209891204347629
43264 0.6620881061869094 3645629.917660838 5506261 0.011867359270454878
44100 0.6748080490294722 3787881.8017998124 5613273 0.011642390736438999
44944 0.6898456422555952 3934256.612810958 5703097 0.011423759155325735
45796 0.7011071518085963 4084833.255403504 5826261 0.011211228742181846
46656 0.7153941901711204 4239691.382198613 5926371 0.0110045745772668
47524 0.7284624221125483 4398911.393729387 6038625 0.010803582010709533
48400 0.741717276852143 4562574.438440859 6151366 0.010608046104895866
49284 0.7567201536310242 4730762.412690004 6251667 0.010417771111861047
50176 0.7645225147926348 4903557.960745729 6413883 0.010232569983198339
51076 0.7759051676555705 5081044.474788874 6548538 0.010052263910191869
51984 0.7896744991248105 5263306.094912223 6665159 0.009876681892062169
52900 0.8053415679258196 5450427.709120486 6767846 0.009705660330377314
53824 0.8169477838261304 5642494.9533303175 6906800 0.009539042647832934
54756 0.8295149147444167 5839594.211370302 7039770 0.009376678929742126
55696 0.8446294419360708 6041812.614980963 7153211 0.009218425586702094
56644 0.8600874538699169 6249238.043814758 7265817 0.009064145037019982
57600 0.8742164877076675 6461959.125436082 7391715 0.008913705407586108
58564 0.8841176870014744 6680065.235321263 7555629 0.008766980251980054
59536 0.8952506359222627 6903646.496858568 7711412 0.008623848284684222
60516 0.9075084123294171 7132793.781348198 7859755 0.008484193130361556
61504 0.9189414918698049 7367598.708002291 8017484 0.008347903087229446
62500 0.9319052464476936 7608153.643944918 8164085 0.008214870903631358
63504 0.9514279749370835 7854551.704212091 8255540 0.008084993566971527
64516 0.9707455976068281 8106886.751751753 8351196 0.007958172104237085
65536 0.993113874766469 8365253.397423783 8423257 0.007834311393386228
66564 1 8629747 8629747 0.007713319984931192
67600 1.0110784186971327 8900463.666164156 8802941 0.007595109933091122
68644 1.022926282490594 9177500.250511937 8971810 0.007479596635932635
69696 1.0338123454410817 9460954.355550967 9151520 0.007366698683955461
70756 1.046742366879961 9750924.331700807 9315496 0.007256337716617104
71824 1.0609891902532647 10047509.277292952 9469945 0.007148438286324346
72900 1.0794964619344372 10350809.038570832 9588553 0.0070429277294507524
73984 1.097622392530083 10660924.209689816 9712743 0.006939736043968424
75076 1.1102415318681154 10977956.132717205 9887899 0.006838795773309179
76176 1.1238409860075063 11302006.897632241 10056589 0.0067400418960953555
77284 1.138497660583984 11633179.342326093 10218009 0.006643411721403652
78400 1.1541390199152775 11971577.052601876 10372734 0.006548844789246937
79524 1.1723466247563787 12317304.362174634 10506538 0.006456282775979073
80656 1.1886936552430578 12670466.35267135 10659152 0.006365669404346358
81796 1.2091380791285244 13031168.85363094 10777238 0.006276950357926548
82944 1.221454956683213 13399518.442504259 10970129 0.006190073199712575
84100 1.231977603136379 13775622.444654096 11181715 0.006104987294613078
85264 1.2453619854667644 14159588.933355175 11369858 0.006021643735655844
86436 1.2615053016496816 14551526.72979416 11535050 0.005939995273693367
87616 1.279940045335982 14951545.403069643 11681442 0.00585999625042184
88804 1.3001844725528178 15359755.270192163 11813520 0.00578160253453628
90000 1.320310059727132 15776267.396084184 11948911 0.005704771460855109
91204 1.3350706866677475 16201193.59358011 12135083 0.005629461772257356
92416 1.3509955772675672 16634646.423426284 12312880 0.00555563356428497
93636 1.3730444506939081 17076739.19428098 12437135 0.005483248232271347
94864 1.3923314598254197 17527585.962714408 12588659 0.005412268420865237
96100 1.4117278368416815 17987301.533208717 12741338 0.005342657975826845
97344 1.4299842364052908 18456001.458157994 12906437 0.0052743818979799455
98596 1.4473158628186638 18933802.03786825 13082011 0.005207406299210514
99856 1.458168097197098 19420820.32055745 13318643 0.005141698360408587
101124 1.4741363460475014 19917174.102355476 13511080 0.005077226291255882
102400 1.4892136318917142 20422981.92730416 13713937 0.005013959291767186
103684 1.507834408933275 20938363.08735726 13886381 0.0049518675154986294
104976 1.5290521190315682 21463437.62238048 14037087 0.0048909220343408
106276 1.549039369024844 21998326.32015145 14201270 0.004831094804819149
107584 1.565158655423613 22543150.71635974 14403109 0.004772358635828374
108900 1.5816118267122647 23098033.094606854 14604110 0.004714687157731495
110224 1.600274437960673 23663096.486406237 14786899 0.004658054792758018
111556 1.6215439689483606 24238464.671183266 14947769 0.004602436726639175
112896 1.6442824877336026 24824262.17627525 15097322 0.004547808881421484
114244 1.6640951460349893 25420614.276931442 15275938 0.004494147889403031
115600 1.6792716113059991 26027646.996313028 15499367 0.004441431068139792
116964 1.6930687436562313 26645487.105493125 15737983 0.004389636396472075
118336 1.706657478528654 27274262.12345679 15981099 0.004338742491523795
119716 1.722137038719751 27914100.317101017 16208989 0.004288728586629689
121104 1.7399218662764686 28565130.70123473 16417479 0.004239574510147971
122500 1.7580230491423772 29227483.0385788 16625199 0.004191260665118039
123904 1.7709337168512673 29901287.839766018 16884476 0.004143768009724947
125316 1.7933473691650001 30586676.363341127 17055634 0.004097078038534264
126736 1.8196547247698132 31283780.615760792 17192152 0.004051172764462819
128164 1.8426022988225355 31992733.35139362 17362799 0.004006034701452513
129600 1.8688655951012627 32713668.072520163 17504559 0.003961646847816048
131044 1.899651584452504 33446719.02933289 17606765 0.003917992670224961
132496 1.9089896888232734 34192021.21993622 17911056 0.0038750560883117967
133956 1.9219398032657793 34949710.3903465 18184602 0.0038328214598596544
135424 1.934809509928379 35719923.034492016 18461726 0.003791273566553638
136900 1.9523747131011528 36502796.394213 18696614 0.003750397600269977
138384 1.9686578105410277 37298468.459261596 18946141 0.0037101791498797537
139876 1.9870740058693785 38107077.967301905 19177483 0.003670604188545282
141376 2.0055266508027696 38928764.40390995 19410744 0.003631659061488229
142884 2.028046685784465 39763668.00257371 19606880 0.0035933304742095675
144400 2.0519116427843147 40611929.74469307 19792241 0.0035556054811423815
145924 2.0671129059839353 41473691.35957988 20063583 0.0035184714747194417
147456 2.091148226096019 42349095.324457906 20251599 0.0034819161748383233
148996 2.106483396533404 43238284.86446285 20526288 0.003445927618707615
150544 2.129986723600374 44141403.95264237 20723793 0.0034104941510585602
152100 2.1487537703293187 45058597.30995604 20969642 0.0033756044147071652
153664 2.1684270215685766 45990010.40527537 21208927 0.003341247341452519
155236 2.192385157472069 46935789.455383815 21408551 0.003307412143297688
156816 2.213452376516998 47896081.424976766 21638632 0.0032740883039802052
158404 2.2328970660646466 48871034.02666155 21886828 0.003241265570799726
160000 2.260055111691103 49860795.72095742 22061761 0.003208933946730999
161604 2.2824392041718236 50865515.71629557 22285595 0.0031770836828108203
163216 2.303448120175893 51885343.96901913 22525076 0.003145705270788157
164836 2.327399210774591 52920431.183383174 22738012 0.0031147894360270805
166464 2.3450574110557536 53970928.81155469 23014758 0.003084327130652633
168100 2.3644661888447733 55036989.05361264 23276708 0.0030543095269301595
169744 2.383045593249492 56118764.85754788 23549178 0.0030247280108690725
171396 2.403817525242853 57216409.919263214 23802310 0.0029955741760423807
173056 2.422794300994607 58330078.68257341 24075539 0.0029668398176137195
174724 2.450308107843243 59459926.33920513 24266306 0.0029385169265639514
176400 2.47248288993171 60606108.828797 24512246 0.0029105976841097498
178084 2.4986714685455103 61768782.83889957 24720650 0.0028830744563069105
179776 2.5261591067014026 62948105.80497533 24918504 0.002855939788831434
181476 2.54671370207445 64144235.91039871 25187062 0.0028291864019317145
183184 2.5701808581606933 65357332.08645606 25429079 0.0028028071855454614
184900 2.595532838237586 66587554.01234568 25654676 0.002776795194575229
186624 2.6229115128321023 67835062.11517781 25862505 0.0027511436443167
188356 2.649272779406752 69100017.5699746 26082636 0.002725845906034105
190096 2.6757849736147623 70382582.29967019 26303527 0.0027008955026773833
191844 2.7025814473947647 71682918.97511058 26523870 0.0026762861047359304
193600 2.727103538103356 73001191.01505375 26768764 0.0026520115262239664
195364 2.753733121252491 74337562.58616965 26995195 0.0026280657207927755
197136 2.775506734470817 75692198.60304007 27271488 0.002604442777965262
198916 2.790420218792918 77065264.72815883 27617799 0.0025811369194884267
200704 2.810371794652127 78456927.37193166 27916921 0.0025581424957995848
202500 2.8315838417557755 79867353.69267617 28205894 0.0025354539826022713
204304 2.852111196582787 81296711.59662199 28504047 0.002513065977547967
206116 2.872612614998372 82745169.73791063 28804848 0.00249097319701993
207936 2.9039061355275626 84212897.51859556 28999869 0.0024691704730155422
209764 2.9208190777751555 85700065.08864217 29341107 0.002447652750123757
211600 2.953353189663336 87206843.34592777 29528078 0.0024264150825943284
213444 2.9806889113301636 88733403.93624169 29769428 0.002405452631495661
215296 3.000121468915187 90279919.25328508 30092088 0.0023847606619582335
217156 3.0247930817106754 91846562.4386711 30364577 0.0023643345405006534
219024 3.0501006460148417 93433507.38192484 30632926 0.0023441697324355316
220900 3.0780209050272163 95040928.72048329 30877285 0.0023242617993524664
222784 3.1059608119154527 96669001.83969541 31123703 0.0023046063966755234
224676 3.1331094796818384 98317902.87282208 31380296 0.0022851992712927057
226576 3.161662342335508 99987808.70103613 31625075 0.0022660362592549954
228484 3.191166804469437 101678896.95342231 31862608 0.0022471132835426544
230400 3.211336320218564 103391346.0069773 32195739 0.002228426351896527
232324 3.2277106446106703 105125334.98660974 32569628 0.0022099715547122117
234256 3.249219274319748 106881043.7651402 32894377 0.0021917450629950134
236196 3.266384535341305 108658652.96330117 33265726 0.002173743126373689
238144 3.2891885986586034 110458343.94973709 33582247 0.0021559620711710556
240100 3.3075837243453954 112280298.84100431 33946321 0.002138398298529612
242064 3.3357706713412445 114124700.50157116 34212394 0.002121048282590389
244036 3.3609927754314866 115991732.5438179 34511152 0.002103908568723302
246016 3.387352743954208 117881579.32803665 34800503 0.0020869757718073615
248004 3.404290013150934 119794425.96243156 35189254 0.0020702465745591194
250000 3.43055818302898 121730458.30311869 35484155 0.0020537177259078395
252004 3.4626644061703415 123689862.95412602 35721008 0.0020373860394158816
254016 3.5037845784251425 125672827.26739345 35867738 0.002021248391742882
256036 3.5381679678913662 127679539.34277286 36086342 0.0020053017211523376
258064 3.5655418690253664 129710188.02802804 36378815 0.0019895430260592714
260100 3.602351734166153 131764962.9188347 36577484 0.001973969363617685
262144 3.6487565967810056 133844054.35878053 36682100 0.001958577848346557
