4 1.9439568325355578 433.5023736554294 223 0.009227169775959316
16 2.1567282271414396 1734.0094946217175 804 0.009227169775959316
36 1.9304905308752422 3901.5213628988645 2021 0.009227169775959316
64 1.765344356957717 6936.03797848687 3929 0.009227169775959316
100 1.811694975156425 10837.559341385735 5982 0.009227169775959316
144 1.7558601993244214 15606.085451595458 8888 0.009227169775959316
196 1.6729634015213073 21241.616309116038 12697 0.009227169775959316
256 1.651732566169404 27744.15191394748 16797 0.009227169775959316
324 1.6743130014347596 35113.692266089776 20972 0.009227169775959316
400 1.6746595598216387 43350.23736554294 25886 0.009227169775959316
484 1.6081732597206044 52453.787212306954 32617 0.009227169775959316
576 1.544354217025354 62424.34180638183 40421 0.009227169775959316
676 1.5253997907005823 73261.90114776757 48028 0.009227169775959316
784 1.5145537475305553 84966.46523646415 56100 0.009227169775959316
900 1.5208712218744111 97538.03407247161 64133 0.009227169775959316
1024 1.5072404576429115 110976.60765578992 73629 0.009227169775959316
1156 1.4507809158290672 125282.18598641909 86355 0.009227169775959316
1296 1.4325395127221825 140454.7690643591 98046 0.009227169775959316
1444 1.4128119753864834 156494.35688961 110768 0.009227169775959316
1600 1.4121633463541445 173400.94946217176 122791 0.009227169775959316
1764 1.3764457252649172 191174.54678204434 138890 0.009227169775959316
1936 1.3762070382806382 209815.14884922781 152459 0.009227169775959316
2116 1.3518280328445826 229322.75566372214 169639 0.009227169775959316
2304 1.3648319343732875 249697.36722552733 182951 0.009227169775959316
2500 1.3470303151798435 270938.98353464337 201138 0.009227169775959316
2704 1.338569217868459 293047.60459107027 218926 0.009227169775959316
2916 1.3268307885867687 316023.230394808 238179 0.009227169775959316
3136 1.3019934527778136 339865.8609458566 261035 0.009227169775959316
3364 1.2850966574815068 364575.4962442161 283695 0.009227169775959316
3600 1.3010882737285536 390152.13628988643 299866 0.009227169775959316
3844 1.2971555733195115 416595.78108286764 321161 0.009227169775959316
4096 1.2737009403362238 443906.4306231597 348517 0.009227169775959316
4356 1.2613395736543547 472084.0849107626 374272 0.009227169775959316
4624 1.2679260286808516 501128.74394567637 395235 0.009227169775959316
4900 1.2405776019845418 531040.407727901 428059 0.009227169775959316
5184 1.2415726559591176 561819.0762574364 452506 0.009227169775959316
5476 1.2458403036678014 593464.7495342828 476357 0.009227169775959316
5776 1.2401953230635911 625977.42755844 504741 0.009227169775959316
6084 1.2592691606616235 659357.1103299081 523603 0.009227169775959316
6400 1.2279933463674488 693603.797848687 564827 0.009227169775959316
6724 1.2389762158911877 728717.4901147768 588161 0.009227169775959316
7056 1.223301798288585 764698.1871281774 625110 0.009227169775959316
7396 1.190042356384867 801545.8888888889 673544 0.009227169775959316
7744 1.2116329666794836 839260.5953969113 692669 0.009227169775959316
8100 1.1997658897113819 877842.3066522445 731678 0.009227169775959316
8464 1.1905665177371727 917291.0226548886 770466 0.009227169775959316
8836 1.1910901998256707 957606.7434048435 803975 0.009227169775959316
9216 1.1828112419200272 998789.4689021093 844420 0.009227169775959316
9604 1.1790698059917395 1040839.1991466859 882763 0.009227169775959316
10000 1.1670280538962894 1083755.9341385735 928646 0.009227169775959316
10404 1.1669958019414108 1127539.6738777717 966190 0.009227169775959316
10816 1.1596098115191102 1172190.418364281 1010849 0.009227169775959316
11236 1.176214836800297 1217708.167598101 1035277 0.009227169775959316
11664 1.1783700365316632 1264092.921579232 1072747 0.009227169775959316
12100 1.1588913626585757 1311344.680307674 1131551 0.009227169775959315
12544 1.1613896075973125 1359463.4437834264 1170549 0.009227169775959316
12996 1.1393026359054568 1408449.21200649 1236238 0.009227169775959316
13456 1.138535251352503 1458301.9849768644 1280858 0.009227169775959316
13924 1.1302382399205397 1509021.7626945497 1335136 0.009227169775959316
14400 1.1261459443955284 1560608.5451595457 1385796 0.009227169775959316
14884 1.1391449838752263 1613062.3323718528 1416029 0.009227169775959316
15376 1.139224209669879 1666383.1243314706 1462735 0.009227169775959316
15876 1.1353688764293142 1720570.9210383992 1515429 0.009227169775959316
16384 1.1180036673292395 1775625.7224926387 1588211 0.009227169775959316
16900 1.0965190263081042 1831547.5286941892 1670329 0.009227169775959316
17424 1.1327908781243234 1888336.3396430505 1666977 0.009227169775959316
17956 1.106693506844479 1945992.1553392224 1758384 0.009227169775959316
18496 1.10261836256082 2004514.9757827055 1817959 0.009227169775959316
19044 1.098484299025848 2063904.8009734992 1878866 0.009227169775959316
19600 1.096862319610656 2124161.630911604 1936580 0.009227169775959316
20164 1.0923456147912864 2185285.4655970195 2000544 0.009227169775959316
20736 1.1042258618633158 2247276.3050297457 2035160 0.009227169775959316
21316 1.0939253963519862 2310134.149209783 2111784 0.009227169775959316
21904 1.1097243139599042 2373858.9981371313 2139143 0.009227169775959316
22500 1.1033264943109966 2438450.8518117904 2210090 0.009227169775959316
23104 1.0892436401511076 2503909.71023376 2298760 0.009227169775959316
23716 1.0817794834294743 2570235.573403041 2375933 0.009227169775959316
24336 1.074481817367614 2637428.4413196323 2454605 0.009227169775959316
24964 1.0742791771925178 2705488.313983535 2518422 0.009227169775959316
25600 1.076804655336196 2774415.191394748 2576526 0.009227169775959316
26244 1.0799938157634366 2844209.073553272 2633542 0.009227169775959316
26896 1.0701113774835243 2914869.960459107 2723894 0.009227169775959316
27556 1.0857855761412967 2986397.852112253 2750449 0.009227169775959316
28224 1.0652358368754364 3058792.7485127095 2871470 0.009227169775959316
28900 1.0721863386469797 3132054.6496604774 2921185 0.009227169775959316
29584 1.062626604099978 3206183.5555555555 3017225 0.009227169775959316
30276 1.0713383736261908 3281179.466197945 3062692 0.009227169775959316
30976 1.052925833363698 3357042.381587645 3188299 0.009227169775959316
31684 1.060480522098821 3433772.301724656 3237940 0.009227169775959316
32400 1.0572725617417111 3511369.226608978 3321158 0.009227169775959316
33124 1.054977508315493 3589833.156240611 3402758 0.009227169775959316
33856 1.0553136478595562 3669164.0906195543 3476847 0.009227169775959316
34596 1.0555565023619797 3749362.029745809 3552024 0.009227169775959316
35344 1.0681349441186134 3830426.973619374 3586089 0.009227169775959316
36100 1.0545137706918561 3912358.9222402503 3710107 0.009227169775959316
36864 1.0485257642672439 3995157.875608437 3810262 0.009227169775959316
37636 1.0606604446863233 4078823.833723935 3845551 0.009227169775959316
38416 1.0506117267762267 4163356.7965867436 3962793 0.009227169775959316
39204 1.0303086093279339 4248756.764196863 4123771 0.009227169775959316
40000 1.040959737183549 4335023.736554294 4164449 0.009227169775959316
40804 1.0359703907776705 4422157.713659035 4268614 0.009227169775959316
41616 1.0306625477061337 4510158.695511087 4375980 0.009227169775959316
42436 1.0443586864433878 4599026.68211045 4403685 0.009227169775959316
43264 1.0345374514217338 4688761.673457124 4532230 0.009227169775959316
44100 1.035485183885079 4779363.669551109 4615579 0.009227169775959316
44944 1.0401230232536456 4870832.670392404 4682939 0.009227169775959316
45796 1.035571426123266 4963168.675981011 4792686 0.009227169775959316
46656 1.0255803628610063 5056371.686316928 4930254 0.009227169775959316
47524 1.0153907620771174 5150441.701400156 5072374 0.009227169775959316
48400 1.033196953545874 5245378.721230696 5076843 0.009227169775959315
49284 1.02620878413282 5341182.7458085455 5204772 0.009227169775959316
50176 1.0410015506580532 5437853.775133706 5223675 0.009227169775959316
51076 1.0335104041470011 5535391.8092061775 5355913 0.009227169775959316
51984 1.0141591091974012 5633796.84802596 5555141 0.009227169775959316
52900 1.0167893062634485 5733068.891593054 5638404 0.009227169775959315
53824 1.020671302347558 5833207.939907458 5715070 0.009227169775959316
54756 1.0064751967201646 5934213.992969173 5896036 0.009227169775959316
55696 1.0219525396201017 6036087.050778199 5906426 0.009227169775959316
56644 1.0085258257953862 6138827.113334536 6086931 0.009227169775959316
57600 1.0015870216440035 6242434.180638183 6232543 0.009227169775959316
58564 1.0088098895457431 6346908.252689142 6291481 0.009227169775959316
59536 1.0028395067263827 6452249.329487411 6433980 0.009227169775959316
60516 1.0049233536652922 6558457.4110329915 6526326 0.009227169775959316
61504 1.005130429921071 6665532.497325882 6631510 0.009227169775959316
62500 1.0044330442237037 6773474.588366084 6743580 0.009227169775959316
63504 0.9886635454831268 6882283.684153597 6961199 0.009227169775959316
64516 1.0076798247111869 6991959.784688421 6938672 0.009227169775959316
65536 1.0005832175630571 7102502.889970555 7098363 0.009227169775959316
66564 1 7213913 7213913 0.009227169775959316
67600 1.004088218055104 7326190.114776757 7296361 0.009227169775959316
68644 1.0101773935607954 7439334.234300824 7364384 0.009227169775959316
69696 0.9859913339817806 7553345.358572202 7660661 0.009227169775959316
70756 1.0022642418004275 7668223.48759089 7650900 0.009227169775959316
71824 1.00342636180252 7783968.62135689 7757389 0.009227169775959316
72900 1.0057228757219288 7900580.7598702 7855624 0.009227169775959316
73984 1.0023914324465133 8018059.903130822 7998931 0.009227169775959316
75076 0.99545973252377 8136406.051138754 8173516 0.009227169775959316
76176 0.9831541583103637 8255619.203893997 8397075 0.009227169775959316
77284 0.9841834493315398 8375699.361396551 8510303 0.009227169775959316
78400 0.9884624777140445 8496646.523646416 8595821 0.009227169775959316
79524 0.9855494802920757 8618460.690643592 8744828 0.009227169775959316
80656 0.9944404912381304 8741141.862388078 8790010 0.009227169775959316
81796 0.9674472402375949 8864690.038879875 9162970 0.009227169775959316
82944 0.9806302665844174 8989105.220118983 9166661 0.009227169775959316
84100 0.982147253553414 9114387.406105403 9280062 0.009227169775959316
85264 0.9765887639460066 9240536.596839132 9462055 0.009227169775959316
86436 0.9915155948695058 9367552.792320173 9447711 0.009227169775959316
87616 0.986306497217593 9495435.992548525 9627267 0.009227169775959316
88804 0.982304089039712 9624186.197524188 9797563 0.009227169775959316
90000 0.9908114361942933 9753803.407247161 9844258 0.009227169775959316
91204 0.9931693581520761 9884287.621717446 9952268 0.009227169775959316
92416 0.9946884977283559 10015638.84093504 10069121 0.009227169775959316
93636 0.9860970853754578 10147857.064899946 10290931 0.009227169775959316
94864 0.9707044358460154 10280942.293612164 10591218 0.009227169775959316
96100 0.9754293760974104 10414894.52707169 10677241 0.009227169775959316
97344 0.9710102559209329 10549713.76527853 10864678 0.009227169775959316
98596 0.9705203563890437 10685400.00823268 11009970 0.009227169775959316
99856 0.9745495980919331 10821953.25593414 11104569 0.009227169775959316
101124 0.9633559674904075 10959373.50838291 11376245 0.009227169775959316
102400 0.9753968672243708 11097660.765578993 11377585 0.009227169775959316
103684 0.9717484398344364 11236815.027522385 11563502 0.009227169775959316
104976 0.9728067065211983 11376836.294213088 11694858 0.009227169775959316
106276 0.9623534797372544 11517724.565651104 11968289 0.009227169775959316
107584 0.9582338388696896 11659479.841836428 12167677 0.009227169775959316
108900 0.9652082423890787 11802102.122769065 12227519 0.009227169775959316
110224 0.9749343213633332 11945591.408449013 12252714 0.009227169775959316
111556 0.9721524713868132 12089947.69887627 12436267 0.009227169775959316
112896 0.9646064160489057 12235170.994050838 12684107 0.009227169775959316
114244 0.968347665371944 12381261.29397272 12785967 0.009227169775959315
115600 0.9630968896881175 12528218.59864191 13008264 0.009227169775959316
116964 0.9565528255987649 12676042.90805841 13251796 0.009227169775959316
118336 0.9502265974138202 12824734.222222222 13496501 0.009227169775959316
119716 0.955741386450358 12974292.541133346 13575108 0.009227169775959316
121104 0.9591628191992043 13124717.86479178 13683514 0.009227169775959316
122500 0.9555616106942726 13276010.193197524 13893411 0.009227169775959316
123904 0.9521797057208047 13428169.52635058 14102558 0.009227169775959316
125316 0.9581303474645784 13581195.864250947 14174685 0.009227169775959316
126736 0.9608993936752749 13735089.206898624 14293993 0.009227169775959316
128164 0.9552368386705525 13889849.554293612 14540739 0.009227169775959316
129600 0.9636471338310449 14045476.906435912 14575332 0.009227169775959316
131044 0.9602564626483024 14201971.263325522 14789769 0.009227169775959316
132496 0.9617174865753433 14359332.624962443 14930926 0.009227169775959316
133956 0.9549590759801962 14517560.991346674 15202286 0.009227169775959316
135424 0.9605768362293153 14676656.362478217 15279003 0.009227169775959316
136900 0.9578531670496416 14836618.73835707 15489450 0.009227169775959316
138384 0.9405824600305626 14997448.118983235 15944852 0.009227169775959316
139876 0.954108054325844 15159144.50435671 15888289 0.009227169775959316
141376 0.9548183753680266 15321707.894477496 16046725 0.009227169775959316
142884 0.9501545629865299 15485138.289345592 16297494 0.009227169775959316
144400 0.9361656579418665 15649435.688961001 16716524 0.009227169775959316
145924 0.9458371254989076 15814600.093323719 16720215 0.009227169775959316
147456 0.9539257449151588 15980631.502433749 16752490 0.009227169775959316
148996 0.9505238138100561 16147529.91629109 16988033 0.009227169775959316
150544 0.9423599404926636 16315295.33489574 17313231 0.009227169775959316
152100 0.9437539723976346 16483927.758247701 17466340 0.009227169775959316
153664 0.9483357448570762 16653427.186346974 17560687 0.009227169775959316
155236 0.9282973441284477 16823793.619193558 18123281 0.009227169775959316
156816 0.9396763082511275 16995027.056787454 18086044 0.009227169775959316
158404 0.9488519953948193 17167127.49912866 18092524 0.009227169775959316
160000 0.9415366981855577 17340094.946217176 18416802 0.009227169775959316
161604 0.940889377633765 17513929.398053 18614228 0.009227169775959316
163216 0.9587722502048398 17688630.85463614 18449252 0.009227169775959316
164836 0.9352493786041154 17864199.315966588 19101001 0.009227169775959316
166464 0.9303719862497688 18040634.782044347 19390776 0.009227169775959316
168100 0.9379134598545822 18217937.25286942 19423900 0.009227169775959316
169744 0.9305559563299746 18396106.7284418 19768942 0.009227169775959316
171396 0.9407030068161825 18575143.208761495 19746023 0.009227169775959316
173056 0.9405742455429027 18755046.693828497 19939996 0.009227169775959316
174724 0.9365574703268671 18935817.183642812 20218532 0.009227169775959315
176400 0.9213543320626446 19117454.678204436 20749297 0.009227169775959316
178084 0.9363410990869477 19299959.177513372 20612103 0.009227169775959316
179776 0.9285602509262267 19483330.681569617 20982301 0.009227169775959316
181476 0.9298337065754022 19667569.190373175 21151706 0.009227169775959316
183184 0.9306905550131629 19852674.703924045 21331123 0.009227169775959316
184900 0.9413571134230203 20038647.222222224 21286977 0.009227169775959316
186624 0.9255485497114331 20225486.74526771 21852432 0.009227169775959316
188356 0.9271224637134668 20413193.273060516 22017796 0.009227169775959315
190096 0.9282857067751261 20601766.805600625 22193347 0.009227169775959316
191844 0.9352378574755105 20791207.34288805 22230930 0.009227169775959316
193600 0.932975482210682 20981514.884922784 22488817 0.009227169775959315
195364 0.923127843144219 21172689.431704827 22935815 0.009227169775959316
197136 0.914186169296667 21364730.983234182 23370219 0.009227169775959316
198916 0.9250933708305024 21557639.539510846 23303204 0.009227169775959316
200704 0.9174173963892894 21751415.100534823 23709399 0.009227169775959316
202500 0.9250263855351186 21946057.666306112 23724791 0.009227169775959316
204304 0.9201678808015911 22141567.23682471 24062530 0.009227169775959316
206116 0.9211431676943178 22337943.81209062 24250241 0.009227169775959316
207936 0.9155816890590113 22535187.39210384 24612973 0.009227169775959316
209764 0.934583966636138 22733297.97686437 24324511 0.009227169775959316
211600 0.9149721903334826 22932275.566372216 25063358 0.009227169775959315
213444 0.926801572807088 23132120.16062737 24959086 0.009227169775959315
215296 0.9276565690521642 23332831.75962983 25152446 0.009227169775959316
217156 0.9214372856803807 23534410.363379605 25540979 0.009227169775959316
219024 0.9272051449388086 23736855.971876692 25600436 0.009227169775959316
220900 0.9133677752124295 23940168.585121088 26210875 0.009227169775959316
222784 0.9238704886912367 24144348.203112796 26133910 0.009227169775959316
224676 0.9236553453870942 24349394.825851813 26361992 0.009227169775959316
226576 0.9174383296524726 24555308.453338142 26765078 0.009227169775959316
228484 0.9246206867833032 24762089.08557178 26780808 0.009227169775959316
230400 0.9091862872636125 24969736.72255273 27463829 0.009227169775959316
232324 0.9176161244689126 25178251.364280995 27438763 0.009227169775959316
234256 0.9146212765699581 25387633.010756567 27757536 0.009227169775959316
236196 0.9169354535057862 25597881.661979448 27916776 0.009227169775959316
238144 0.9145542566464967 25808997.317949645 28220302 0.009227169775959316
240100 0.9049177009274483 26020979.978667147 28755079 0.009227169775959316
242064 0.9177265967224825 26233829.644131966 28585670 0.009227169775959316
244036 0.9158383613949533 26447546.31434409 28877963 0.009227169775959316
246016 0.9051306381528096 26662129.98930353 29456665 0.009227169775959316
248004 0.9079596879948844 26877580.669010278 29602174 0.009227169775959316
250000 0.9032092769969741 27093898.353464335 29997365 0.009227169775959316
252004 0.9031600201056977 27311083.042665705 30239473 0.009227169775959316
254016 0.9071596767079972 27529134.736614387 30346515 0.009227169775959316
256036 0.9110635643671465 27748053.43531038 30456770 0.009227169775959316
258064 0.9140530928006069 27967839.138753682 30597609 0.009227169775959316
260100 0.9045495709238754 28188491.846944295 31163015 0.009227169775959316
262144 0.9061204298907295 28410011.55988222 31353461 0.009227169775959316
