4 0.313457507169737 86.51427197884742 276 0.04623514604593786
16 0.6007935554086626 346.0570879153897 576 0.04623514604593786
36 0.8848050543291214 778.6284478096268 880 0.04623514604593786
64 1.1922724820512995 1384.2283516615587 1161 0.04623514604593786
100 0.9672883718565229 2162.8567994711852 2236 0.04623514604593787
144 1.3389999102487133 3114.513791238507 2326 0.04623514604593786
196 1.329319324855291 4239.199326963523 3189 0.04623514604593786
256 1.4498333088887758 5536.913406646235 3819 0.04623514604593786
324 1.275046584841092 7007.656030286641 5496 0.04623514604593786
400 1.344015410577092 8651.427197884741 6437 0.04623514604593787
484 1.4115732078533627 10468.226909440538 7416 0.04623514604593786
576 1.413920686069008 12458.055164954028 8811 0.04623514604593786
676 1.2919423844150582 14620.911964425213 11317 0.04623514604593786
784 1.2981777145807758 16956.797307854093 13062 0.04623514604593786
900 1.294090625930107 19465.71119524067 15042 0.04623514604593786
1024 1.4064681289505898 22147.65362658494 15747 0.04623514604593786
1156 1.3578051809431357 25002.624601886902 18414 0.04623514604593786
1296 1.3245734864921352 28030.624121146564 21162 0.04623514604593786
1444 1.219700546136215 31231.652184363917 25606 0.04623514604593786
1600 1.2494388847723206 34605.708791538964 27697 0.04623514604593787
1764 1.2677031480154077 38152.79394267171 30096 0.04623514604593786
1936 1.3409629039185984 41872.90763776215 31226 0.04623514604593786
2116 1.3054381275831561 45766.049876810284 35058 0.04623514604593786
2304 1.2948142353015673 49832.220659816114 38486 0.04623514604593786
2500 1.2741274326495036 54071.419986779634 42438 0.04623514604593786
2704 1.200674369371181 58483.64785770085 48709 0.04623514604593786
2916 1.1757592936854229 63068.90427257977 53641 0.04623514604593786
3136 1.163636178891667 67827.18923141637 58289 0.04623514604593786
3364 1.1702400156691009 72758.50273421068 62174 0.04623514604593786
3600 1.20689521477118 77862.84478096268 64515 0.04623514604593786
3844 1.2574520610374236 83140.21537167237 66118 0.04623514604593786
4096 1.2364356525658027 88590.61450633976 71650 0.04623514604593786
4356 1.227832484295533 94214.04218496484 76732 0.04623514604593786
4624 1.2136312696593405 100010.49840754761 82406 0.04623514604593786
4900 1.1878766972369712 105979.98317408809 89218 0.04623514604593786
5184 1.1754607225859797 112122.49648458626 95386 0.04623514604593786
5476 1.1173083623958013 118438.03833904212 106003 0.04623514604593786
5776 1.1189929304155755 124926.60873745567 111642 0.04623514604593786
6084 1.0739965694310158 131588.2076798269 122522 0.04623514604593787
6400 1.1179269684961022 138422.83516615586 123821 0.04623514604593787
6724 1.1084810073053135 145430.4911964425 131198 0.04623514604593786
7056 1.1409072446841566 152611.17577068685 133763 0.04623514604593786
7396 1.1755382125610965 159964.88888888888 136078 0.04623514604593786
7744 1.173058442598147 167491.6305510486 142782 0.04623514604593786
8100 1.1777493983715472 175191.40075716603 148751 0.04623514604593786
8464 1.1817531551248872 183064.19950724114 154909 0.04623514604593786
8836 1.1723175016487277 191110.02680127395 163019 0.04623514604593786
9216 1.1399993287919041 199328.88263926446 174850 0.04623514604593786
9604 1.13022557102087 207720.76702121264 183787 0.04623514604593786
10000 1.1400858149128592 216285.67994711854 189710 0.04623514604593786
10404 1.105837824612787 225023.62141698215 203487 0.04623514604593786
10816 1.0668061720172535 233934.5914308034 219285 0.04623514604593786
11236 1.0258147426946151 243018.5899885824 236903 0.04623514604593786
11664 1.0586427127469842 252275.61709031908 238301 0.04623514604593786
12100 1.0171385203657013 261705.67273601345 257296 0.04623514604593786
12544 1.0316628397596241 271308.7569256655 262982 0.04623514604593786
12996 1.0442923791876122 281084.8696592753 269163 0.046235146045937855
13456 1.052800305807605 291034.0109368427 276438 0.04623514604593786
13924 1.0881846163459856 301156.1807583679 276751 0.04623514604593786
14400 1.07237649949162 311451.3791238507 290431 0.04623514604593786
14884 1.1142788124542797 321919.60603329126 288904 0.04623514604593786
15376 1.1164705892767584 332560.8614866895 297868 0.04623514604593786
15876 1.1381042116352413 343375.1454840454 301708 0.04623514604593786
16384 1.0993710150570188 354362.458025359 322332 0.04623514604593786
16900 1.120932996953676 365522.79911063035 326088 0.04623514604593786
17424 1.0959836462776409 376856.16873985936 343852 0.04623514604593786
17956 1.1073925489393956 388362.56691304606 350700 0.04623514604593786
18496 1.0809637770048839 400041.99363019044 370079 0.04623514604593786
19044 1.080554605316255 411894.44889129256 381188 0.04623514604593786
19600 1.06137863245666 423919.93269635236 399405 0.04623514604593786
20164 1.062237119112079 436118.44504536985 410566 0.04623514604593786
20736 1.0431770648001755 448489.985938345 429927 0.04623514604593786
21316 1.0257270332797397 461034.5553752779 449471 0.04623514604593786
21904 1.0043079652254907 473752.1533561685 471720 0.04623514604593786
22500 0.9787627159203235 486642.7798810167 497202 0.04623514604593786
23104 1.0001469777813368 499706.43494982267 499633 0.04623514604593786
23716 0.9816679844343135 512943.1185625863 522522 0.04623514604593786
24336 0.9633386605744452 526352.8307193076 546384 0.04623514604593787
24964 0.9761494110223796 539935.5714199868 553128 0.046235146045937855
25600 1.0014801602983388 553691.3406646234 552873 0.04623514604593787
26244 0.9874711448991478 567620.1384532179 574822 0.04623514604593786
26896 0.994473018925849 581721.96478577 584955 0.04623514604593786
27556 1.028943186257458 595996.8196622799 579232 0.046235146045937855
28224 1.0191982300286626 610444.7030827474 598946 0.04623514604593786
28900 1.022545355427547 625065.6150471726 611284 0.046235146045937855
29584 1.0480429326018716 639859.5555555555 610528 0.04623514604593786
30276 1.0296985951629023 654826.5246078961 635940 0.04623514604593786
30976 1.0497505107278808 669966.5222041945 638215 0.04623514604593786
31684 1.0619089026734474 685279.5483444504 645328 0.04623514604593786
32400 1.046128036097763 700765.6030286641 669866 0.04623514604593786
33124 1.0512591288772803 716424.6862568355 681492 0.04623514604593786
33856 1.0501873726685118 732256.7980289645 697263 0.04623514604593786
34596 1.0345698267772006 748261.9383450514 723259 0.04623514604593786
35344 1.0445896500385972 764440.1072050958 731809 0.04623514604593786
36100 1.026547897918743 780791.304609098 760599 0.046235146045937855
36864 1.0124114561109299 797315.5305570578 787541 0.04623514604593786
37636 1.0290867757460134 814012.7850489754 791005 0.04623514604593786
38416 1.009329494772068 830883.0680848506 823203 0.04623514604593786
39204 1.0032209734746684 847926.3796646836 845204 0.04623514604593786
40000 1.0173421995525305 865142.7197884741 850395 0.04623514604593786
40804 0.9957689408746003 882532.0884562226 886282 0.04623514604593786
41616 0.9906039911294436 900094.4856679286 908632 0.04623514604593786
42436 0.9834253668155567 917829.9114235922 933299 0.04623514604593786
43264 0.9597070492789556 935738.3657232136 975025 0.04623514604593786
44100 0.9509413491030578 953819.8485667928 1003027 0.04623514604593786
44944 0.929198360027577 972074.3599543296 1046143 0.04623514604593786
45796 0.9415873772262953 990501.8998858241 1051949 0.04623514604593786
46656 0.9483181217137877 1009102.4683612763 1064097 0.04623514604593786
47524 0.9297914369096503 1027876.0653806862 1105491 0.04623514604593786
48400 0.921483435527094 1046822.6909440538 1136019 0.04623514604593786
49284 0.9258444836325805 1065942.345051379 1151319 0.04623514604593787
50176 0.9379578275747087 1085235.027702662 1157019 0.04623514604593786
51076 0.9444122573446043 1104700.7388979027 1169723 0.04623514604593786
51984 0.9439838182834934 1124339.4786371011 1191058 0.046235146045937855
52900 0.9395501159256976 1144151.246920257 1217765 0.04623514604593786
53824 0.9466367777024548 1164136.0437473708 1229760 0.04623514604593786
54756 0.9735551916650504 1184293.8691184423 1216463 0.04623514604593786
55696 0.9738283725641423 1204624.7230334715 1236999 0.04623514604593786
56644 0.9672714482697987 1225128.6054924582 1266582 0.04623514604593786
57600 0.9630531203582273 1245805.516495403 1293600 0.04623514604593786
58564 0.9893566074054818 1266655.456042305 1280282 0.04623514604593786
59536 0.9956648566504406 1287678.424133165 1293285 0.04623514604593786
60516 0.9797110890641945 1308874.4207679825 1335980 0.04623514604593786
61504 0.9927063954761454 1330243.445946758 1340017 0.04623514604593786
62500 0.9937874748716332 1351785.4996694908 1360236 0.04623514604593786
63504 1.0160606173563804 1373500.5819361815 1351790 0.04623514604593786
64516 0.9965951599299149 1395388.69274683 1400156 0.04623514604593786
65536 0.9848626855508312 1417449.832101436 1439236 0.04623514604593786
66564 1 1439684 1439684 0.046235146045937855
67600 0.998900182784955 1462091.1964425214 1463701 0.04623514604593786
68644 0.9610475480283812 1484671.4214290006 1544847 0.04623514604593786
69696 0.9720993073789329 1507424.6749594375 1550690 0.04623514604593786
70756 0.9904293122067542 1530350.957033832 1545139 0.046235146045937855
71824 0.9844250340628837 1553450.2676521842 1578028 0.04623514604593786
72900 0.9645651760775692 1576722.6068144941 1634646 0.04623514604593786
73984 0.9474117205741196 1600167.9745207618 1688989 0.04623514604593786
75076 0.9499054186077183 1623786.3707709871 1709419 0.04623514604593786
76176 0.965950770534452 1647577.7955651702 1705654 0.04623514604593786
77284 0.9470392380497382 1671542.2489033109 1765019 0.04623514604593786
78400 0.9524610438301386 1695679.7307854095 1780314 0.04623514604593786
79524 0.9662253133432909 1719990.2412114656 1780113 0.04623514604593786
80656 0.9560059559772941 1744473.7801814794 1824752 0.04623514604593786
81796 0.9379311091294164 1769130.3476954508 1886205 0.04623514604593786
82944 0.9388375757737759 1793959.94375338 1910831 0.04623514604593786
84100 0.9360265285129978 1818962.568355267 1943281 0.04623514604593786
85264 0.9322092165030679 1844138.2215011115 1978245 0.04623514604593786
86436 0.9150721456797787 1869486.9031909138 2042994 0.04623514604593786
87616 0.9029861848147833 1895008.613424674 2098602 0.04623514604593786
88804 0.8877337257354475 1920703.3522023915 2163603 0.04623514604593786
90000 0.8803568512570425 1946571.1195240668 2211116 0.04623514604593786
91204 0.8954487977107318 1972611.9153897 2202931 0.04623514604593786
92416 0.9055158559725045 1998825.7397992907 2207389 0.04623514604593786
93636 0.8990950915239724 2025212.5927528392 2252501 0.04623514604593786
94864 0.892234039220185 2051772.4742503453 2299590 0.04623514604593786
96100 0.8934858385083057 2078505.3842918093 2326288 0.04623514604593786
97344 0.8729640993173678 2105411.3228772306 2411796 0.04623514604593787
98596 0.8781140412851819 2132490.29000661 2428489 0.04623514604593786
99856 0.8842429918164794 2159742.285679947 2442476 0.046235146045937855
101124 0.899419271224791 2187167.3098972416 2431755 0.04623514604593786
102400 0.9046161397588008 2214765.3626584937 2448293 0.04623514604593787
103684 0.892975826517309 2242536.4439637037 2511307 0.04623514604593787
104976 0.8991012291766972 2270480.5538128717 2525278 0.04623514604593786
106276 0.8940905372429174 2298597.692205997 2570878 0.04623514604593786
107584 0.900170587701259 2326887.85914308 2584941 0.04623514604593786
108900 0.9167986405471017 2355351.054624121 2569104 0.046235146045937855
110224 0.9250565469632139 2383987.2786491197 2577126 0.046235146045937855
111556 0.9134477938235711 2412796.5312180757 2641417 0.04623514604593786
112896 0.8949306172908743 2441778.8123309896 2728456 0.04623514604593786
114244 0.9218273044199873 2470934.121987861 2680474 0.04623514604593786
115600 0.9219392838348245 2500262.4601886906 2711960 0.046235146045937855
116964 0.9392786286489936 2529763.8269334775 2693305 0.046235146045937855
118336 0.944732540379468 2559438.222222222 2709167 0.04623514604593786
119716 0.929133036187668 2589285.6460549245 2786776 0.04623514604593786
121104 0.9134204096944407 2619306.0984315844 2867580 0.04623514604593786
122500 0.93738088745774 2649499.5793522024 2826492 0.04623514604593786
123904 0.9467791961078287 2679866.088816778 2830508 0.04623514604593786
125316 0.9494145079739972 2710405.6268253108 2854818 0.04623514604593786
126736 0.95476676390789 2741118.1933778017 2870982 0.04623514604593786
128164 0.9448252104633625 2772003.78847425 2933880 0.04623514604593786
129600 0.943187719153235 2803062.4121146565 2971903 0.04623514604593786
131044 0.9375917983119874 2834294.0642990205 3022951 0.04623514604593786
132496 0.9436070471172645 2865698.745027342 3036962 0.04623514604593786
133956 0.9486775623636619 2897276.4542996213 3054016 0.04623514604593786
135424 0.9461485882411388 2929027.192115858 3095737 0.04623514604593786
136900 0.9436520923946797 2960950.958476053 3137757 0.04623514604593786
138384 0.9299288950925224 2993047.7533802055 3218577 0.04623514604593786
139876 0.9306642050988017 3025317.5768283154 3250708 0.04623514604593786
141376 0.939516983090867 3057760.4288203833 3254609 0.04623514604593786
142884 0.9270270501020832 3090376.3093564087 3333642 0.04623514604593786
144400 0.9054852217542673 3123165.218436392 3449162 0.046235146045937855
145924 0.9207329731242958 3156127.1560603324 3427842 0.04623514604593786
147456 0.9148187371342084 3189262.1222282313 3486223 0.04623514604593786
148996 0.9160832336793161 3222570.1169400876 3517770 0.04623514604593786
150544 0.904847986035075 3256051.1401959015 3598451 0.04623514604593786
152100 0.9160939244708033 3289705.191995673 3591013 0.04623514604593786
153664 0.9113342924180801 3323532.272339402 3646886 0.04623514604593786
155236 0.8994634296905232 3357532.3812270896 3732817 0.04623514604593786
156816 0.9056376885485988 3391705.5186587344 3745102 0.04623514604593786
158404 0.8980695164087451 3426051.6846343367 3814907 0.04623514604593786
160000 0.918261386195739 3460570.8791538966 3768612 0.04623514604593786
161604 0.9125172281033666 3495263.1022174144 3830353 0.04623514604593786
163216 0.8995566477940489 3530128.35382489 3924298 0.04623514604593786
164836 0.8849560369862867 3565166.633976323 4028637 0.04623514604593786
166464 0.8946645428909875 3600377.9426717144 4024277 0.04623514604593786
168100 0.8756169950913263 3635762.2799110627 4152229 0.04623514604593786
169744 0.8860758333044201 3671319.645694369 4143347 0.04623514604593786
171396 0.8858497602889052 3707050.040021633 4184739 0.04623514604593786
173056 0.8696843196948317 3742953.4628928546 4303807 0.04623514604593786
174724 0.8605053953211178 3779029.914308034 4391640 0.04623514604593786
176400 0.8569172854100855 3815279.394267171 4452331 0.04623514604593786
178084 0.8476230942728563 3851701.902770266 4544121 0.04623514604593786
179776 0.8415159025936138 3888297.439817318 4620587 0.04623514604593786
181476 0.8515380808820286 3925066.0054083285 4609384 0.04623514604593786
183184 0.8586168492600016 3962007.5995432963 4614407 0.04623514604593786
184900 0.8643183218477437 3999122.222222222 4626909 0.04623514604593786
186624 0.8636917561429306 4036409.8734451053 4673438 0.04623514604593786
188356 0.8617184644619622 4073870.553211946 4727612 0.04623514604593786
190096 0.8404892068383727 4111504.261522745 4891799 0.04623514604593786
191844 0.8303082412627065 4149310.998377501 4997314 0.04623514604593786
193600 0.8213843187448611 4187290.7637762153 5097846 0.04623514604593786
195364 0.826399521094325 4225443.557718887 5113076 0.04623514604593786
197136 0.8364944318721451 4263769.380205516 5097188 0.04623514604593787
198916 0.8451043539089146 4302268.231236103 5090813 0.04623514604593786
200704 0.8479278047802707 4340940.110810648 5119469 0.04623514604593786
202500 0.8564868312458508 4379785.018929151 5113663 0.046235146045937855
204304 0.85374430726575 4418802.955591611 5175792 0.04623514604593786
206116 0.8496307628501641 4457993.920798029 5246978 0.04623514604593786
207936 0.8522281452330573 4497357.9145484045 5277176 0.046235146045937855
209764 0.8571310509181523 4536894.936842738 5293117 0.04623514604593786
211600 0.8504448148364101 4576604.987681028 5381425 0.04623514604593786
213444 0.8515103519806454 4616488.067063277 5421529 0.04623514604593787
215296 0.8576320656110362 4656544.174989483 5429536 0.04623514604593786
217156 0.8687755133430434 4696773.3114596475 5406199 0.04623514604593786
219024 0.8793666634689441 4737175.476473769 5387031 0.04623514604593786
220900 0.8838744562735603 4777750.670031848 5405463 0.04623514604593786
222784 0.8743380572822453 4818498.892133886 5511025 0.04623514604593786
224676 0.8719475087370917 4859420.14277988 5573065 0.04623514604593787
226576 0.8679563300795766 4900514.421969833 5646038 0.04623514604593786
228484 0.8728432260000331 4941781.729703743 5661706 0.04623514604593786
230400 0.8698407660090544 4983222.065981612 5728890 0.04623514604593786
232324 0.8802442255495071 5024835.430803437 5708456 0.04623514604593786
234256 0.8915698086279887 5066621.82416922 5682810 0.04623514604593786
236196 0.895226320528327 5108581.2460789615 5706469 0.04623514604593786
238144 0.8854858712425204 5150713.69653266 5816822 0.04623514604593786
240100 0.8771831823896314 5193019.175530316 5920108 0.04623514604593786
242064 0.8793566313096332 5235497.68307193 5953782 0.04623514604593786
244036 0.8824782557782889 5278149.219157502 5981053 0.04623514604593786
246016 0.8950911023850707 5320973.783787032 5944617 0.04623514604593786
248004 0.8931767818356644 5363971.376960519 6005498 0.04623514604593786
250000 0.8950959233363048 5407141.998677963 6040852 0.04623514604593786
252004 0.8991058321430507 5450485.648939366 6062118 0.04623514604593786
254016 0.9121075548911582 5494002.327744726 6023415 0.04623514604593786
256036 0.8823603887531584 5537692.035094044 6275998 0.04623514604593786
258064 0.8967855611771289 5581554.77098732 6223957 0.04623514604593786
260100 0.8811925529305472 5625590.535424554 6384065 0.046235146045937855
262144 0.8824111076932544 5669799.328405744 6425349 0.04623514604593786
