4 0.00011681730860738883 0.02605025981944771 223 153.549332241739
16 0.0005184131307352779 0.41680415711116336 804 38.38733306043475
36 0.001044072758721061 2.1100710453752645 2021 17.061036915748776
64 0.0016973444931989345 6.668866513778614 3929 9.596833265108687
100 0.002721733932991444 16.28141238715482 5982 6.14197328966956
144 0.003798507732448721 33.76113672600423 8888 4.265259228937194
196 0.004926098592304792 62.54667382649395 12697 3.133659841668143
256 0.006352435805230566 106.70186422045782 16797 2.399208316277172
324 0.00814971174305724 170.9157546753964 20972 1.8956707684165308
400 0.010063455079752651 260.5025981944771 25886 1.53549332241739
484 0.011693345617823035 381.40185401653395 32617 1.2690027457994957
576 0.01336380068815882 540.1781876160677 40421 1.0663148072342985
676 0.015491410650105066 744.0214707032461 48028 0.908575930424491
784 0.01783862355122822 1000.7467812239032 56100 0.7834149604170357
900 0.020563429176235954 1318.7944033595404 64133 0.682441476629951
1024 0.023186921288178914 1707.2298275273251 73629 0.599802079069293
1156 0.02519534190701282 2175.743750380092 86355 0.5313125683105155
1296 0.027891521069766667 2734.6520748063426 98046 0.4739176921041327
1444 0.0306487063947191 3394.895909930245 110768 0.42534441064193623
1600 0.03394419437183209 4168.041571111634 122791 0.3838733306043475
1764 0.036476928360184395 5066.28057994601 138890 0.34818442685201584
1936 0.040026693499659205 6102.429664264543 152459 0.3172506864498739
2116 0.04297320049124356 7289.930758134066 169639 0.290263387980603
2304 0.04724134332065462 8642.851001857083 182951 0.2665787018085746
2500 0.050591547802860536 10175.882741971762 201138 0.2456789315867824
2704 0.05437610668103349 11904.343531251938 218926 0.22714398260612276
2916 0.058125091333438766 13844.176128707111 238179 0.21063008537961453
3136 0.061340235982080764 16011.948499582451 261035 0.19585374010425893
3364 0.06494599416753483 18424.853815358794 283695 0.18257946758827467
3600 0.0703671321648758 21100.710453752647 299866 0.17061036915748776
3844 0.07490935075776999 24057.961998716168 321161 0.15978078276975963
4096 0.0783768861789732 27315.677240437202 348517 0.14995051976732324
4356 0.08254304403038232 30893.55017533925 374272 0.14100030508883285
4624 0.08807899099543683 34811.90000608147 395235 0.13282814207762889
4900 0.09132309130647578 39091.67114155872 428059 0.1253463936667257
5184 0.09669359786809784 43754.43319690148 452506 0.11847942302603318
5476 0.10249115892802235 48822.38099347594 476357 0.11216167439133601
5776 0.1076162518180293 54318.33455888392 504741 0.10633610266048406
6084 0.11509815476031064 60265.73912696293 523603 0.10095288115827679
6400 0.11806918780048783 66688.66513778614 564827 0.09596833265108687
6724 0.12515588119182058 73611.80823766238 588161 0.0913440405959185
7056 0.12967396022961744 81060.48927913616 625110 0.08704610671300396
7396 0.13222692848720746 89060.65432098765 673544 0.08304452798363385
7744 0.14096036437061957 97638.87462823269 692669 0.07931267161246848
8100 0.14599639004059542 106822.34667212277 731678 0.07582683073666123
8464 0.15138746178305734 116638.89213014506 770466 0.07256584699515076
8836 0.15811058538638942 127116.95788602243 803975 0.0695107887015568
9216 0.16376402267794857 138285.61602971333 844420 0.06664467545214366
9604 0.17011877917109344 150174.56385741197 882763 0.06395224166669679
10000 0.1753242073637836 162814.1238715482 928646 0.0614197328966956
10404 0.1824022643380572 176235.24378078748 966190 0.0590347298122795
10816 0.18842527073779664 190469.496500031 1010849 0.05678599565153069
11236 0.19854500790649807 205549.0801504156 1035277 0.05466334362468458
11664 0.20648560943010213 221506.81805931378 1072747 0.05265752134490363
12100 0.21066320365616192 238376.1587603337 1131551 0.05076010983197983
12544 0.21886411930924654 256191.17599331922 1170549 0.04896343502606473
12996 0.22243821068786906 274986.56870434986 1236238 0.047260490071326246
13456 0.23015639598280271 294797.6610457407 1280858 0.04564486689706867
13924 0.23642565429742193 315660.40237604274 1335136 0.044110695846520824
14400 0.24362270295198019 337611.36726004235 1385796 0.04265259228937194
14884 0.2547177744726709 360687.7554687617 1416029 0.04126560930979279
15376 0.263155931853315 384927.3919794587 1462735 0.03994519569243991
15876 0.27079376663349247 410368.72697562684 1515429 0.03868715853911287
16384 0.27518436520524997 437050.83584699524 1588211 0.03748762994183081
16900 0.2783963034764581 465013.4191895288 1670329 0.036343037216979644
17424 0.29652286912502573 494296.802805428 1666977 0.03525007627220821
17956 0.2985365754596999 524941.937703129 1758384 0.0342056877348494
18496 0.3063822672003624 556990.4000973036 1817959 0.03320703551940722
19044 0.31427701145736814 590484.3914088594 1878866 0.032251487553400335
19600 0.3229749033166404 625466.7382649395 1936580 0.031336598416681426
20164 0.33090044132941976 661980.8924989228 2000544 0.030460093680170403
20736 0.34398815383086523 700070.9311504237 2035160 0.029619855756508294
21316 0.3503111854551851 739781.5564652926 2111784 0.02881391109809326
21904 0.36517338761158796 781158.095895615 2139143 0.028040418597834002
22500 0.3729470302565564 824246.5020997127 2210090 0.027297659065198043
23104 0.3780705045077097 869093.3529421428 2298760 0.026584025665121015
23716 0.38542578915049286 915745.851493698 2375933 0.025898015220397873
24336 0.392833806674152 964251.8260314069 2454605 0.025238220289569197
24964 0.4028950390516497 1014659.7300385337 2518422 0.024603321942275113
25600 0.41413074900256325 1067018.6422045783 2576526 0.023992083162771717
26244 0.42580610691808823 1121378.266425276 2633542 0.02340334281995717
26896 0.43239161722247565 1177788.931802598 2723894 0.022836010148979624
27556 0.4494908259141513 1236301.5926447515 2750449 0.022289059695418636
28224 0.4516738215848254 1296967.8284661786 2871470 0.02176152667825099
28900 0.46550966268399896 1359839.8439875576 2921185 0.021252502732420624
29584 0.47227849071110123 1424970.4691358025 3017225 0.020761131995908462
30276 0.487288032568754 1492413.1590440625 3062692 0.020286607509808294
30976 0.4899860377121854 1562221.994051723 3188299 0.01982816790311712
31684 0.5047813361904188 1634451.6797044047 3237940 0.019385094336793206
32400 0.5146269905719524 1709157.5467539644 3321158 0.018956707684165307
33124 0.5249846010672795 1786395.5511584939 3402758 0.01854236592703043
33856 0.5367570888458195 1866222.274082321 3476847 0.01814146174878769
34596 0.5486153589885682 1948694.9218960097 3552024 0.017753420307751067
35344 0.5671558419705587 2033871.3261763589 3586089 0.0173776971753892
36100 0.5718999327260381 2121809.943706403 3710107 0.017013776425677453
36864 0.5806870646888359 2212569.8564754133 3810262 0.016661168863035914
37636 0.5997087989936671 2306210.7716788957 3845551 0.016319410377483152
38416 0.6063382623615696 2402793.0217185915 3962793 0.015988060416674197
39204 0.6068177801828664 2502377.564202479 4123771 0.015666700565425875
40000 0.6255391726359888 2605025.981944771 4164449 0.0153549332241739
40804 0.6350540205710604 2710800.4829659164 4268614 0.015052380378564748
41616 0.6443731233900977 2819763.9004925997 4375980 0.014758682453069875
42436 0.6658014124438375 2931979.6929577407 4403685 0.014473497242128286
43264 0.6724089342333677 3047511.944000496 4532230 0.014196498912882672
44100 0.6860299352402496 3166425.362466256 4615579 0.013927377074080635
44944 0.7022908652892232 3288785.2824066496 4682939 0.013665835906171145
45796 0.7124726433318473 3414657.663079538 4792686 0.013411593348042535
46656 0.7188491888955458 3544109.0889490205 4930254 0.013164380336225908
47524 0.7249478783870099 3677206.769685431 5072374 0.012923940092731167
48400 0.751257925479543 3814018.540165339 5076843 0.012690027457994957
49284 0.7598052057749218 3954612.8604715513 5204772 0.012462408265704
50176 0.7847078571873456 4099058.8158931076 5223675 0.012240858756516183
51076 0.7930349348328259 4247426.116925285 5355913 0.012025165027937898
51984 0.792020418432151 4399785.099269598 5555141 0.011815122517831561
52900 0.8080667372954815 4556206.723833792 5638404 0.01161053551922412
53824 0.8253201757339544 4716762.576731851 5715070 0.011411216724267167
54756 0.8279333554415199 4881524.869283997 5896036 0.011216986795364087
55696 0.855096878893714 5050566.438016684 5906426 0.011027673961630206
56644 0.8582257207552708 5223960.7446626015 6086931 0.010843113638990112
57600 0.8667059138076829 5401781.8761606775 6232543 0.010663148072342985
58564 0.8875659871906271 5584104.544656074 6291481 0.01048762599834294
59536 0.8969571070317576 5771004.087500188 6433980 0.010316402327448198
60516 0.9136160938406467 5962556.467250653 6526326 0.010149337843990944
61504 0.928723363407631 6158838.271671339 6631510 0.009986298923109977
62500 0.9431083658431206 6359926.713732352 6743580 0.009827157263471295
63504 0.9432138962856872 6565899.631610029 6961199 0.009671789634778218
64516 0.9766761548444644 6776835.488686949 6938672 0.009520077639143096
65536 0.985130427050846 6992813.373551924 7098363 0.009371907485457702
66564 1 7213913 7213913 0.009227169775959316
67600 1.0197158154636894 7440214.707032461 7296361 0.009085759304244911
68644 1.041743540105571 7671799.458856825 7364384 0.008947574864037001
69696 1.0323846525628595 7908748.844886848 7660661 0.008812519068052053
70756 1.065383821477541 8151145.079742518 7650900 0.008680498176366047
71824 1.0827188121222313 8399071.003250064 7757389 0.00855142193371235
72900 1.1014542040762063 8652610.080441944 7855624 0.00842520341518458
73984 1.1141296757725323 8911846.401556857 7998931 0.008301758879851805
75076 1.122756067528312 9176864.682039738 8173516 0.008181007631825828
76176 1.1251239583476091 9447750.26254175 8397075 0.008062871888350084
77284 1.1426842392004495 9724589.108920302 8510303 0.007947276654507479
78400 1.1642247799528436 10007467.812239032 8595821 0.007834149604170356
79524 1.1774358041996726 10296473.588767815 8744828 0.007723420966839646
80656 1.2049695370065294 10591694.279982764 8790010 0.007615023420042601
81796 1.1888305159316495 10893218.352566225 9162970 0.007508891986979265
82944 1.2219427442998907 11201134.89840678 9166661 0.0074049639391270735
84100 1.2408897305426674 11515533.634599248 9280062 0.0073031787035309865
85264 1.250944419943097 11836504.903444681 9462055 0.007203477774523315
86436 1.287522413889499 12164139.672450371 9447711 0.007105804629632976
87616 1.2982427447301337 12498529.53432984 9627267 0.0070101046494585005
88804 1.3105061643393212 12839766.707002852 9797563 0.00691632504129269
90000 1.3396585129722731 13187944.033595404 9844258 0.006824414766299511
91204 1.360810920931764 13543154.982439725 9952268 0.006734324470055655
92416 1.3810037288333594 13905493.647074284 10069121 0.006646006416280254
93636 1.3871490097682886 14275054.746243784 10290931 0.0065594144235866115
94864 1.383404026231843 14651933.623899167 10591218 0.006474503805099468
96100 1.4082501508767673 15036226.249197606 10677241 0.006391231310790385
97344 1.4200171617145496 15428029.21650251 10864678 0.006309555072392299
98596 1.4375552109028025 15827439.745383527 11009970 0.006229434550762262
99856 1.4619708050457914 16234555.680616539 11104569 0.006150830485568778
101124 1.463529968999759 16649475.492183663 11376245 0.0060737048471871755
102400 1.5005203894563963 17072298.275273252 11377585 0.005998020790692929
103684 1.5136525033921295 17503123.750279896 11563502 0.00592374261184904
104976 1.5341829941675578 17942052.262804415 11694858 0.005850835704989292
106276 1.5364923744449916 18389184.783653874 11968289 0.005779266522704618
107584 1.5487445063541356 18844622.90884157 12167677 0.005709002537244906
108900 1.5790994771373512 19308468.85958703 12227519 0.005640012203553315
110224 1.614403591099574 19780825.482316025 12252714 0.005572264923854659
111556 1.6292506624906455 20261796.248660553 12436267 0.005505731013723654
112896 1.6360225639423303 20751485.255458858 12684107 0.0054403816695627475
114244 1.6619781065253343 21249997.22475541 12785967 0.005376188937423024
115600 1.6725857888339997 21757437.50380092 13008264 0.005313125683105156
116964 1.6808221364902038 22273912.065052338 13251796 0.005251165563480695
118336 1.6892917287356803 22799527.50617284 13496501 0.0051902829989771155
119716 1.7189101589491473 23334391.05003184 13575108 0.005130453147172942
121104 1.7450642097274867 23878610.544705 13683514 0.005071651877452074
122500 1.7585526307020067 24432294.4634742 13893411 0.005013855746669028
123904 1.7724126293136018 24995551.90482757 14102558 0.00495704197577928
125316 1.803813812614493 25568492.592459463 14174685 0.004901188427391202
126736 1.8295256528578456 26151226.875270475 14293993 0.004846273584198302
128164 1.8392370379089702 26743865.727367442 14540739 0.00479227652825252
129600 1.8762194060528727 27346520.74806343 14575332 0.004739176921041327
131044 1.8904490098444227 27959304.161877736 14789769 0.00468695498433317
132496 1.9143038294166015 28582328.8185359 14930926 0.0046355914817576074
133956 1.9217970371672852 29215708.1929697 15202286 0.004585067701088089
135424 1.9542869639672913 29859556.385317136 15279003 0.004535365437196922
136900 1.9699852558304176 30513988.12092246 15489450 0.004486466975653441
138384 1.955434816850991 31179118.750336155 15944852 0.004438355076937767
139876 2.004939880519226 31855064.24931493 15888289 0.00439101296124393
141376 2.027949081125385 32541941.21882174 16046725 0.0043444242938473
142884 2.0395692052425836 33239866.885025773 16297494 0.004298573171012541
144400 2.0308623431104724 33948959.09930245 16716524 0.004253444106419363
145924 2.07349823780576 34669336.33823343 16720215 0.004209022018084455
147456 2.113185425187934 35401117.70360661 16752490 0.0041652922157589785
148996 2.127640258434636 36144422.92241612 16988033 0.004122240388781954
150544 2.1312816970363495 36899372.34686233 17313231 0.004079852594370788
152100 2.156495691389944 37666086.954351835 17466340 0.004038115246331071
153664 2.189247399460936 38444688.34749746 17560687 0.003997015104168549
155236 2.1649114613473306 39235298.75411831 18123281 0.003956539262587003
156816 2.2137533795251003 40038041.027239665 18086044 0.003916675141356469
158404 2.2580066023454264 40853038.64509308 18092524 0.0038774104755369557
160000 2.263173362623779 41680415.71111634 18416802 0.003838733306043475
161604 2.2842901115186427 42520296.953953445 18614228 0.003800631970538823
163216 2.3509249983389386 43372807.72745466 18449252 0.003763095094641187
164836 2.3160081511265544 44238074.010676466 19101001 0.003726111583434177
166464 2.3266847292692976 45116222.407881595 19390776 0.003689670613267469
168100 2.3685964275217124 46007380.14853899 19423900 0.0036537616238367394
169744 2.37299877187782 46911675.08732385 19768942 0.0036183743105320716
171396 2.4222212090058646 47829235.70411761 19746023 0.0035834986170444815
173056 2.445346082517165 48760191.10400794 19939996 0.003549124728220668
174724 2.4583719044136694 49704671.017288715 20218532 0.003515243063156498
176400 2.441663724773909 50662805.7994601 20749297 0.003481844268520159
178084 2.5050683295745446 51634726.43122846 20612103 0.0034489192120962914
179776 2.5078548114673596 52620564.51850639 20982301 0.003416458976542786
181476 2.5350414899116296 53620452.29241275 21151706 0.0033844548533522667
183184 2.5612586177142482 54634522.60927261 21331123 0.003352898337010634
184900 2.6148808706195004 55662908.95061728 21286977 0.003321781119345354
186624 2.5949397954051214 56705745.42318433 21852432 0.003291095084056477
188356 2.6234763351843897 57763166.75891752 22017796 0.003260832301423666
190096 2.651033587451541 58835308.314966895 22193347 0.0032309850231827916
191844 2.6954475621887477 59922306.0736887 22230930 0.003201545677565918
193600 2.713539651402981 61024296.642645426 22488817 0.0031725068644987394
195364 2.7093616361400636 62141417.254605815 22935815 0.003143861350949796
197136 2.7074545500641145 63273805.76754482 23370219 0.003115602066426
198916 2.7644954172243286 64421600.664643645 23303204 0.0030877220986092416
200704 2.7662000649737988 65584941.05428972 23709399 0.003060214689129046
202500 2.81410136216065 66763966.67007673 23724791 0.003033073229466449
204304 2.8242590397104776 67958817.87080456 24062530 0.0030062912569844744
206116 2.8523277620407725 69169635.64047939 24250241 0.002979862451080731
207936 2.860140527855516 70396561.58831356 24612973 0.0029537806294578904
209764 2.945166624263308 71639737.9487257 24324511 0.002928039744507904
211600 2.908600977624015 72899307.58134067 25063358 0.00290263387980603
213444 2.9718802191310028 74175413.97098954 24959086 0.0028775572467108746
215296 3.000431895478858 75468201.22770962 25152446 0.002852804181066792
217156 3.0060638664925294 76777814.0867445 25540979 0.0028283691400051393
219024 3.050901082643435 78104397.90854396 25600436 0.0028042466988410218
220900 3.031112035701365 79448098.67876402 26210875 0.002780431548062272
222784 3.0921153018536813 80809063.00826694 26133910 0.0027569184904075515
224676 3.117649005170824 82187438.13312122 26361992 0.0027337024380305686
226576 3.1228517964566223 83583371.91460162 26765078 0.002710778409747528
228484 3.1738031518387753 84997012.83918908 26780808 0.002688141528365032
230400 3.1469941798199677 86428510.01857084 27463829 0.002665787018085746
232324 3.202695879170657 87878013.1896403 27438763 0.0026437102019892735
234256 3.218789762697135 89345672.71449718 27757536 0.002621906499585735
236196 3.2536579288542256 90831639.58044735 27916776 0.002600371424439686
238144 3.27197297179892 92336065.400003 28220302 0.0025791005818620494
240100 3.2640877950946505 93859102.41088249 28755079 0.0025580896666678715
242064 3.337368110525674 95400903.47601044 28585670 0.002537334460997736
244036 3.35763371133614 96961622.08351773 28877963 0.0025168308322008064
246016 3.345301049753644 98541412.34674142 29456665 0.002496574730777494
248004 3.3828741431026272 100140429.00422487 29602174 0.0024765621883798485
250000 3.3922588673944403 101758827.41971762 29997365 0.0024567893158678237
252004 3.4192647332900106 103396763.58217548 30239473 0.002437252301419644
254016 3.461827300622838 105054394.10576047 30346515 0.0024179474086945545
256036 3.5043727955998247 106731876.22984087 30456770 0.002398870975046306
258064 3.54372028935304 108429367.81899118 30597609 0.002380019409785774
260100 3.534543347714981 110147027.36299217 31163015 0.0023613891924911803
262144 3.5685060088527636 111885013.97683078 31353461 0.0023429768713644256
