4 0.000018836458576391867 0.005198862567084155 276 769.3990653504519
16 0.00014441284908567098 0.08318180107334648 576 192.34976633761298
36 0.0004785316681066097 0.42110786793381655 880 85.4887850389391
64 0.0011463469570831557 1.3309088171735437 1161 48.087441584403244
100 0.0014531704402627893 3.249289104427597 2236 30.775962614018077
144 0.0028967007252541123 6.737725886941065 2326 21.372196259734775
196 0.00391422672422987 12.482469023569056 3189 15.702021741845957
256 0.005575946864303928 21.2945410747767 3819 12.021860396100811
324 0.006206284079810615 34.10973730263914 5496 9.498753893215456
400 0.008076530320155593 51.98862567084155 6437 7.693990653504519
484 0.01026382778380247 76.11654684467912 7416 6.358669961573982
576 0.012235116807519809 107.80361419105704 8811 5.343049064933694
676 0.013120501350047765 148.48471377849054 11317 4.552657191422792
784 0.015290116703192842 199.7195043771049 13062 3.9255054354614893
900 0.017497169090455747 263.19241745863536 15042 3.419551401557564
1024 0.0216366709339193 340.7126571964272 15747 3.0054650990252028
1156 0.023580656047867694 434.21420046543574 18414 2.66228050294274
1296 0.02578942429081496 545.7557968422262 21162 2.374688473303864
1444 0.02645946139986621 677.5209686049742 25606 2.131299350001252
1600 0.030032783721466758 831.8180107334648 27697 1.9234976633761298
1764 0.033595161845730116 1011.0799909090936 30096 1.7446690824273285
1936 0.03900162523265439 1217.864749514866 31226 1.5896674903934955
2116 0.04149851388086591 1454.854899635397 35058 1.4544405772220264
2304 0.04481779938307209 1724.8578270569126 38486 1.3357622662334234
2500 0.04785347307288864 2030.805690267248 42438 1.231038504560723
2704 0.04877446509794594 2375.7554204558487 48709 1.138164297855698
2916 0.051507032335597225 2762.8887215137706 53641 1.0554170992461618
3136 0.05482187153723135 3195.5120700336784 58289 0.9813763588653723
3364 0.05914138892961444 3677.056715309848 62174 0.9148621466711676
3600 0.06527286180482315 4211.078679338166 64515 0.854887850389391
3844 0.07261651527293818 4801.258756816126 66118 0.8006233770556211
4096 0.07608377550792512 5451.402515142835 71650 0.7513662747563007
4356 0.08035031400744158 6165.440294419008 76732 0.7065188846193314
4624 0.08430729810264995 6947.427207446972 82406 0.665570125735685
4900 0.08744360039152033 7801.54313973066 89218 0.6280808696738382
5184 0.09154480478765878 8732.09274947562 95386 0.593672118325966
5476 0.0919172614698547 9743.505467589008 106003 0.5620153873998918
5776 0.09709908007452023 10840.335497679587 111642 0.532824837500313
6084 0.09816409963971968 12027.261816057735 122522 0.5058507990469769
6400 0.10748651821367487 13309.088171735437 123821 0.48087441584403245
6724 0.11197383410132997 14690.74308642629 131198 0.45770319176112545
7056 0.12093987017744441 16177.279854545497 133763 0.43616727060683214
7396 0.13061535695123294 17773.876543209877 136078 0.4161163144134407
7744 0.1364726365524916 19485.835992237855 142782 0.3974168725983739
8100 0.14331726048328727 21318.585814149465 148751 0.37995015572861823
8464 0.15026679143346322 23277.678394166353 154909 0.3636101443055066
8836 0.15561861433459767 25368.790890211778 163019 0.34830197616589037
9216 0.15783657553852218 27597.7252329106 174850 0.33394056655835586
9604 0.16307142575693223 29970.408125589303 183787 0.3204494233029787
10000 0.1712766382598491 32492.89104427597 189710 0.30775962614018076
10404 0.17284322948247452 35171.350237700295 203487 0.29580894477141556
10816 0.17334558554982593 38012.08672729358 219285 0.2845410744639245
11236 0.17315747925179822 41021.52630718875 236903 0.27390497164487426
11664 0.18550580796648075 44206.21954422033 238301 0.26385427481154045
12100 0.1848953803320862 47572.84177792445 257296 0.2543467984629593
12544 0.19441708223581405 51128.193120538854 262982 0.24534408971634308
12996 0.20388834444928505 54879.19845700291 269163 0.23681103888902796
13456 0.2128249641690273 58832.90744495757 276438 0.2287155366677919
13924 0.22762878730246838 62996.49451474543 276751 0.22102817160311747
14400 0.23199058939786266 67377.25886941065 290431 0.21372196259734774
14884 0.24915759035769336 71982.62448469904 288904 0.20677212183564952
15376 0.25789994262243016 76820.14010905802 297868 0.20015584426390529
15876 0.2714461640514556 81897.47926363657 301708 0.1938521202697032
16384 0.2705981417987831 87222.44024228536 322332 0.18784156868907517
16900 0.2845947907054433 92802.9461115566 326088 0.1821062876569117
17424 0.28688809345504496 98647.04471070413 343852 0.17662972115483286
17956 0.298725145855955 104762.90865168342 350700 0.17139653939640276
18496 0.3003651526272811 111158.83531915155 370079 0.16639253143392124
19044 0.3091473154203888 117843.24687046716 381188 0.16160450858022515
19600 0.3125266089199949 124824.69023569056 399405 0.15702021741845956
20164 0.3217797799076973 132111.83711758364 410566 0.1526282613272073
20736 0.3249702484180103 139713.48399160992 429927 0.1484180295814915
21316 0.3284718082055005 147638.5521059345 449471 0.14437963320518896
21904 0.3304843709858054 155896.08748142413 471720 0.14050384684997294
22500 0.3308419131693901 164495.26091164708 497202 0.13678205606230256
23104 0.34714554075265924 173445.3679628734 499633 0.13320620937507824
23716 0.34975719486275136 182755.82897407457 522522 0.12976877472599962
24336 0.35219953193527587 192436.18905692376 546384 0.12646269976174423
24964 0.3660926911958819 202496.11809579577 553128 0.12328137563698957
25600 0.38516153031124145 212945.410747767 552873 0.12021860396100811
26244 0.38932745518197875 223793.9864426154 574822 0.11726856658290687
26896 0.4018290114330515 235051.88938282063 584955 0.11442579794028136
27556 0.42595935401283747 246729.28854356386 579232 0.11168515972571519
28224 0.43215327871415443 258836.47767272795 598946 0.10904181765170803
28900 0.44395710552034295 271383.8752908973 611284 0.1064912201177096
29584 0.4657968589341652 284382.02469135803 610528 0.10402907860336018
30276 0.4683485768155765 297841.5939400977 635940 0.10165134963012973
30976 0.48850838021012616 311773.3758758057 638215 0.09935421814959347
31684 0.5054612353870787 326188.2881098727 645328 0.097134082230836
32400 0.5092023972352552 341097.37302639143 669866 0.09498753893215456
33124 0.523134237499715 356511.7977821558 681492 0.09291137125352637
33856 0.534149745944732 372442.85430666164 697263 0.09090253607637665
34596 0.5377077358209248 388901.95930210623 723259 0.08895815300618012
35344 0.5546538157407035 405900.65424338845 731809 0.08707549404147259
36100 0.5567330556286675 423450.60537810886 760599 0.08525197400005008
36864 0.5606864959749012 441563.6037265696 787541 0.08348514163958896
37636 0.5818567077095271 460251.5650817745 791005 0.08177267141571389
38416 0.5825130982387441 479526.53000942885 823203 0.08011235582574468
39204 0.5908640563082281 499400.6638479397 845204 0.07850209829103683
40000 0.6113467937939611 519886.2567084155 850395 0.07693990653504519
40804 0.6104103699213869 540995.7234746666 886282 0.07542388641804254
41616 0.619328401160431 562741.6038032047 908632 0.07395223619285389
42436 0.6269550938372839 585136.5621232432 933299 0.07252324114906701
43264 0.6237720957274914 608193.3876366973 975025 0.07113526861598113
44100 0.6300179300439405 631924.9943181835 1003027 0.06978676329709314
44944 0.6273945540093658 656344.42091502 1046143 0.06847624291121857
45796 0.6478116628726551 681464.8309472267 1051949 0.06720229411742965
46656 0.6646945839594748 707299.5127075253 1064097 0.06596356870288511
47524 0.6638334271932911 733861.8792613385 1105491 0.0647587800143466
48400 0.6700288185732731 761165.4684467912 1136019 0.06358669961573983
49284 0.6854954559724191 789223.9428747096 1151319 0.06244615415554353
50176 0.7070334107984585 818051.0899286217 1157019 0.06133602242908577
51076 0.7246679955551502 847660.8217647569 1169723 0.06025523262201049
51984 0.7372161349926255 878067.1753120465 1191058 0.05920275972225699
52900 0.7466829086663873 909284.3122721232 1217765 0.05817762308888105
53824 0.7654554702700699 941326.5191193211 1229760 0.057178884166947976
54756 0.8008531349499955 974208.2071006765 1216463 0.056205644338553
55696 0.8148300137962333 1007943.9122359268 1236999 0.05525704290077937
56644 0.82311946270949 1042548.2953175112 1266582 0.054332255162096735
57600 0.8333612723489259 1078036.1419105704 1293600 0.053430490649336936
58564 0.8704506994185242 1114422.362352947 1280282 0.0525509914179668
59536 0.8905399751448325 1151721.9917551847 1293285 0.05169303045891238
60516 0.890694613692218 1189950.1900005294 1335980 0.05085591019568061
61504 0.9172437676125962 1229122.2417449283 1340017 0.05003896106597632
62500 0.9331127513292032 1269253.55641703 1360236 0.04924154018242892
63504 0.9693515029835885 1310359.6682181852 1351790 0.0484630300674258
64516 0.9659325361762874 1352456.236122446 1400156 0.04770283745740293
65536 0.9696526795303659 1395559.0438765658 1439236 0.04696039217226879
66564 1 1439684 1439684 0.046235146045937855
67600 1.0144470337759595 1484847.1377849055 1463701 0.045526571914227924
68644 0.9910784791608106 1531064.6152961408 1544847 0.04483416265663143
69696 1.017838971922993 1578352.715371266 1550690 0.044157430288708215
70756 1.0528035637056232 1626727.845620543 1545139 0.043495905102066364
71824 1.0622159672876113 1676206.5384269347 1578028 0.04284913484910069
72900 1.05637884345975 1726805.4509461066 1634646 0.04221668396984647
73984 1.0530212838013893 1778541.3651064248 1688989 0.04159813285848031
75076 1.0713764077788754 1831431.1876089575 1709419 0.04099307716716138
76176 1.1054363604385617 1885491.9499274746 1705654 0.04040112714505629
77284 1.0995580264622915 1940740.8083084475 1765019 0.039821907010530094
78400 1.1218217931056258 1997195.043771049 1780314 0.03925505435461489
79524 1.1543492250813032 2054872.062107154 1780113 0.038700219573987824
80656 1.1583981789751912 2113789.393881338 1824752 0.038157065331801826
81796 1.152560137647223 2173964.6944308802 1886205 0.03762526604481647
82944 1.1698657515320605 2235415.7438657586 1910831 0.037104507395372875
84100 1.18261869851486 2298160.4470686554 1943281 0.0365944858668467
85264 1.194097209240995 2362216.833694952 1978245 0.03609490830129724
86436 1.188257556396511 2427603.0581727335 2042994 0.03560549147810875
87616 1.188570962813714 2494337.399702786 2098602 0.035125961712493235
88804 1.1843384679437938 2562438.2622585963 2163603 0.03465605447279185
90000 1.1903148340414313 2631924.1745863534 2211116 0.03419551401557564
91204 1.2269171345834022 2702813.7902049487 2202931 0.03374409303760589
92416 1.2571983856972986 2775125.8874059743 2207389 0.03330155234376956
93636 1.2647627544909965 2848879.369253724 2252501 0.032867660530157286
94864 1.2715715686644982 2924093.263585193 2299590 0.032442193681499906
96100 1.2899463535942577 3000786.7230100785 2326288 0.03202493508222485
97344 1.276633274501981 3078979.02491078 2411796 0.03161567494043606
98596 1.3006810290029716 3158689.5714423973 2428489 0.031214210124161302
99856 1.3264973287486683 3239937.8895327323 2442476 0.030820343909247393
101124 1.3663973676962888 3322743.630882289 2431755 0.030433885738319368
102400 1.3916335062691727 3407126.571964272 2448293 0.03005465099025203
103684 1.3909516494895242 3493106.6140245884 2511307 0.02968246075963319
104976 1.4179443938773657 3580703.7830818463 2525278 0.029317141645726717
106276 1.4275038449616653 3669938.2299273564 2570878 0.028958525550470546
107584 1.4548998333521461 3760830.23012513 2584941 0.02860644948507034
108900 1.4999004259897148 3853400.1840118803 2569104 0.028260755384773257
110224 1.5318104806272652 3947668.6166970218 2577126 0.027921289931428797
111556 1.5308662653653973 4043656.1780626713 2641417 0.027587904383464878
112896 1.517848791684252 4141383.6427636473 2728456 0.02726045441292701
114244 1.5821350664947573 4240871.910227468 2680474 0.026938799949247295
115600 1.601108425144308 4342142.004654357 2711960 0.0266228050294274
116964 1.65046850431616 4445215.075017235 2693305 0.026312337654336444
118336 1.6795245162301655 4550112.395061729 2709167 0.026007269650840045
119716 1.6710547827691073 4656855.363306162 2786776 0.02570747653949186
121104 1.6618422164478632 4765465.503041564 2867580 0.025412837407532432
122500 1.7250940255028717 4875964.462331663 2826492 0.02512323478695353
123904 1.7623599770828737 4988374.014012891 2830508 0.024838554537398368
125316 1.7874050309667306 5102716.05569438 2854818 0.024558685733679718
126736 1.817849296776491 5219012.609757964 2870982 0.024283520557709
128164 1.8191902270570641 5337285.823358179 2933880 0.024012954194639738
129600 1.8363849588705496 5457557.968422263 2971903 0.02374688473303864
131044 1.8458292713478168 5579851.441650154 3022951 0.023485213068906684
132496 1.8782549022722355 5704188.764514493 3036962 0.023227842813381593
133956 1.9091558732045355 5830592.583260623 3054016 0.022974680203961057
135424 1.9249327927102937 5959085.668906586 3095737 0.022725634019094162
136900 1.9407783704229262 6089690.91724313 3137757 0.022480615495995674
138384 1.9332864644324805 6222431.3488337 3218577 0.02223953825154503
139876 1.9556755356108404 6357330.109014444 3250708 0.02200231820613835
141376 1.9954502884660539 6494410.467894215 3254609 0.021768873510368148
142884 1.9899244790996042 6633695.820354563 3333642 0.021539124474411465
144400 1.9643060215929962 6775209.686049742 3449162 0.02131299350001252
145924 2.018464010128444 6918975.7094067065 3427842 0.02109040501495167
147456 2.0265535680377056 7065017.659625114 3486223 0.02087128540989724
148996 2.05054890759695 7213359.430677323 3517770 0.02065556297754173
150544 2.0464430504426465 7364025.041308392 3598451 0.02044316785392847
152100 2.0932919582959135 7517038.635036084 3591013 0.02023403196187908
153664 2.1038289872924083 7672424.480150862 3646886 0.02002808895643617
155236 2.097666981723425 7830206.96971589 3732817 0.019825274172239737
156816 2.1335628833519182 7990410.621567035 3745102 0.019625524572759206
158404 2.137158278907681 8153060.0783128645 3814907 0.019428778701306833
160000 2.2072264556114156 8318180.107334648 3768612 0.019234976633761298
161604 2.2154082406468434 8485795.600786358 3830353 0.019044059932933635
163216 2.2057273875721632 8655931.575594665 3924298 0.018855971604510635
164836 2.1914640543337476 8828613.173458945 4028637 0.018670656054513624
166464 2.237387153233059 9003865.660851276 4024277 0.018488059048213473
168100 2.2112736144890923 9181714.42901643 4152229 0.01830812767044502
169744 2.259570582423314 9362184.993971892 4143347 0.018130810287266753
171396 2.280979290825029 9545302.99650784 4184739 0.017956056508913906
173056 2.2610433511974763 9731094.202187156 4303807 0.017783817153995282
174724 2.2587426340377235 9919584.501345428 4391640 0.01761404421488638
176400 2.2709003236935743 10110799.909090936 4452331 0.017446690824273286
178084 2.2677139462845886 10304766.56530467 4544121 0.017281711222803888
179776 2.2727655024438067 10501510.73464032 4620587 0.01711906072780464
181476 2.321581106396055 10701058.806524275 4609384 0.01695869570302303
183184 2.3629119180764997 10903437.295155628 4614407 0.01680057352935741
184900 2.400884227354844 11108672.839506174 4626909 0.01664465257653763
186624 2.4215132849350747 11316792.203320405 4673438 0.016490892175721278
188356 2.438402786674439 11527822.275115518 4727612 0.01633925259297186
190096 2.400301007498758 11741790.068181416 4891799 0.01618969500358665
191844 2.393030079875048 11958722.720580695 4997314 0.016042181467243215
193600 2.3889790894328033 12178647.495148659 5097846 0.015896674903934958
195364 2.4254659581616447 12401591.77949331 5113076 0.0157531390706671
197136 2.4773626332784575 12627583.085995354 5097188 0.015611538538885883
198916 2.525460874679191 12856649.051808197 5090813 0.015471838672614608
200704 2.5566748111684916 13088817.438857947 5119469 0.015334005607271443
202500 2.6055913606046026 13324116.133843414 5113663 0.01519800622914473
204304 2.6203860487894626 13562573.14823611 5175792 0.015063808155502623
206116 2.6308889837693714 13804216.618280249 5246978 0.014931379715314715
207936 2.662233513718842 14049074.804992745 5277176 0.014800689930564248
209764 2.7010882423651723 14297176.094163213 5293117 0.014671708498130315
211600 2.703475194089664 14548548.99635397 5381425 0.014544405772220263
213444 2.730451528876824 14803222.14690004 5421529 0.014418752747333294
215296 2.7739431704493973 15061224.305909138 5429536 0.014294721041736994
217156 2.8342619941037483 15322584.358261691 5406199 0.014172282881439185
219024 2.8934920392347516 15587331.313610824 5387031 0.01405141108463825
220900 2.9332351930597547 15855494.30638236 5405463 0.013932079046635617
222784 2.9263345014357274 16127102.59577483 5511025 0.013814260725194842
224676 2.943117578165598 16402185.565759458 5573065 0.013697930626332174
226576 2.954420909862842 16680772.725080179 5646038 0.013583063790524184
228484 2.9960746296705665 16962893.707253624 5661706 0.013469635779318498
230400 3.0108063290740663 17248578.270569127 5728890 0.013357622662334234
232324 3.0722591709717517 17537856.298088722 5708456 0.013247001004639245
234256 3.137665661468033 17830757.797647152 5682810 0.0131377478544917
236196 3.1766251427725005 18127312.901851848 5706469 0.013029840731434096
238144 3.167975892692428 18427551.868082955 5816822 0.012923257614728095
240100 3.1640478650884942 18731505.078493316 5920108 0.01281797693211915
242064 3.1978334174829497 19039203.04000847 5953782 0.012713977548920152
244036 3.235329361623558 19350676.384326667 5981053 0.012611238757403857
246016 3.3081956109062793 19665955.867918853 5944617 0.01250974026649408
248004 3.3277960249139498 19985072.372028675 6005498 0.01240946219174613
250000 3.361786864282138 20308056.90267248 6040852 0.01231038504560723
252004 3.4039160225253493 20634940.590639327 6062118 0.012212489727947999
254016 3.480708981780429 20965754.691490963 6023415 0.01211575751685645
256036 3.3939670767202044 21300530.58556185 6275998 0.012020170059686168
258064 3.476775269809726 21639299.777959134 6223957 0.011925709364350733
260100 3.4432753893581416 21982093.898562685 6384065 0.011832357790856621
262144 3.4751333666116895 22328944.702025052 6425349 0.011740098043067198
