4 0.03912727690473889 10.799128425707934 276 0.3704002621616921
16 0.1499878948014991 86.39302740566347 576 0.18520013108084604
36 0.2854978161231161 251.23807818834214 880 0.14329038121766074
64 0.44647559382771823 518.3581644339808 1161 0.12346675405389736
100 0.4010949029254911 896.8482029413981 2236 0.11150158931247166
144 0.5991921479272805 1393.7209360788545 2326 0.1033205401973331
196 0.6317621898752003 2014.6896235120137 3189 0.09728545663442299
256 0.7239007271487906 2764.576876981231 3819 0.09260006554042302
324 0.6636746733820627 3647.5560049078163 5496 0.08882660048647789
400 0.7250746705509377 4667.3056543363855 6437 0.08570255081287867
484 0.7857490487317342 5827.114945394541 7416 0.08305997127833034
576 0.8092110132354284 7129.95823761736 8811 0.08078588693003112
676 0.758023346940195 8578.550217322187 11317 0.07880119401003109
784 0.7790068646062478 10175.387665486809 13062 0.077048661512838
900 0.7926327539819739 11922.781885396851 15042 0.07548573886957786
1024 0.8778106550394461 13822.884384906158 15747 0.07408005243233841
1156 0.8622628198481236 15877.707564683347 18414 0.07280648010996758
1296 0.8547935747831317 18089.141629560632 21162 0.07164519060883037
1444 0.7989911969975984 20458.968590320503 25606 0.07058029311815757
1600 0.8300131417709035 22988.873987628715 27697 0.06959888513291376
1764 0.8532847158127221 25680.456807099687 30096 0.0686903668906824
1936 0.9138294350740025 28535.2379396208 31226 0.06784593855837065
2116 0.9000703821781254 31554.66745840072 35058 0.0670582253097604
2304 0.9026693063367772 34740.13092367721 38486 0.06632099358122177
2500 0.8976142815637504 38092.95488100244 42438 0.06562893342902074
2704 0.8543474857842968 41614.41168506731 48709 0.06497748954048746
2916 0.8446099766053015 45305.723755084975 53641 0.06436272855419768
3136 0.8435222314279239 49168.06734770226 58289 0.06378123382038023
3364 0.8557045697195373 53202.57591774251 62174 0.06323002114035123
3600 0.8898758912613274 57410.34312472454 64515 0.0627064707169397
3844 0.9345779596064943 61792.42553326219 66118 0.0622082717554244
4096 0.926027146511508 66349.84504754955 71650 0.06173337702694868
4356 0.926387831852999 71083.59111374432 76732 0.061279965344319086
4624 0.9221976885038923 75994.62271885175 82406 0.060846410371781984
4900 0.9088286019686231 81083.87021043662 89218 0.060431254542772206
5184 0.9052925686993902 86352.23695796003 95386 0.06003318712546837
5476 0.866018894499259 91800.60087360494 106003 0.05965102567835689
5776 0.8726985884165839 97429.81580800426 111642 0.05928370029337034
6084 0.8426299997896519 103240.71283422773 122522 0.05893024014439923
6400 0.8821936620738611 109234.10143164755 123821 0.05858976195272457
6724 0.8796686731492109 115410.77057983018 131198 0.05826146005453605
7056 0.9103525621535666 121771.48977134754 133763 0.0579445978138986
7396 0.94296660702927 128317.009951329 136078 0.05763850017082944
7744 0.9458339593972196 135048.0643906538 142782 0.057342547151204744
8100 0.9543826226303693 141965.36949889007 148751 0.0570561681950423
8464 0.9623044857458307 149069.62558240088 154909 0.05677883718384584
8836 0.9591613097395979 156361.5175524395 163019 0.056510068067334024
9216 0.9370415532601654 163841.71558753992 174850 0.05624941100592865
9604 0.933204610522249 171510.87575405257 183787 0.05599644895856157
10000 0.9454938621489621 179369.6405882796 189710 0.05575079465623583
10404 0.9210349537971204 187418.63964331464 203487 0.055512087910788106
10816 0.8922566067144743 195658.4900033835 219285 0.055279993215796366
11236 0.8614909763414216 204089.7967682118 236903 0.05505419760283712
11664 0.8926238392189049 212713.15350970425 238301 0.05483440872154562
12100 0.860989454569858 221529.1427030062 257296 0.054620353116347796
12544 0.8766316178819428 230538.33613382909 262982 0.05441177467646041
12996 0.8906918680641507 239741.29528375098 269163 0.05420843323891407
13456 0.9012457465871246 249138.57169505156 276438 0.054010103327036395
13924 0.9348862599105594 258730.70731650724 276751 0.05381657300911973
14400 0.9245508738097751 268518.2348314468 290431 0.0536276428639534
14884 0.9639938456001391 278501.6779692626 288904 0.05344312504157588
15376 0.9691593316551964 288681.55180147005 297868 0.0532628424090441
15876 0.9912178763019915 299058.36302332126 301708 0.05308662777225846
16384 0.9606015233420755 309632.6102218979 322332 0.05291432316595601
16900 0.9825715271078204 320404.7841315349 326088 0.052745779204913766
17424 0.9637151096325194 331375.3678773611 343852 0.05258085449021202
17956 0.9767460427935062 342544.8372076826 350700 0.05241941506510985
18496 0.9563192202634586 353913.6607158805 370079 0.0522613339156989
19044 0.958798021061639 365482.30005244404 381188 0.05210649051203663
19600 0.9445330181838367 377251.2101277153 399405 0.05195477038593085
20164 0.9480104034573776 389220.8393058817 410566 0.051806064741958674
20736 0.9336274055612 401391.62959071004 429927 0.051660270098666555
21316 0.9205577596852461 413764.01680348726 449471 0.05151728795721693
21904 0.9037955370847037 426338.4307535964 471720 0.05137702449502959
22500 0.8831728259382076 439115.29540212866 497202 0.051239390282215455
23104 0.9048542210360527 452095.0290189061 499633 0.05110430001882152
23716 0.8904468028777043 465278.0443332638 522522 0.0509716722911021
24336 0.8760592343094198 478664.748678918 546384 0.05084142934520601
24964 0.8899486992761635 492255.54413322575 553128 0.05071349687682473
25600 0.9153111612452064 506050.827651121 552873 0.050587803835485515
26244 0.9047165752076232 520050.9911939964 574822 0.05046428224229672
26896 0.9133290968600676 534256.4218537809 584955 0.050342867020063804
27556 0.9472327184486514 548667.5019724492 579232 0.050223495834793755
28224 0.9404597564007195 563284.6092571854 598946 0.0501061089476944
28900 0.945727545447628 578108.1168914079 611284 0.04999064907685528
29584 0.9715171026420606 593138.393641852 610528 0.049877061267868915
30276 0.956655980063992 608375.803961895 635940 0.0497652927727157
30976 0.9774460144172377 623820.7080912973 638215 0.049655292936294455
31684 0.990927810590154 639473.4621525229 645328 0.04954701309003336
32400 0.9783067333523339 655334.4182437945 669866 0.049440406452063844
33124 0.9851970742562348 671403.92452903 681492 0.04933542803348299
33856 0.9862595969165084 687682.3253247954 697263 0.0492320345502695
34596 0.9736069114721125 704169.9611844086 723259 0.04913018434045353
35344 0.9850482420676889 720867.1689793133 731809 0.04902983728617313
36100 0.9699911280160018 737774.281977843 760599 0.04893095474027944
36864 0.9585426408548685 754891.629921484 787541 0.04883349945717932
37636 0.9762511477155533 772219.5390987413 791005 0.04873743552762863
38416 0.9593725149406759 789758.3324167092 823203 0.04864272831721151
39204 0.9554005062333356 807508.3294704402 845204 0.04854934440826113
40000 0.9706899107005541 825469.8466101977 850395 0.04845725154499647
40804 0.9518902527713361 843643.1970066853 886282 0.048366418581665696
41616 0.948710468830422 862028.690714324 908632 0.048276815433503394
42436 0.9435632468615772 880626.6347326632 933299 0.04818841303032191
43264 0.9224761755503612 899437.3330659909 975025 0.04810118327257132
44100 0.9156892952843928 918461.0867812186 1003027 0.04801509898971344
44944 0.8963384490113699 937698.1940641016 1046143 0.047930133900767224
45796 0.909881515428849 957148.9502738622 1051949 0.04784626257689226
46656 0.9179742523437943 976813.6479962744 1064097 0.0477634604058869
47524 0.9015836194914884 996692.5770952649 1105491 0.047681703558486124
48400 0.8950431504781968 1016786.0247630907 1136019 0.047600968956351575
49284 0.9007879445828111 1037094.2755691374 1151319 0.04752123424165454
50176 0.914088369773873 1057617.6115073967 1157019 0.0474424777481583
51076 0.9218903210782929 1078356.312042664 1169723 0.04736467847371327
51984 0.9229698756529944 1099310.6541555042 1191058 0.04728781605408379
52900 0.9201125934692079 1120480.91238603 1217765 0.047211870738030744
53824 0.9285286225576797 1141867.3588765322 1229760 0.047136823363579376
54756 0.9564370337716825 1163470.2634130022 1216463 0.047062655335405865
55696 0.9581979399058415 1185289.893465586 1236999 0.046989348603280814
56644 0.9532162262119671 1207326.5142280057 1266582 0.04691688564151146
57600 0.9505105045268872 1229580.3886559813 1293600 0.0468452494293284
58564 0.9779499965669197 1252051.777504689 1280282 0.04677442343216567
59536 0.9856612729331024 1274740.9393652873 1293285 0.04670439158378632
60516 0.9713080515430914 1297648.1307005393 1335980 0.046635138269208815
61504 0.9856394403052838 1320773.6058795655 1340017 0.04656664830839165
62500 0.988150304220553 1344117.6172117481 1360236 0.04649890694063713
63504 1.0117550913824074 1367680.4149798243 1351790 0.04643189980967651
64516 0.9937908686404807 1391462.247472181 1400156 0.046365612949401884
65536 0.983482459453759 1415463.3610143904 1439236 0.04630003277021151
66564 1 1439684 1439684 0.046235146045937855
67600 1.0002892714568097 1464124.4069206037 1463701 0.046170939901328895
68644 0.9637102071565777 1488784.8223952176 1544847 0.04610740180005512
69696 0.976123844997375 1513665.4851989795 1550690 0.04604451953321647
70756 0.9958758611951377 1538766.6322911938 1545139 0.04598228120832441
71824 0.9911665058178575 1564088.498842742 1578028 0.04592067523873621
72900 0.9724621222349527 1589631.3182628765 1634646 0.04585969033351957
73984 0.956427378878972 1615395.322225416 1688989 0.045799315487726845
75076 0.9601980209032213 1641380.7406943636 1709419 0.04573953997305959
76176 0.9776823446894609 1667587.8019489578 1705654 0.04568035332890473
77284 0.9597725195072584 1694016.7326081817 1765019 0.045621745353725165
78400 0.9664967852045969 1720667.7576547367 1780314 0.04556370609678819
79524 0.9817023416257866 1747541.100458504 1780113 0.04550622585021618
80656 0.9725359845061146 1774636.9827995016 1824752 0.045449295141344694
81796 0.9553339244092558 1801955.6248903603 1886205 0.04539290472537406
82944 0.9574354013506794 1829497.24539832 1910831 0.04533704557830113
84100 0.9557352032293679 1857262.0614667693 1943281 0.045281708890118705
85264 0.952991307313472 1885250.2887363394 1978245 0.04522688605827051
86436 0.9365970440273245 1913462.1413655598 2042994 0.04517256868135063
87616 0.9253292582638786 1941897.832051092 2098602 0.04511874855303654
88804 0.9107759473653693 1970557.5720475551 2163603 0.04506541765624542
90000 0.9042680579340673 1999441.5711869432 2211116 0.045012568157504415
91204 0.9208413871781107 2028550.0378976625 2202931 0.04496019240152513
92416 0.9322702882107234 2057883.1792231805 2207389 0.0449082829059741
93636 0.9267215423390769 2087441.200840313 2252501 0.04485683235643055
94864 0.9206964315713431 2117224.3070771447 2299590 0.044805833601523765
96100 0.92302960808404 2147232.700930605 2326288 0.044755279648242365
97344 0.9028402833754183 2177466.5840837006 2411796 0.04470516365740846
98596 0.9091769231495027 2207926.1569224126 2428489 0.04465547893930979
99856 0.9165337217447688 2238611.618552276 2442476 0.044606218949483294
101124 0.933286110983482 2269523.1668146374 2431755 0.044557377284644074
102400 0.9397000270403123 2300660.9983026073 2448293 0.0445089476787537
103684 0.9286102051149917 2332025.3083767146 2511307 0.044460923999222274
104976 0.935982609114824 2363616.2911802647 2525278 0.04441330024323895
106276 0.9317572205504941 2395434.1396544133 2570878 0.04436607053422572
107584 0.9390848942211696 2427479.0455529643 2584941 0.04431922911840957
108900 0.9574354325309103 2459751.199456892 2569104 0.04427277036150847
110224 0.9670659450832456 2492250.7907886044 2577126 0.04422668874552654
111556 0.9559179818354848 2524978.007825941 2641417 0.044180978865654384
112896 0.9375020296152557 2557933.037715922 2728456 0.0441356354272703
114244 0.9666633835986675 2591116.066488255 2680474 0.04409065324303868
115600 0.9677603206052414 2624527.2790685906 2711960 0.04404602723010175
116964 0.9869535233817027 2658166.8592915568 2693305 0.04400175240736119
118336 0.9936762812752228 2692034.9899135516 2709167 0.04395782389284624
119716 0.9782385999539687 2726131.852625321 2786776 0.04391423690116493
121104 0.9626436326325033 2760457.628064314 2867580 0.04387098674103557
122500 0.9888626947561933 2795012.4958268222 2826492 0.04382806881289523
123904 0.9997486792052588 2829796.6344799185 2830508 0.04378547860658263
125316 1.0035001256028158 2864810.2215731796 2854818 0.04374321169909261
126736 1.0101259546908417 2900053.433650222 2870982 0.043701263752399445
128164 1.0005611839134634 2935526.446260032 2933880 0.043659630511346824
129600 0.9997733553107607 2971229.4339681156 2971903 0.04361830780160168
131044 0.9947771466912467 3007162.570367451 3022951 0.04357729152767005
132496 1.0020955244383267 3043326.0280892695 3036962 0.043536577670972264
133956 1.0084164519156584 3079719.9788136515 3054016 0.04349616228797581
135424 1.0066567648608231 3116344.59327995 3095737 0.0434560415083835
136900 1.0049216817290323 3153200.041297043 3137757 0.04341621153337525
138384 0.9912102434564797 3190286.491753426 3218577 0.04337666863390135
139876 0.9928926598842857 3227604.1126271263 3250708 0.043337409149025764
141376 1.0032397350942845 3265153.0709954742 3254609 0.04329842948431742
142884 0.9907883129156365 3302933.5330447084 3333642 0.04325972611028801
144400 0.9686253252469524 3340945.664079429 3449162 0.043221295560874756
145924 0.9858067053650389 3379189.628531906 3427842 0.04318313443196643
147456 0.9803347605621422 3417665.589971233 3486223 0.04314523937997139
148996 0.9825468154860466 3456373.71111235 3517770 0.043107607120426
150544 0.9713385436747392 3495314.1538249087 3598451 0.043070234426642394
152100 0.9842590598090332 3534487.0791420154 3591013 0.043033118128393825
153664 0.9799847451411513 3573892.6472688327 3646886 0.04299625511063685
155236 0.9680439779370508 3613531.017591048 3732817 0.042959642312268766
156816 0.9755147786851237 3653402.3486832143 3745102 0.04292327672491938
158404 0.9681774151550657 3693506.7983169663 3814907 0.04288715539177579
160000 0.9907744611196665 3733844.5234691086 3768612 0.042851275406439335
161604 0.9853963016801808 3774415.6803295854 3830353 0.04281563391181349
163216 0.9722045635446971 3815220.4243093277 3924298 0.04278022809902186
164836 0.9572118088693491 3856258.910047988 4028637 0.042745055206355104
166464 0.9685047255498459 3897531.2914215573 4024277 0.04271011251824616
168100 0.9486561847985429 3939037.7215498686 4152229 0.0426753973642727
169744 0.9607639313830086 3980778.352803995 4143347 0.04264090711818585
171396 0.9612913342537093 4022753.336813533 4184739 0.042606639196964696
173056 0.9445039762409867 4064962.824473792 4303807 0.04257259105989537
174724 0.9352786125349213 4107406.9659528616 4391640 0.042538760207674345
176400 0.9321153145843368 4150085.910698595 4452331 0.04250514418153482
178084 0.9227306683614898 4192999.807445481 4544121 0.0424717405623958
179776 0.9167988405415641 4236148.804221424 4620587 0.04243854697003299
181476 0.9284392553005837 4279533.0483544255 4609384 0.04240556106227092
183184 0.936881529193062 4323152.68647917 4614407 0.0423727805341956
184900 0.943828345131387 4367007.864543521 4626909 0.0423402031173872
186624 0.9438658922649508 4411098.727814927 4673438 0.04230782657917197
188356 0.9424262018301696 4455425.420886732 4727612 0.04227564872189306
190096 0.9199045356696798 4499988.087684404 4891799 0.04224366738219951
191844 0.909445928647206 4544786.8714716835 4997314 0.04221188043035282
193600 0.900345344848908 4589821.914856627 5097846 0.042180285769550935
195364 0.9065175952396554 4635093.359797596 5113076 0.042148881335268534
197136 0.9182712796956165 4680601.34760914 5097188 0.04211766509461384
198916 0.9284069202635832 4726346.018967813 5090813 0.04208663504570097
200704 0.9321918960575615 4772327.513917908 5119469 0.042055789217037474
202500 0.9422885262241801 4818545.9718771195 5113663 0.04202512566692682
204304 0.9399530606411762 4865001.531642115 5175792 0.0419946424828853
206116 0.9360996618232541 4911694.331394054 5246978 0.041964337781072676
207936 0.9396359925657242 4958624.508704018 5277176 0.04193420970573672
209764 0.9457172778418417 5005792.200538375 5293117 0.041904256428670725
211600 0.9390073341659636 5053197.5432640705 5381425 0.04187447614868402
213444 0.9408490985944837 5100840.672653853 5421529 0.041844867091084786
215296 0.9482802441850341 5148721.723891433 5429536 0.04181542750717513
217156 0.961274424337055 5196840.8315765625 5406199 0.04178615567375796
219024 0.9736714211835931 5245198.129730073 5387031 0.04175704989265513
220900 0.9793414092000657 5293793.751798815 5405463 0.04172810849023705
222784 0.9694435845710323 5342627.830660573 5511025 0.04169932981696285
224676 0.967456955666027 5391700.498628886 5573065 0.04167071224693124
226576 0.9636867281902501 5441011.887457823 5646038 0.04164225417744161
228484 0.9697716780678288 5490562.128346695 5661706 0.04161395402856512
230400 0.9670898467145822 5540351.351944703 5728890 0.041585810242725486
232324 0.9793155431793708 5590379.688355538 5708456 0.04155782128428923
234256 0.992580654137991 5640647.267141917 5682810 0.04152998563916516
236196 0.997316241852896 5691154.217330053 5706469 0.04150230181441278
238144 0.9871198856375692 5741900.667414097 5816822 0.04147476833785941
240100 0.9785103152443319 5792886.745360491 5920108 0.041447383757725886
242064 0.9815798728627112 5844112.578612299 5953782 0.0414201466422604
244036 0.985709087361951 5895578.294093459 5981053 0.04139305557938053
246016 1.0004486442462153 5947284.018213003 5944617 0.041366109176322996
248004 0.9989562692168432 5999229.876869214 6005498 0.041339306059301154
250000 1.0017487591905476 6051415.995453739 6040852 0.041312644873169865
252004 1.0068828252527666 6103842.49885565 6062118 0.041286124281097646
254016 1.022096188203113 6156509.511465454 6023415 0.04125974296424595
256036 0.9893911943851893 6209417.157179059 6275998 0.04123349962145517
258064 1.006203217567489 6262565.559401697 6223957 0.041207392968937565
260100 0.9893312240792949 6315954.841051783 6384065 0.04118142173997654
262144 0.9913212690181897 6369585.124564757 6425349 0.04115558468463246
