4 0.04609902464388827 10.787171766669855 234 0.37081081923244963
16 0.15577143345371633 86.29737413335884 554 0.18540540961622481
36 0.32677071686343234 250.95991055111605 768 0.14344920637301328
64 0.4494654902779106 517.784244800153 1152 0.12360360641081655
100 0.44614303979178704 895.8552239019084 2008 0.11162517930570162
144 0.6179218046181 1392.1778258045792 2253 0.1034350621960081
196 0.6443992905938692 2012.4589845246537 3123 0.0973932892581637
256 0.7538946143236371 2761.515972267483 3663 0.09270270480811241
324 0.6833303594935917 3643.517476819831 5332 0.08892505719028325
400 0.7343106114781255 4662.138072274619 6349 0.08579754477431066
484 0.8034041735109803 5820.663237087052 7245 0.08315203616593657
576 0.8144155560456005 7122.064037618776 8745 0.08087543118926835
676 0.7510782850837602 8569.05215452062 11409 0.07888853840659318
784 0.7762426763682531 10164.121604365906 13094 0.07713406337673488
900 0.800052474230442 11909.58113139436 14886 0.07556940836714625
1024 0.8757820538714586 13807.579861337415 15766 0.07416216384648992
1156 0.8636532327792967 15860.127966759006 18364 0.07288717987792043
1296 0.859043147270151 18069.113559680354 21034 0.07172460318650664
1444 0.8016127982217007 20436.316677864037 25494 0.07065852534787223
1600 0.8173199386306385 22963.420995766417 28096 0.06967602955565633
1764 0.8556949672634986 25652.02372862516 29978 0.06876650429851068
1936 0.9100780358689788 28503.644083416417 31320 0.0679211399894786
2116 0.9115808348857921 31519.730527846034 34577 0.06713255362797675
2304 0.9015761779183407 34701.66708807693 38490 0.06639450474100209
2500 0.8947019408151322 38050.77884092676 42529 0.06570167749920124
2704 0.8527188137431546 41568.3367323513 48748 0.06504951154072912
2916 0.8506844457248548 45255.56182811655 53199 0.06443406914436617
3136 0.8436303671184154 49113.62908253279 58217 0.06385192987327656
3364 0.8589014884357962 53143.67069547645 61874 0.06330010622104695
3600 0.8914607582207138 57346.7791155803 64329 0.06277597548668486
3844 0.9134824587486035 61724.00973764314 67570 0.062277224314150316
4096 0.9121942211850307 66276.38333441959 72656 0.061801803205408276
4356 0.9056861472284726 71004.88825656503 78399 0.06134788895463474
4624 0.9125610986404401 75910.48242930637 83184 0.060913853423421746
4900 0.9096269715090721 80994.09517013929 89041 0.060498237429615985
5184 0.9019735111870164 86256.62884832556 95631 0.060099728788561776
5476 0.8354344892042315 91698.96040403485 109762 0.05971714374811004
5776 0.8382018701771404 97321.94274252742 116108 0.05934941121429158
6084 0.8214690734888705 103126.40601671932 125539 0.05899555928491908
6400 0.8471913195470087 109113.15880973743 128794 0.05865470370223443
6724 0.8411623998744997 115282.98922759993 137052 0.05832603790941782
7056 0.8931525972252053 121636.66591090626 136188 0.058008824454036115
7396 0.9150254784716289 128174.93897334882 140078 0.05770238752786016
7744 0.9388230196740079 134898.54087393853 143689 0.05740610646957774
8100 0.9489051900982568 141808.1872290439 149444 0.05711941008678961
8464 0.9616114897071183 148904.57756965756 154849 0.05684177167784208
8836 0.9609996865056742 156188.3960487077 162527 0.05657270465370855
9216 0.9370222838813415 163660.3121027151 174660 0.056311758676202035
9604 0.9367791488090295 171320.98107164173 182883 0.056058516241999985
10000 0.9474535439028581 179171.0447803817 189108 0.05581258965285081
10404 0.921414385834073 187211.13208499528 203178 0.05557361832135337
10816 0.8956677087296546 195441.85938648047 218208 0.05534126636920539
11236 0.8649146010021218 203863.8311146041 235704 0.055115220481084595
11664 0.8946050279317734 212477.6401840755 237510 0.05489518798258085
12100 0.8649949317105746 221283.8684251309 255821 0.054680895115017884
12544 0.8816384710140843 230283.0869904078 261199 0.054472085483735534
12996 0.8926539908445056 239475.8567398189 268274 0.05426851865956426
13456 0.8986582334152439 248862.72860498325 276927 0.05406996891591004
13924 0.9341448252560446 258444.24393463833 276664 0.05387622408615701
14400 0.9266284165368246 268220.9348223327 289459 0.05368708452805311
14884 0.9652854093976789 278193.32441759226 288198 0.05350236218342115
15376 0.9658133537696526 288361.9272216514 298569 0.05332187972298135
15876 0.9925647479565929 298727.24936875596 300965 0.0531454697673137
16384 0.9599519197932856 309289.7888939581 322193 0.05297297417606423
16900 0.9815107258923692 320050.03598825785 326079 0.05280424339842922
17424 0.9618480761841878 331008.473241874 344138 0.052639135878760304
17956 0.9772250410589199 342165.57587637025 350140 0.05247751751183697
18496 0.9569825966230396 353521.81196630694 369413 0.05231926114296675
19044 0.9588936002895493 365077.6426510395 380728 0.05216424610861
19600 0.9425267934360133 376833.52233723935 399812 0.05201235781369627
20164 0.9519364842384567 388789.89889267046 408420 0.051863487342212265
20736 0.9405680132675525 400947.2138317188 426282 0.05171753109800406
21316 0.9299768746498525 413305.9024931353 444426 0.05157439047305656
21904 0.9022746025577204 425866.3942104236 471992 0.05143397154079521
22500 0.875624309988103 438629.1124752704 500933 0.051296184772205544
23104 0.9058012810834343 451594.4750943948 498558 0.05116094477278685
23716 0.8924687031866118 464762.8943401631 520761 0.05102817003855325
24336 0.8828173823447458 478134.7770952967 541601 0.05089778272947004
24964 0.8915050919896398 491710.52499197784 551551 0.050769708458868724
25600 0.9196940746315001 505490.5345456368 549629 0.0506438760975232
26244 0.9114879233641416 519475.1972836916 569920 0.050520217591192976
26896 0.9097129363815145 533664.8998694879 586630 0.050398667790551036
27556 0.9432852061948395 548060.024221676 581012 0.050279164292512446
28224 0.9379198764287686 562660.9476292476 599903 0.05016164729206967
28900 0.9417839972053756 577468.042862437 613164 0.050046059443820144
29584 0.975416566426993 592481.6782796856 607414 0.04993234573244414
30276 0.9710060876296683 607702.2179308527 625848 0.04982045335145535
30976 0.9703007018915286 623130.0216568453 642203 0.04971033158960576
31684 0.9954874071913886 638765.4451858336 641661 0.049601931724378566
32400 0.9768648229343772 654608.8402262013 670112 0.049495206922051525
33124 0.9847333920993273 670660.5545563836 681058 0.04939011214385534
33856 0.985030589812613 686920.9321117238 697360 0.049286604057792074
34596 0.9638546950105832 703390.3130684833 729768 0.04918464095571313
35344 0.988687524955274 720069.0339251257 728308 0.049084182675289356
36100 0.9681597957695337 736957.4275809944 761194 0.04898519052653482
36864 0.9534281339258605 754055.8234124898 790889 0.04888762722257282
37636 0.9795416328732397 771364.5473468545 787475 0.04879145681435689
38416 0.9624937281484388 788883.9219336641 819625 0.04869664462908186
39204 0.9581278072067606 806614.2664141195 841865 0.04860315721204029
40000 0.973603952231374 824555.8967882252 846911 0.04851096227169836
40804 0.9598655108007289 842709.1258799459 877945 0.04842002862778185
41616 0.950191802351124 861074.2634004144 906211 0.04833032616217893
42436 0.9422358643556399 879651.6160092739 933579 0.048241825772480144
43264 0.9216107824448876 898441.4873742231 974860 0.0481544993279896
44100 0.8912866962667975 917444.1782288355 1029348 0.04806831962805291
44944 0.8784561193302542 936659.9864287189 1066257 0.04798326036255879
45796 0.9077143843223853 956089.2070060781 1053293 0.04789929607448112
46656 0.9163938008313103 975732.1322227393 1064752 0.047816402124337756
47524 0.9017126494048104 995589.0516216959 1104109 0.04773455465645094
48400 0.8815186739444307 1015660.2520772287 1152171 0.047653730566901975
49284 0.8938058596027468 1035946.0178436524 1159028 0.047573907473080386
50176 0.9146842864649652 1056446.630602738 1154985 0.047495063684734294
51076 0.9215597674544751 1077162.3695098609 1168847 0.04741717817643501
51984 0.919885092210139 1098093.511238917 1193729 0.04734023056137485
52900 0.9192267095268202 1119240.3300260515 1217589 0.047264201066422165
53824 0.9298566639646405 1140603.0977122425 1226644 0.04718907050836277
54756 0.9579665965900893 1162182.0837847781 1213176 0.0471148202712615
55696 0.9614991512965984 1183977.5554176643 1231387 0.04704143228488185
56644 0.9523585901427716 1205989.7775110044 1266319 0.04696888900410529
57600 0.9490986042156084 1228219.0127293768 1294090 0.04689717338929638
58564 0.9739452696815285 1250665.5215392534 1284123 0.046826268887561966
59536 0.9813072455719534 1273329.562245483 1297585 0.04675615941485709
60516 0.9755170044371839 1296211.391026877 1328743 0.046686829338892295
61504 0.9888881358204271 1319311.2619709214 1334136 0.04661826346280033
62500 0.9920535687636659 1342629.4271076452 1353384 0.04655044700952251
63504 1.01221859813857 1366166.1364426746 1349675 0.0464833656068774
64516 0.9929642998417565 1389921.6379894954 1399770 0.04641700527327684
65536 0.9819555391505053 1413896.1778009513 1439878 0.046351352404056204
66564 1 1438090 1438090 0.04628639375838786
67600 1.0006865185150544 1462503.346809752 1461500 0.04622211644674866
68644 1.0001657544154665 1487136.458582813 1486890 0.04615850791891367
69696 0.9875126942823481 1511989.5738299517 1531109 0.04609555595245029
70756 0.9962432919975933 1537062.9292481148 1542859 0.04603324864168815
71824 0.9956694824642897 1562356.759747805 1569152 0.045971574387141764
72900 0.9770277112438958 1587871.298479847 1625206 0.04591052188536377
73984 0.9750266939999814 1613606.7768615533 1654936 0.04585008011920849
75076 0.9834782198157129 1639563.4246023137 1667107 0.04579023834848606
76176 0.9803380924159837 1665741.4697286186 1699150 0.04573098610098873
77284 0.959674973292716 1692141.1386085418 1763244 0.045672313163871846
78400 0.9685412543274452 1718762.6559756866 1774589 0.045614209575373175
79524 0.9823244388078789 1745606.2449526216 1777016 0.04555666561685473
80656 0.9719305887292291 1772672.127073813 1823867 0.04549967180515246
81796 0.9541375877007243 1799960.5223080746 1886479 0.04544321888521958
82944 0.9502575480117814 1827471.6490805412 1923133 0.045387297823050635
84100 0.9521864109038058 1855205.7242941828 1948364 0.04533189979887327
85264 0.942629214046851 1883162.9633508758 1997777 0.045277016200596015
86436 0.9274954071133225 1911343.580172036 2060758 0.04522263861750072
87616 0.9245386772987334 1939747.7872188308 2098071 0.04516875883416883
88804 0.9048651560166777 1968375.7955119794 2175325 0.045115368824631304
90000 0.9012952055621908 1997227.8146511533 2215953 0.045062460746732536
91204 0.9233485331095588 2026304.0528339895 2194517 0.045010026936698894
92416 0.931047442671243 2055604.7168747196 2207841 0.044958059903903384
93636 0.9236374482717478 2085130.012222436 2257520 0.04490655232581783
94864 0.9208138553021179 2114880.1429789946 2296751 0.04485549704314482
96100 0.9216490905208847 2144855.3119165692 2327193 0.04480488705512183
97344 0.8991054731157255 2175055.7204948645 2419133 0.044754715514990336
98596 0.9117003566131995 2205481.5688779983 2419086 0.04470497572562307
99856 0.918456532790996 2236133.0559510575 2434664 0.04465566113530302
101124 0.9328113040149965 2267010.3793363417 2430299 0.04460676533364777
102400 0.935599778288196 2298113.7354092957 2456300 0.04455828204767354
103684 0.9283036155960985 2329443.319314148 2509355 0.044510205137992975
104976 0.9370517450278895 2360999.3249792503 2519604 0.04446252859514163
106276 0.9333373165850927 2392781.945132137 2563684 0.0444152465360278
107584 0.9399133853686905 2424791.371314304 2579803 0.044368353200500914
108900 0.9585120697797153 2457027.7938957172 2563377 0.044321842948033825
110224 0.9678478256060329 2489491.4020890584 2572193 0.04427571025451442
111556 0.9673370484637284 2522182.3839637083 2607346 0.04422994970914252
112896 0.952820620408828 2555100.9264594805 2681618 0.04418455601142781
114244 0.9647857807588769 2588247.215400112 2682717 0.044139523968284945
115600 0.9660928487774533 2621621.435506507 2713633 0.04409484849122225
116964 0.988168937865509 2655223.7704097526 2687014 0.04405052459362029
118336 0.9921238261571174 2689054.4026639033 2710402 0.04400654738809703
119716 0.9769616409683028 2723113.5137585388 2787329 0.043962912083956314
121104 0.9910613610719831 2757401.2841311074 2782271 0.04391961398471657
122500 0.9898126048042972 2791917.8931790553 2820653 0.043876648485716645
123904 0.9991193551685033 2826663.5192717467 2829155 0.043834011071796145
125316 0.9986046173197023 2861638.3397621796 2865637 0.043791697315047354
126736 1.0108497011248372 2896842.5309985024 2865750 0.043749702872636236
128164 1.0015644617253074 2932276.2683353354 2927696 0.04370802348469
129600 0.999853362915706 2967939.726144909 2968375 0.04366665497224869
131044 0.9971067948863241 3003833.0778280008 3012549 0.04362559323527882
132496 1.0059845340321187 3039956.4958247067 3021872 0.0435848342507465
133956 0.9951281006469382 3076310.151625026 3091371 0.04354437407074812
135424 1.005359044801933 3112894.21577927 3096301 0.04350420882069662
136900 1.0015045763159185 3149708.8579083085 3144977 0.04346433469756122
138384 0.991003545968336 3186754.2467136425 3215684 0.0434247479681589
139876 0.9925750150508288 3224030.5499873194 3248148 0.04338544496749578
141376 1.005410607389083 3261537.934621682 3243986 0.04334642209715667
142884 1.0018153737132107 3299276.5666189697 3293298 0.043307675823741135
144400 0.9799892614682895 3337246.61110076 3405391 0.04326920267734454
145924 0.9755864757210257 3375448.232317264 3459917 0.043230999250082516
147456 0.9806099046921187 3413881.5936564766 3481386 0.04319306219465731
148996 0.9863506514406035 3452546.857653179 3500324 0.04315538822296476
150544 0.9967623436773322 3491444.185997804 3502785 0.04311797410474048
152100 0.9840352265115557 3530573.7395451646 3587853 0.04308081666624379
153664 0.9808997728566256 3569935.678323046 3639450 0.043043912788978504
155236 0.9710239829864851 3609530.1615406647 3717241 0.04300725940844895
156816 0.9583705953729605 3649357.347597003 3807877 0.042970853512950394
158404 0.9652225356944154 3689417.394089013 3822349 0.042934692142392566
160000 0.9781856729573596 3729710.457819695 3812886 0.04289877238715533
161604 0.9813068090364261 3770236.694806064 3842057 0.04286309138697529
163216 0.9745970954592018 3810996.260286981 3910330 0.04282764632986265
164836 0.9626471642767147 3851989.3087308817 4001455 0.042792434451046975
166464 0.9707131650234001 3893215.99384339 4010676 0.042757453031951206
168100 0.9596086105492475 3934676.4685748057 4100293 0.04272269939919308
169744 0.9638626161211585 3976370.885127498 4125454 0.04268817092361276
171396 0.9617254133790455 4018299.394963182 4178219 0.042653865019326276
173056 0.9466208895009072 4060462.148810097 4289428 0.042619779142803585
174724 0.9351892100286512 4102859.2966700685 4387197 0.042585910791970896
176400 0.9333254506112013 4145490.987825483 4441635 0.04255225750533608
178084 0.9245770985471717 4188357.370846152 4530025 0.04251881686113681
179776 0.9211581069337741 4231458.593596086 4593629 0.042485586476510497
181476 0.930671710149482 4274794.803240166 4593236 0.042452564006685574
183184 0.9380500956761957 4318366.146250725 4603556 0.04241974714419325
184900 0.9439306964218903 4362172.768414035 4621285 0.042387133618099336
186624 0.9399796599762064 4406214.814836706 4687564 0.04235472119325537
188356 0.9390857039181472 4450492.429951989 4739176 0.04232250766956859
190096 0.9275682117778936 4495005.757526002 4846011 0.042290490881290124
191844 0.9274603010575789 4539754.940663863 4894824 0.04225866869632087
193600 0.917679231174547 4584740.1218157355 4996016 0.042227039015534616
195364 0.9140236966629781 4629961.442782809 5065472 0.04219559977211769
197136 0.9176764052141266 4675419.044723167 5094845 0.04216434893092507
198916 0.9288810287839213 4721113.068157611 5082581 0.042133284487851905
200704 0.9308408661320506 4767043.652975379 5121223 0.04210240446922054
202500 0.9400817302917271 4813210.9384398 5119992 0.04207170693118226
204304 0.9394474419089138 4859615.0631938735 5172844 0.04204118995913346
206116 0.9345732256399831 4906256.165265763 5249729 0.04201085166714589
207936 0.9347007400927304 4953134.382074234 5299166 0.04198069019741035
209764 0.9445252949999908 5000249.850434006 5293929 0.041950703719693755
211600 0.9348574066446113 5047602.706561042 5399329 0.04192089043080892
213444 0.9423226246283588 5095193.086077765 5407058 0.04189124855409696
215296 0.9446619424613071 5143021.124018209 5444298 0.041861776338921707
217156 0.9587079092231108 5191086.9548331015 5414670 0.04183247206017603
219024 0.969838533166113 5239390.712394887 5402333 0.041803334017799516
220900 0.9748890109364227 5287932.530002666 5424138 0.041774360536307495
222784 0.975493369118662 5336712.5403871015 5470783 0.041745549964330705
224676 0.968582072407958 5385730.875715237 5560428 0.0417169006741657
226576 0.950169513002538 5434987.6675952645 5720019 0.04168841106133542
228484 0.9731673358077771 5484483.047081233 5635704 0.04166007954415978
230400 0.9657192109119705 5534217.144677691 5730669 0.04163190456333609
232324 0.9787277831350965 5584190.090344281 5705560 0.041603884581528736
234256 0.9893747284418559 5634402.013500267 5694912 0.041576018082968284
236196 0.9972492126227138 5684853.043029009 5700534 0.041548303573059435
238144 0.9964461959222697 5735543.307282388 5755999 0.041520739577997755
240100 0.9757814735195743 5786472.934085166 5930091 0.04149332464439488
242064 0.9770851369407866 5837642.050739302 5974548 0.041466057338912045
244036 0.9846392887297652 5889050.784028205 5980922 0.041438936247901646
246016 1.0011326735995565 5940699.260220949 5933978 0.041411959977056656
248004 0.991912962060637 5992587.605076425 6041445 0.04138512715106768
250000 0.9888306685475966 6044715.943847447 6112994 0.04135843641328754
252004 1.0081846530334844 6097084.401284811 6047587 0.04133188642540299
254016 1.0242863077468225 6149693.101641301 6003881 0.04130547586711364
256036 1.0040254906095158 6202542.16867565 6177674 0.04127920343581769
258064 1.0074597194755963 6255631.725656454 6209312 0.0412530678463044
260100 0.9784219962140839 6308961.895366038 6448099 0.041227067830453164
262144 0.9861334160112029 6362532.800104281 6452000 0.04120120213693885
