4 0.369309762675546 86.41848446607776 234 0.04628639375838786
16 0.623960176650381 345.67393786431103 554 0.04628639375838786
36 1.0127166148368487 777.7663601946998 768 0.04628639375838786
64 1.2002567286955244 1382.6957514572441 1152 0.04628639375838786
100 1.075927346440211 2160.462111651944 2008 0.04628639375838787
144 1.3808546119746112 3111.0654407787993 2253 0.04628639375838786
196 1.355909618583993 4234.50573883781 3123 0.04628639375838786
256 1.509905270496581 5530.7830058289765 3663 0.04628639375838786
324 1.3128089350623215 6999.897241752298 5332 0.04628639375838786
400 1.3611353672401598 8641.848446607775 6349 0.04628639375838787
484 1.443290078729525 10456.63662039541 7245 0.04628639375838786
576 1.4230144954963062 12444.261763115197 8745 0.04628639375838786
676 1.2801055197446878 14604.723874767142 11409 0.04628639375838786
784 1.2935713269704627 16938.02295535124 13094 0.04628639375838786
900 1.3062044205876324 19444.159004867495 14886 0.04628639375838786
1024 1.403217811957117 22123.132023315906 15766 0.04628639375838786
1156 1.35999466405448 24974.94201069647 18364 0.04628639375838786
1296 1.3311585512507935 27999.588967009193 21034 0.04628639375838786
1444 1.2237025532381764 31197.07289225407 25494 0.04628639375838786
1600 1.2303314986628382 34567.3937864311 28096 0.04628639375838787
1764 1.27128399658217 38110.55164954029 29978 0.04628639375838786
1936 1.3354580613531812 41826.54648158164 31320 0.04628639375838786
2116 1.3221325818479084 45715.37828255513 34577 0.04628639375838787
2304 1.293246221160322 49777.04705246079 38490 0.04628639375838786
2500 1.2699934818899716 54011.5527912986 42529 0.04628639375838786
2704 1.1983854824622255 58418.89549906857 48748 0.04628639375838786
2916 1.1842154020897138 62999.07517577068 53199 0.04628639375838787
3136 1.163785351725526 67752.09182140496 58217 0.04628639375838786
3364 1.1746120411800014 72677.9454359714 61874 0.04628639375838786
3600 1.2090446924321843 77776.63601946998 64329 0.04628639375838786
3844 1.2290685743954526 83048.16357190073 67570 0.04628639375838786
4096 1.217965867832851 88492.52809326362 72656 0.04628639375838786
4356 1.2003945150264503 94109.72958355868 78399 0.04628639375838786
4624 1.2009493176907324 99899.76804278589 83184 0.04628639375838786
4900 1.1889201993569845 105862.64347094526 89041 0.04628639375838786
5184 1.1711511525346046 111998.35586803677 95631 0.04628639375838786
5476 1.0778493944540046 118306.90523406045 109762 0.04628639375838786
5776 1.074760495133981 124788.29156901628 116108 0.04628639375838786
6084 1.0470253456926075 131442.51487290426 125539 0.04628639375838787
6400 1.0735715572598445 138269.5751457244 128794 0.04628639375838787
6724 1.0599587921918447 145269.4723874767 137052 0.04628639375838786
7056 1.119351239449593 152442.20659816117 136188 0.04628639375838786
7396 1.1407057337895872 159787.77777777778 140078 0.04628639375838786
7744 1.1643632144863318 167306.18592632655 143689 0.04628639375838786
8100 1.1709900099288526 174997.43104380745 149444 0.04628639375838787
8464 1.1809021248456273 182861.51313022053 154849 0.04628639375838787
8836 1.1745644242837545 190898.43218556576 162527 0.04628639375838786
9216 1.1399758857771851 199108.18820984315 174660 0.04628639375838786
9604 1.1345547765678203 207490.7812030527 182883 0.04628639375838786
10000 1.1424488184804154 216046.2111651944 189108 0.04628639375838786
10404 1.1062933885374806 224774.47809626826 203178 0.04628639375838786
10816 1.0708845780002303 233675.58199627427 218208 0.04628639375838786
11236 1.0298914013559906 242749.5228652124 235704 0.04628639375838787
11664 1.060992382228465 251996.30070308273 237510 0.04628639375838787
12100 1.021870430925863 261415.9155098852 255821 0.04628639375838786
12544 1.0375551487012578 271008.36728561984 261199 0.04628639375838786
12996 1.0465928715801256 280773.6560302866 268274 0.04628639375838786
13456 1.0497776733358812 290711.7817438856 276927 0.04628639375838786
13924 1.087321604641069 300822.7444264167 276664 0.04628639375838786
14400 1.0747862186972246 311106.5440778799 289459 0.04628639375838786
14884 1.1157717288054578 321563.18069827533 288198 0.04628639375838786
15376 1.1126160260696956 332192.6542876029 298569 0.04628639375838786
15876 1.1396506731542293 342994.96484586265 300965 0.04628639375838786
16384 1.098627569106264 353970.1123730545 322193 0.04628639375838786
16900 1.1197228183022474 365118.0968691785 326079 0.04628639375838786
17424 1.0938603651274625 376438.91833423474 344138 0.04628639375838786
17956 1.1079356165197438 387932.5767682231 350140 0.04628639375838786
18496 1.0817136163890917 399599.07217114355 369413 0.04628639375838786
19044 1.0806623220330425 411438.4045429962 380728 0.04628639375838786
19600 1.059124223094307 423450.57388378103 399812 0.04628639375838786
20164 1.0666362572682484 435635.580193498 408420 0.04628639375838786
20736 1.050932067204684 447993.4234721471 426282 0.04628639375838786
21316 1.0362222365922074 460524.10371972836 444426 0.04628639375838786
21904 1.002617885337552 473227.6209362418 471992 0.04628639375838786
22500 0.9703971890885356 486103.9751216874 500933 0.04628639375838786
23104 1.001193775400385 499153.1662760651 498558 0.04628639375838786
23716 0.9838970168645021 512375.194399375 520761 0.04628639375838786
24336 0.9707701047295278 525770.059491617 541601 0.04628639375838787
24964 0.9778565564250472 539337.7615527912 551551 0.04628639375838787
25600 1.0062756888426514 553078.3005828976 549629 0.04628639375838787
26244 0.9948618693534815 566991.6765819362 569920 0.04628639375838786
26896 0.9905355838431495 581077.8895499068 586630 0.04628639375838786
27556 1.0246551525386904 595336.9394868097 581012 0.04628639375838786
28224 1.0164457027096792 609768.8263926447 599903 0.04628639375838786
28900 1.018281487933753 624373.5502674117 613164 0.04628639375838787
29584 1.0522495548523925 639151.1111111111 607414 0.04628639375838786
30276 1.0451443624070742 654101.5089237426 625848 0.04628639375838786
30976 1.0420766388592178 669224.7437053062 642203 0.04628639375838786
31684 1.0667951074723288 684520.8154558019 641661 0.04628639375838786
32400 1.0445861649623194 699989.7241752298 670112 0.04628639375838787
33124 1.0507643546710999 715631.4698635899 681058 0.04628639375838787
33856 1.0488787032822102 731446.0525208821 697360 0.04628639375838787
34596 1.0242069700879 747433.4721471065 729768 0.04628639375838786
35344 1.0484489099972307 763593.728742263 728308 0.04628639375838786
36100 1.0246097871322577 779926.8223063517 761194 0.04628639375838786
36864 1.0070095207284115 796432.7528393726 790889 0.04628639375838786
37636 1.032555345047558 813111.5203413257 787475 0.04628639375838786
38416 1.0126132375320553 829963.1248122108 819625 0.04628639375838786
39204 1.0060847834890727 846987.5662520281 841865 0.04628639375838786
40000 1.0203962927164456 864184.8446607776 846911 0.04628639375838786
40804 1.0041118293725224 881554.9600384592 877945 0.04628639375838787
41616 0.9921507379463205 899097.912385073 906211 0.04628639375838786
42436 0.9820419072200842 916813.701700619 933579 0.04628639375838786
43264 0.9588067291560809 934702.3279850971 974860 0.04628639375838786
44100 0.9255993028970837 952763.7912385073 1029348 0.04628639375838786
44944 0.9106604612779561 970998.0914608496 1066257 0.04628639375838787
45796 0.9393447299584486 989405.2286521243 1053293 0.04628639375838786
46656 0.9466854279797839 1007985.2028123309 1064752 0.04628639375838787
47524 0.9299245037776794 1026738.0139414698 1104109 0.04628639375838786
48400 0.9075594352223245 1045663.6620395408 1152171 0.04628639375838786
49284 0.9186681832592001 1064762.147106544 1159028 0.04628639375838786
50176 0.9385693053524325 1084033.4691424794 1154985 0.04628639375838786
51076 0.9440736282399209 1103477.628147347 1168847 0.04628639375838786
51984 0.9408288012783023 1123094.6241211465 1193729 0.04628639375838786
52900 0.9386455175464614 1142884.4570638784 1217589 0.04628639375838786
53824 0.9479907185585569 1162847.1269755424 1226644 0.04628639375838786
54756 0.9751121303554788 1182982.6338561384 1213176 0.04628639375838786
55696 0.9771834343757623 1203290.9777056668 1231387 0.04628639375838786
56644 0.9664011663128542 1223772.1585241272 1266319 0.04628639375838786
57600 0.9616225890869412 1244426.1763115197 1294090 0.04628639375838786
58564 0.9853051701961919 1265253.0310678445 1284123 0.04628639375838786
59536 0.9912666397909203 1286252.7227931013 1297585 0.04628639375838786
60516 0.9839564546998859 1307425.2514872905 1328743 0.04628639375838786
61504 0.9959783838757156 1328770.6171504117 1334136 0.04628639375838786
62500 0.997713006642952 1350288.819782465 1353384 0.04628639375838786
63504 1.0165260965665441 1371979.8593834506 1349675 0.04628639375838786
64516 0.9957662587091938 1393843.7359533682 1399770 0.04628639375838786
65536 0.9833336223570455 1415880.449492218 1439878 0.04628639375838786
66564 1 1438090 1438090 0.04628639375838786
67600 0.9992968781913883 1460472.387476714 1461500 0.04628639375838786
68644 0.9974023713404223 1483027.6119223605 1486890 0.04628639375838786
69696 0.9834412006832557 1505755.673336939 1531109 0.04628639375838786
70756 0.9907947334918158 1528656.5717204495 1542859 0.04628639375838786
71824 0.9888973834739352 1551730.3070728923 1569152 0.04628639375838786
72900 0.9690936899040904 1574976.8793942672 1625206 0.04628639375838786
73984 0.9658357112810249 1598396.2886845742 1654936 0.04628639375838786
75076 0.9729360712562621 1621988.5349438135 1667107 0.04628639375838786
76176 0.9685746509560573 1645753.6181719848 1699150 0.04628639375838786
77284 0.9469429859787349 1669691.5383690884 1763244 0.04628639375838786
78400 0.9544758225905402 1693802.2955351241 1774589 0.04628639375838786
79524 0.9668376028522488 1718085.889670092 1777016 0.04628639375838786
80656 0.9554108500093439 1742542.320773992 1823867 0.04628639375838786
81796 0.9367565654570361 1767171.5888468241 1886479 0.04628639375838786
82944 0.9317991495588648 1791973.6938885883 1923133 0.04628639375838786
84100 0.9325509175386555 1816948.6358992849 1948364 0.04628639375838786
85264 0.92207309168086 1842096.4148789134 1997777 0.04628639375838786
86436 0.9061796828290728 1867417.0308274743 2060758 0.04628639375838786
87616 0.902214693280145 1892910.4837449673 2098071 0.04628639375838786
88804 0.8819724747480916 1918576.7736313923 2175325 0.04628639375838786
90000 0.8774626088580171 1944415.9004867496 2215953 0.04628639375838786
91204 0.8978868080361369 1970427.864311039 2194517 0.04628639375838786
92416 0.9043281038373056 1996612.6651042604 2207841 0.04628639375838786
93636 0.896102937234848 2022970.3028664142 2257520 0.04628639375838786
94864 0.8923478329159321 2049500.7775975 2296751 0.04628639375838786
96100 0.8921495077105844 2076204.0892975181 2327193 0.04628639375838786
97344 0.8693528788894485 2103080.237966468 2419133 0.04628639375838787
98596 0.8805512592790627 2130129.223604351 2419086 0.04628639375838786
99856 0.8860980596136325 2157351.046211165 2434664 0.04628639375838787
101124 0.898961693926102 2184745.705786912 2430299 0.04628639375838786
102400 0.900668974608798 2212313.2023315905 2456300 0.04628639375838787
103684 0.89268100202849 2240053.5358452015 2509355 0.04628639375838786
104976 0.9001282369482445 2267966.7063277448 2519604 0.04628639375838786
106276 0.8956067572209445 2296052.71377922 2563684 0.04628639375838786
107584 0.9009647473856055 2324311.5581996273 2579803 0.04628639375838786
108900 0.9178295816764241 2352743.239588967 2563377 0.04628639375838786
110224 0.9258044625528639 2381347.7579472386 2572193 0.04628639375838786
111556 0.9243595262287562 2410125.1132744425 2607346 0.04628639375838786
112896 0.9095535999424894 2439075.3055705787 2681618 0.04628639375838786
114244 0.9200367891341676 2468198.3348356467 2682717 0.04628639375838787
115600 0.9203507626380012 2497494.201069647 2713633 0.04628639375838787
116964 0.940435332407118 2526962.9042725796 2687014 0.04628639375838787
118336 0.9432565517751406 2556604.4444444445 2710402 0.04628639375838786
119716 0.9279201779141397 2586418.8215852412 2787329 0.04628639375838786
121104 0.9403850436190329 2616406.0356949703 2782271 0.04628639375838786
122500 0.9382813436369632 2646566.086773631 2820653 0.04628639375838787
123904 0.9461832154198779 2676898.974821225 2829155 0.04628639375838786
125316 0.9447828527610963 2707404.69983775 2865637 0.04628639375838787
126736 0.9554508459646541 2738083.2618232076 2865750 0.04628639375838786
128164 0.9457726009727776 2768934.660777597 2927696 0.04628639375838787
129600 0.9432631984506402 2799958.896700919 2968375 0.04628639375838787
131044 0.9397875253126748 2831155.9695931734 3012549 0.04628639375838786
132496 0.9472690701175825 2862525.8794543594 3021872 0.04628639375838787
133956 0.9361764169633726 2894068.626284478 3091371 0.04628639375838786
135424 0.9449288716063227 2925784.2100835284 3096301 0.04628639375838787
136900 0.9404433262473816 2957672.6308515114 3144977 0.04628639375838786
138384 0.929734976629677 2989733.888588426 3215684 0.04628639375838786
139876 0.9303664683057156 3021967.9832942733 3248148 0.04628639375838786
141376 0.9415499681469193 3054374.914969052 3243986 0.04628639375838786
142884 0.93734447463083 3086954.6836127634 3293298 0.04628639375838787
144400 0.9161083967231389 3119707.289225407 3405391 0.04628639375838786
145924 0.9111873873873225 3152632.731806983 3459917 0.04628639375838786
147456 0.9150754933114256 3185731.0113574904 3481386 0.04628639375838786
148996 0.9196297622382757 3219002.1278769304 3500324 0.04628639375838786
150544 0.9285314632115025 3252446.0813653027 3502785 0.04628639375838786
152100 0.9158855928106884 3286062.871822607 3587853 0.04628639375838786
153664 0.9121852200878823 3319852.499248843 3639450 0.04628639375838786
155236 0.9022323179056757 3353814.963644012 3717241 0.04628639375838786
156816 0.8897215600735298 3387950.2650081124 3807877 0.04628639375838786
158404 0.8953286063991397 3422258.4033411453 3822349 0.04628639375838786
160000 0.906593949738626 3456739.3786431104 3812886 0.04628639375838786
161604 0.9087301908623446 3491393.1909140074 3842057 0.04628639375838786
163216 0.9017703979341479 3526219.8401538366 3910330 0.04628639375838787
164836 0.8899811009651735 3561219.326362598 4001455 0.04628639375838786
166464 0.8967046077868898 3596391.649540292 4010676 0.04628639375838786
168100 0.8857261687608465 3631736.809686918 4100293 0.04628639375838786
169744 0.8889336317414946 3667254.806802476 4125454 0.04628639375838786
171396 0.8862497731418496 3702945.6408869657 4178219 0.04628639375838786
173056 0.8716335399359514 3738809.3119403883 4289428 0.04628639375838786
174724 0.8604231403246179 3774845.8199627427 4387197 0.04628639375838786
176400 0.8580297941983142 3811055.164954029 4441635 0.04628639375838786
178084 0.8493192304488932 3847437.3469142476 4530025 0.04628639375838787
179776 0.8455172078205268 3883992.3658433985 4593629 0.04628639375838787
181476 0.8535856249801843 3920720.2217414817 4593236 0.04628639375838786
183184 0.859687796696401 3957620.914608497 4603556 0.04628639375838786
184900 0.8644120508569466 3994694.4444444445 4621285 0.04628639375838786
186624 0.860135629348063 4031940.8112493237 4687564 0.04628639375838787
188356 0.858664040968965 4069360.0150231356 4739176 0.04628639375838786
190096 0.847491278035869 4106952.0557658793 4846011 0.04628639375838786
191844 0.8467550484915404 4144716.9334775554 4894824 0.04628639375838786
193600 0.837198009005208 4182654.6481581633 4996016 0.04628639375838786
195364 0.8332422328674808 4220765.1998077035 5065472 0.04628639375838787
197136 0.8359525340665274 4259048.588426176 5094845 0.04628639375838786
198916 0.8455359224011542 4297504.814013581 5082581 0.04628639375838786
200704 0.8466988991828548 4336133.876569917 5121223 0.04628639375838786
202500 0.8544809788951206 4374935.776095186 5119992 0.04628639375838786
204304 0.8532850618710689 4413910.512589388 5172844 0.04628639375838786
206116 0.8482453258163462 4453058.086052521 5249729 0.04628639375838786
207936 0.8477519852151425 4492378.496484586 5299166 0.04628639375838786
209764 0.8560507222302345 4531871.743885583 5293929 0.04628639375838787
211600 0.8466862879175382 4571537.828255514 5399329 0.04628639375838786
213444 0.8528439586914687 4611376.7495943755 5407058 0.04628639375838786
215296 0.8543596452475911 4651388.50790217 5444298 0.04628639375838786
217156 0.8664559618922104 4691573.103178895 5414670 0.04628639375838787
219024 0.8759050090811792 4731930.535424554 5402333 0.04628639375838786
220900 0.8798560812131151 4772460.804639144 5424138 0.04628639375838787
222784 0.8797943385476388 4813163.910822667 5470783 0.04628639375838786
224676 0.87296155151638 4854039.853975122 5560428 0.04628639375838786
226576 0.8557818836085175 4895088.634096509 5720019 0.04628639375838786
228484 0.8758994885442577 4936310.251186827 5635704 0.04628639375838787
230400 0.8686079592532877 4977704.705246079 5730669 0.04628639375838786
232324 0.8797159255663357 5019271.996274263 5705560 0.04628639375838786
234256 0.8886901367872546 5061012.124271378 5694912 0.04628639375838786
236196 0.8951661527213811 5102925.0892374255 5700534 0.04628639375838786
238144 0.8938519431939452 5145010.891172405 5755999 0.04628639375838786
240100 0.8747369188898311 5187269.5300763175 5930091 0.04628639375838786
242064 0.8753299841174867 5229701.005949162 5974548 0.04628639375838786
244036 0.8815204944640538 5272305.318790938 5980922 0.04628639375838786
246016 0.8957030964054209 5315082.468601647 5933978 0.04628639375838786
248004 0.8868792905308726 5358032.455381287 6041445 0.04628639375838786
250000 0.8835531785455474 5401155.27912986 6112994 0.04628639375838786
252004 0.9002683119477843 5444450.939847365 6047587 0.04628639375838786
254016 0.9140619938226294 5487919.437533802 6003881 0.04628639375838786
256036 0.8954115694983534 5531560.772189171 6177674 0.04628639375838786
258064 0.8979054271734893 5575374.943813473 6209312 0.04628639375838786
260100 0.8714757562510604 5619361.952406706 6448099 0.04628639375838786
262144 0.8777932110925096 5663521.797968872 6452000 0.04628639375838786
