4 0.2426540616757043 54.11185575368206 223 0.07392095399958296
16 0.5384264254097717 432.89484602945646 804 0.03696047699979148
36 0.6229065124736783 1258.894061709304 2021 0.028596528568194085
64 0.6610763746950212 2597.3690761767384 3929 0.02464031799986099
100 0.7512357651899398 4493.89234736622 5982 0.02225242446197181
144 0.7857339169632956 6983.603053969771 8888 0.02061972865398534
196 0.7950798595673918 10095.128976927173 12697 0.019415304197496232
256 0.8247088809277018 13852.635072942607 16797 0.01848023849989574
324 0.8714968908410846 18277.032794719227 20972 0.017727166309709372
400 0.9034518645149148 23386.754964833082 25886 0.01710369825148826
484 0.8951860250612979 29198.28257942435 32617 0.016576317414677962
576 0.883860355864756 35726.5194444093 40421 0.01612247733497409
676 0.895000170841404 42985.06820517095 48028 0.01572639123831097
784 0.9088491913623952 50986.43963543037 56100 0.015376637506087013
900 0.9315362625239755 59742.21512445012 64133 0.015064724301320151
1024 0.9407050939808097 69263.17536471304 73629 0.01478419079991659
1156 0.9213062823900092 79559.40401578925 86355 0.014530023374365422
1296 0.9244678257457714 90640.3724430699 98046 0.014298264284097043
1444 0.9254930113153542 102515.00987737915 110768 0.014085742192555076
1600 0.9381124199721899 115191.76216080517 122791 0.013889882140759641
1764 0.9264788064563803 128678.64142872665 138890 0.013708568729155069
1936 0.937847345860064 142983.2685024795 152459 0.013540045770924781
2116 0.9320551839665956 158112.9093529093 169639 0.013382841468542399
2304 0.9514815808153989 174074.50669175806 182951 0.013235711786791397
2500 0.9489738762554054 190874.70752225973 201138 0.013097597017710955
2704 0.9524674424699345 208519.8873101729 218926 0.012967588055415575
2916 0.9531326074359724 227016.17130649247 238179 0.012844899917121476
3136 0.9438177005099249 246369.45345260823 261035 0.01272885074043176
3364 0.9396902068072598 266585.41322018555 283695 0.0126188449674158
3600 0.9593269349513259 287669.5306761143 299866 0.01251435976392377
3844 0.9640868599038079 309627.10001356684 321161 0.012414933963569625
4096 0.9539369435368218 332463.2417506225 348517 0.012320158999930495
4356 0.9516686093693495 356182.91376588517 374272 0.012229671417824235
4624 0.9634544544749666 380790.9213144134 395235 0.01214314664866191
4900 0.9491493605924969 406291.9261458636 428059 0.012060293805200652
5184 0.9562093206035976 432690.45482905157 452506 0.011980851304076277
5476 0.9656432179488219 459990.906372447 476357 0.011904583164881468
5776 0.9672239014025679 488197.5592178335 504741 0.011831275865561531
6084 0.9879900949269972 517314.57767406054 523603 0.011760735657894582
6400 0.9690507320809946 547346.0178491119 564827 0.011692786265532495
6724 0.9832270979057367 578295.833131336 588161 0.011627266901770881
7056 0.9760968137838169 610167.8792644017 625110 0.011564030555830766
7396 0.9546012124748626 642965.9190551689 673544 0.011502942505674855
7744 0.9769364974454561 676693.6267490466 692669 0.011443879022776552
8100 0.9722235629654552 711354.5921034383 731678 0.011386726240212667
8464 0.9694812284856549 746952.3241864286 770466 0.01133137916026821
8836 0.9745206690816012 783490.2549248803 803975 0.011277740781660621
9216 0.9722315227298213 820971.7424235157 844420 0.011225721329694356
9604 0.973534316769362 859400.0740742723 882763 0.011175237575287886
10000 0.9678375500171691 898778.469473244 928646 0.011126212230985906
10404 0.97197247245445 939110.083160765 966190 0.011078573413867768
10816 0.9698758243799498 980398.0071986478 1010849 0.011032254166759507
11236 0.9877986988962708 1022645.2735972345 1035277 0.0109871920304061
11664 0.9935752387130485 1065854.8566037067 1072747 0.010943328660308171
12100 0.9809806847963841 1110029.6748620332 1131551 0.010900609482808576
12544 0.9868639360282906 1155172.5934539796 1170549 0.010858983385758221
12996 0.9717274714332987 1201286.4258297584 1236238 0.010818402439720685
13456 0.9746388246285917 1248373.9356361288 1280858 0.010778821646210742
13924 0.9710155657918704 1296437.8384490947 1335136 0.010740198709918118
14400 0.9709082746794714 1345480.8034177127 1385796 0.01070249383225829
14884 0.9855062677565227 1395505.454825001 1416029 0.010665669523926355
15376 0.988910755243719 1446514.3735714213 1462735 0.010629690434417804
15876 0.9888355697205075 1498510.0985859788 1515429 0.01059452319672779
16384 0.9768822456018577 1551495.128169572 1588211 0.01056013628565471
16900 0.961171075443735 1605471.9212748585 1670329 0.010526499888319567
17424 0.9960802690898433 1660442.8987265797 1666977 0.010493585785673656
17956 0.9761294713702922 1716410.4443859798 1758384 0.010461367243907381
18496 0.9754768431315995 1773376.9062626795 1817959 0.010429818914795488
19044 0.9747074020058512 1831344.5975771255 1878866 0.010398916744120834
19600 0.9761103583515766 1890315.797776496 1936580 0.010368637887412626
20164 0.9748812090645091 1950292.7535067494 2000544 0.010338960632317306
20736 0.9882651386344533 2011277.679543294 2035160 0.01030986432699267
21316 0.9817636461317102 2073272.7596826074 2111784 0.010281329313979517
21904 0.9986616825508865 2136280.147596951 2139143 0.010253336869061517
22500 0.9955712064459775 2200301.9676541905 2210090 0.010225869144673784
23104 0.9854618645289642 2265340.315704602 2298760 0.010198909117464688
23716 0.9812554730442317 2331397.2598364004 2375933 0.010172440539654836
24336 0.9771327122293176 2398474.841101644 2454605 0.010146447893871684
24964 0.9794129316746873 2466575.0742140296 2518422 0.010120916351169542
25600 0.9841546129245398 2535699.9482200127 2576526 0.010095831731972251
26244 0.9894854257667456 2605851.4271446066 2633542 0.010071180469700524
26896 0.9827957514547565 2677031.4506131024 2723894 0.010046949576868136
27556 0.9995611387267698 2749241.934449905 2750449 0.010023126613450872
28224 0.9829407137304543 2822484.7712555877 2871470 0.009999699657349967
28900 0.9916392939725542 2896761.830963216 2921185 0.00997665727678769
29584 0.9850359059648875 2972074.9613749078 3017225 0.009953988504487176
30276 0.9953420026171668 3048425.9886795757 3062692 0.009931682813501415
30976 0.9804026278440947 3125816.7179526994 3188299 0.009909730094568116
31684 0.9895949071443492 3204248.933638974 3237940 0.009888120634877573
32400 0.9887287506401616 3283724.400018578 3321158 0.009866845098150348
33124 0.988681787437669 3364244.8616578276 3402758 0.009845894505929988
33856 0.9910738217255113 3445812.0438448787 3476847 0.009825260220004068
34596 0.9933569291792925 3528427.6530111474 3552024 0.009804933925873725
35344 1.0072514589401034 3612093.377139056 3586089 0.009784907617198444
36100 0.9964162451801803 3696810.8861567033 3710107 0.009765173581148603
36864 0.9927353636889004 3782581.832319997 3810262 0.009745724384603716
37636 1.0062037535278505 3869407.850582779 3845551 0.009726552861139093
38416 0.9986114740173031 3957290.5589554505 3962793 0.00970765209874812
39204 0.9811969575547627 4046231.5588525613 4123771 0.009689015428251355
40000 0.9932244182675298 4136232.435429796 4164449 0.00967063641234746
40804 0.9903202205471904 4227294.757910824 4268614 0.009652508835264136
41616 0.9870749134832353 4319420.079904368 4375980 0.00963462669297064
42436 1.002026698029472 4412609.939711916 4403685 0.009616984183915992
43264 0.9944036071925777 4506865.860626416 4532230 0.00959957570025984
44100 0.9970990316106222 4602189.351222324 4615579 0.009582395819565138
44944 1.003340403459731 4698581.90563731 4682939 0.009565439296924175
45796 1.0007008604039491 4796045.003845961 4792686 0.009548701057491343
46656 0.992764290019495 4894580.111925775 4930254 0.009532176189398027
47524 0.9845860503022305 4994188.682315726 5072374 0.009515859937026624
48400 1.0035512530262773 5094872.154067685 5076843 0.009499747694622331
49284 0.9984360415962398 5196631.953090944 5204772 0.009483835000222787
50176 1.0145098024647603 5299469.492390106 5223675 0.009468117529886976
51076 1.0088636936964024 5403386.17229658 5355913 0.00945259109220605
51984 0.9915830004483926 5508383.380693885 5555141 0.009437251623079953
52900 0.9957538504223922 5614462.493237018 5638404 0.009422095180744633
53824 1.0011469454557969 5721624.87356606 5715070 0.009407117941035804
54756 0.9887782017467743 5829871.873514244 5896036 0.009392316192875968
55696 1.0055496900004584 5939204.833310647 5906426 0.009377686333972386
56644 0.9938711448803565 6049625.081777734 6086931 0.009363224866714332
57600 0.9885425478049445 6161133.936523872 6232543 0.009348928394258877
58564 0.9971789955546292 6273732.704131034 6291481 0.009334793616794934
59536 0.9927638382988148 6387422.680337808 6433980 0.00932081732797607
60516 0.9963040691221843 6502205.150217908 6526326 0.009306996411513089
61504 0.9979750295715909 6618081.3883543005 6631510 0.009293327837917996
62500 0.9987354875317113 6735052.659009097 6743580 0.00927980866139143
63504 0.984474113768242 6853120.216289372 6961199 0.009266436016846104
64516 1.0048443425930769 6972285.304308989 6938672 0.009253207117059313
65536 0.9991809600814462 7092549.157346615 7098363 0.00924011924994787
66564 1 7213913 7213913 0.009227169775959316
67600 1.005484521302696 7336378.04733666 7296361 0.009214356125573567
68644 1.01297617085707 7459945.505041072 7364384 0.009201675796909467
69696 0.9900733852546765 7584616.569558475 7660661 0.009189126353431104
70756 1.007775873196017 7710392.428235406 7650900 0.009176705421748962
71824 1.0102979571421564 7837274.259457035 7757389 0.009164410689511324
72900 1.0139567821450506 7965263.232781431 7855624 0.009152239903381534
73984 1.0119302828178942 8094360.509070822 7998931 0.00914019086709703
75076 1.006245933894294 8224567.240619954 8173516 0.009128261439606261
76176 0.9950946694273449 8355884.571281622 8397075 0.009116449533279773
77284 0.9974161480019544 8488313.636589477 8510303 0.00910475311219202
78400 1.0030287466291063 8621855.563878153 8595821 0.009093170190470611
79524 1.0013360437050132 8756511.472400824 8744828 0.009081698830709856
80656 1.0116350804429395 8892282.473444242 8790010 0.009070337142445675
81796 0.98539771170716 9029169.670441356 9162970 0.009059083280689056
82944 1.0000559810253187 9167174.159081528 9166661 0.009047935444515464
84100 1.0028270314808743 9306297.027418464 9280062 0.009036891875707631
85264 0.9983602247055123 9446539.355975917 9462055 0.009025950857449365
86436 1.0148386437573262 9587902.217851173 9447711 0.009015110713068151
87616 1.0107112100263194 9730386.678816454 9627267 0.009004369804824353
88804 1.007801000862995 9873993.797418248 9797563 0.008993726532744994
90000 1.0177226790556089 10018724.62507461 9844258 0.008983179333500223
91204 1.0213330475194746 10164580.206170548 9952268 0.008972726679320545
92416 1.0240776308231352 10311561.578151478 10069121 0.008962367076953163
93636 1.016396842191911 10459669.771614844 10290931 0.008952099066655691
94864 1.00167004497499 10608905.810399923 10591218 0.008941921221225727
96100 1.0076826693034182 10759270.7116759 10677241 0.008931832145064706
97344 1.0042419559998172 10910765.486028183 10864678 0.008921830473274692
98596 1.0048520693101908 11063391.137543121 11009970 0.00891191487078667
99856 1.0101381389850463 11217148.663891038 11104569 0.00890208403151908
101124 0.9996302871824324 11372039.05640771 11376245 0.008892336677565355
102400 1.0132258559416882 11528063.300174313 11377585 0.008882671558409263
103684 1.010526255289776 11685222.374095837 11563502 0.008873087450166964
104976 1.0127115054306826 11843517.25097806 11694858 0.008863583154854684
106276 1.0028959776625612 12002948.897603076 11968289 0.008854157499680994
107584 0.9996582153523177 12163518.274803443 12167677 0.008844809336362716
108900 1.0079907737240033 12325226.33753495 12227519 0.008835537540463541
110224 1.0192088083463045 12488074.03494808 12252714 0.008826341010754446
111556 1.0173520969321554 12652062.310458167 12436267 0.008817218668595084
112896 1.0104922720861842 12817192.101814274 12684107 0.008808169457335322
114244 1.0154464141168884 12983464.34116687 12785967 0.008799192341736156
115600 1.0109634886818313 13150879.955134274 13008264 0.008790286307409282
116964 1.005104505447257 13319439.864867937 13251796 0.008781450360274569
118336 0.9994549688187007 13489144.986116562 13496501 0.008772683526034823
119716 1.006253226809623 13659996.229289126 13575108 0.008763984849667129
121104 1.0108510503600743 13831994.499516781 13683514 0.008755353394930193
122500 1.0080419197786414 14005140.696713693 13893411 0.008746788243887091
123904 1.0054513312859168 14179435.715636855 14102558 0.008738288496442821
125316 1.0127124832717505 14354880.445944833 14174685 0.008729853269896164
126736 1.0166141659825605 14531475.772255559 14293993 0.008721481698505298
128164 1.011587002160146 14709222.57420312 14540739 0.008713172933066678
129600 1.0214602128098085 14888121.726493612 14575332 0.008704926140506702
131044 1.0188241681773411 15068174.098960027 14789769 0.008696740503485713
132496 1.0213285201879827 15249380.556616275 14930926 0.008688615220013888
133956 1.0150935168375514 15431741.959710272 15202286 0.008680549503078588
135424 1.0220077294163876 15615259.163776176 15279003 0.008672542580282796
136900 1.0200448059605578 15799933.019685762 15489450 0.008664593693494198
138384 1.002565867259161 15985764.37369897 15944852 0.008656702098504603
139876 1.017904071830115 16172754.067513628 15888289 0.008648867064699283
141376 1.0195789445082633 16360902.938314361 16046725 0.008641087874735949
142884 1.0155065446761793 16550211.818820763 16297494 0.008633363824232963
144400 1.0014451292227222 16740681.537334738 16716524 0.00862569422146655
145924 1.0126851190482393 16932312.917787157 16720215 0.008618078387076634
147456 1.0222424714047715 17125106.779783722 16752490 0.008610515653781067
148996 1.0194861252418197 17319063.938650165 16988033 0.0086030053660979
150544 1.0116069730414095 17514185.205476694 17313231 0.008595546880075518
152100 1.013977249221175 17710471.387161776 17466340 0.00858813956303029
153664 1.0197735023951657 17907923.286455255 17560687 0.008580782793291532
155236 0.9990763649253565 18106541.70200078 18123281 0.008573475959953544
156816 1.012179746349041 18306327.428377595 18086044 0.008566218462634473
158404 1.0229242341279592 18507281.256141722 18092524 0.008559009711241782
160000 1.0158877731251317 18709403.97186647 18416802 0.008551849125744129
161604 1.016034420454202 18912696.358182378 18614228 0.008544736135949423
163216 1.036202399632058 19117159.193816543 18449252 0.008537670181288877
164836 1.0116115513334278 19322793.253631357 19101001 0.008530650710606871
166464 1.007159244615208 19529599.308662705 19390776 0.00852367718195641
168100 1.016149080573805 19737578.12615753 19423900 0.008516749062400056
169744 1.0089933224353087 19946730.469610915 19768942 0.008509865827816094
171396 1.0208160447702608 20157057.0988026 19746023 0.008503026962709825
173056 1.0214926206521289 20368558.76983297 19939996 0.008496231960029793
174724 1.0179391973244387 20581236.23515848 20218532 0.008489480320988823
176400 1.0022069780786635 20795090.24362668 20749297 0.008482771554889666
178084 1.0193099433139157 21010121.54051059 20612103 0.008476105178955199
179776 1.0116302719869823 21226330.86754273 20982301 0.008469480718162942
181476 1.0138056458873128 21443718.96294855 21151706 0.008462897705083836
183184 1.0155249004695845 21662286.561479464 21331123 0.00845635567972512
184900 1.0279540582228002 21882034.394445408 21286977 0.008449854189377177
186624 1.0114646822718354 22102963.189746886 21852432 0.008443392788464267
188356 1.0139558778683686 22325073.671906654 22017796 0.00843697103839898
190096 1.01599666612255 22548366.562100895 22193347 0.008430588507440346
191844 1.0243765140815075 22772842.578190006 22230930 0.008424244770555466
193600 1.022663950475872 22998502.43474895 22488817 0.008417939409284555
195364 1.0126235689944831 23225346.843097202 22935815 0.008411672011609337
197136 1.0035582683811497 23453376.511328243 23370219 0.008405442171824646
198916 1.0162805142305205 23682592.144338723 23303204 0.008399249490413171
200704 1.008587119557825 23912994.443857178 23709399 0.008393093573923247
202500 1.0176942805722673 24144584.108472403 23724791 0.008386974034849587
204304 1.0130839040475539 24377361.833661385 24062530 0.008380890491516912
206116 1.0148900504459706 24611328.311816946 24250241 0.008374842567966351
207936 1.0094873233020225 24846484.23227495 24612973 0.008368829893844555
209764 1.031175108981273 25082830.281341176 24324511 0.008362852104295462
211600 1.0102543778179227 25320367.142317854 25063358 0.008356908839854599
213444 1.02403972226907 25559095.495529834 24959086 0.00835099974634589
215296 1.025706049358 25799016.018350426 25152446 0.008345124474780875
217156 1.019543118735851 26040129.38522688 25540979 0.008339282681260302
219024 1.0266401817416544 26282436.26770559 25600436 0.008333474026877966
220900 1.0120202906029232 26525937.334456895 26210875 0.008327698177626823
222784 1.0243638725050965 26770633.251299664 26133910 0.008321954804307226
224676 1.0248286503245077 27016524.681225467 26361992 0.008316243582437292
226576 1.01862629671479 27263612.284422502 26765078 0.008310564192165313
228484 1.0272989791159106 27511896.718299214 26780808 0.008304916318184146
230400 1.0108342371891255 27761378.63750758 27463829 0.008299299649647563
232324 1.0208936421064663 28012058.69396615 27438763 0.008293713880088472
234256 1.0182437496211039 28263937.536882777 27757536 0.00828815870733898
236196 1.0215010434147924 28517015.812777035 27916776 0.008282633833452254
238144 1.0195246728933818 28771294.165502448 28220302 0.008277138964626105
240100 1.0094485651132563 29026773.23626833 28755079 0.00827167381112828
242064 1.0244102609335888 29283453.663661458 28585670 0.0082662380872234
244036 1.0229716023830144 29541336.083667405 28877963 0.008260831511101518
246016 1.0116698930341117 29800421.129691664 29456665 0.008255453804808209
248004 1.015489924239365 30060709.432580497 29602174 0.008250104694176228
250000 1.0108288384876978 30322201.62064152 29997365 0.00824478390875863
252004 1.011422994033794 30584898.319664076 30239473 0.008239491181763321
254016 1.0165516584998084 30848800.152939312 30346515 0.008234226249989079
256036 1.021576081156343 31113907.74128007 30456770 0.00822898885376287
258064 1.0255775770923965 31380221.703040507 30597609 0.008223778736878571
260100 1.015554581420812 31647742.654135488 31163015 0.008218595646536962
262144 1.017956875895129 31916471.208059765 31353461 0.008213439333286996
