4 0.0000221927626149598 0.005193106451900593 234 770.2518785333324
16 0.0001499814137733023 0.08308970323040948 554 192.5629696333331
36 0.0005477104460988907 0.420641622603948 768 85.58354205925916
64 0.0011540236559779095 1.3294352516865517 1152 48.140742408333274
100 0.0016163802452379833 3.2456915324378706 2008 30.810075141333293
144 0.0029872463211998083 6.730265961663168 2253 21.39588551481479
196 0.003992522763693027 12.468648591013324 3123 15.719426092516986
256 0.005806978986345844 21.270964026984828 3663 12.035185602083319
324 0.006390092166339045 34.07197143091979 5332 9.509282451028795
400 0.008179408492519441 51.93106451900593 6349 7.702518785333323
484 0.010494447420604082 76.03227156227658 7245 6.3657180044077055
576 0.012313808506187615 107.68425538661069 8745 5.348971378703697
676 0.013000290417454013 148.32031337273284 11409 4.557703423274155
784 0.015235862032703008 199.49837745621318 13094 3.9298565231292466
900 0.01766095755256399 262.90101412746753 14886 3.4233416823703657
1024 0.021586669062016825 340.33542443175725 15766 3.0087964005208296
1156 0.023618680242277795 433.7334439691894 18364 2.6652314136101465
1296 0.025917635394823457 545.1515428947166 21034 2.377320612757199
1444 0.026546278572139998 676.7708259181371 25494 2.1336617133887326
1600 0.029573499156609298 830.8970323040949 28096 1.9256296963333308
1764 0.03369005723771029 1009.9605358720792 29978 1.746602899168554
1936 0.03884151803947718 1216.5163449964252 31320 1.5914295011019264
2116 0.04202921313608219 1453.2441026063138 34577 1.456052700441082
2304 0.04476352523215825 1722.948086185771 38490 1.3372428446759244
2500 0.04769821081552985 2028.557207773669 42529 1.2324030056533317
2704 0.048681484655036626 2373.1250139637255 48748 1.1394258558185388
2916 0.05187747299581765 2759.829685904503 53199 1.0565869390031994
3136 0.05482889945032226 3191.974039299411 58217 0.9824641307823117
3364 0.05936234160401304 3672.985524406703 61874 0.9158761932619885
3600 0.06538911262478013 4206.4162260394805 64329 0.8558354205925914
3844 0.07097739919440119 4795.942863565688 67570 0.8015107997225102
4096 0.07494724167182498 5445.366790908116 72656 0.7521991001302074
4356 0.07855475192980016 6158.613996544403 78399 0.7073020004897451
4624 0.08342632120969214 6939.7351035070305 83184 0.6663078534025366
4900 0.08752041609352239 7792.905369383327 89041 0.6287770437006795
5184 0.09120917575174856 8722.424686315466 95631 0.5943301531892997
5476 0.08867110275870034 9732.717581000466 109762 0.5626383334794247
5776 0.09326087103980943 10828.333214690194 116108 0.5334154283471831
6084 0.09569890936833463 12013.94538319136 125539 0.5064114914749062
6400 0.10322183111686506 13294.352516865518 128794 0.4814074240833327
6724 0.1070723351766415 14674.47768062907 137052 0.45821051667658086
7056 0.11865486367340196 16159.368573953267 136188 0.4366507247921385
7396 0.12674508153217637 17754.1975308642 140078 0.4165775438254907
7744 0.13546104099786904 19464.261519942804 143689 0.3978573752754816
8100 0.14249472808761054 21294.98214432487 149444 0.3803712980411518
8464 0.15015857798049081 23251.90564170102 154849 0.3640131751102705
8836 0.15591688079098695 25340.702884316735 162527 0.3486880391730794
9216 0.15783332977769574 27567.169378972336 174660 0.3343107111689811
9604 0.16369605303403265 29937.22526702299 182883 0.3208046141329997
10000 0.17163163549071803 32456.915324378704 189108 0.30810075141333293
10404 0.17291443444420332 35132.40896150434 203178 0.29613682373446076
10816 0.17400828669626964 37970.00022341961 218208 0.2848564639546347
11236 0.17384561903785697 40976.10778969904 235704 0.2742085719235786
11664 0.18591754020661044 44157.27497447205 237510 0.26414673475079986
12100 0.18575554675504694 47520.169726422864 255821 0.2546287201763082
12544 0.1955274891128625 51071.58462879057 261199 0.2456160326955779
12996 0.20433749412678495 54818.43689936911 268274 0.23707352370985915
13456 0.21221393504608524 58767.76839050725 276927 0.22896904831549714
13924 0.22744826066676047 62926.74558910862 276664 0.22127316246289352
14400 0.23251189155159 67302.65961663169 289459 0.21395885514814786
14884 0.24949141294904809 71902.92622908976 288198 0.20700131108125028
15376 0.25700955496736433 76735.085817051 298569 0.20037769993062754
15876 0.27181500641482703 81806.80340563842 300965 0.194066988796506
16384 0.2704151507156576 87125.86865452986 322193 0.18804977503255185
16900 0.2842875372469801 92700.19585795802 326079 0.18230813693096623
17424 0.2863322967667344 98537.82394471044 344138 0.17682550012243628
17956 0.2988716412810005 104646.91647812953 350140 0.1715865178287664
18496 0.30057350893474916 111035.76165611249 369413 0.16657696335063416
19044 0.30917813323714416 117712.77231111142 380728 0.16178363338234245
19600 0.31186279028676783 124686.48591013323 399812 0.1571942609251699
20164 0.3231123954623665 131965.5645547397 408420 0.1527974367255172
20736 0.3273860847538659 139558.79498104745 426282 0.14858253829732493
21316 0.33183272031728106 147475.08855972794 444426 0.1445396657033838
21904 0.32992822186818305 155723.48129600746 471992 0.14065958336985618
22500 0.3280141931748701 164313.1338296672 500933 0.13693366729481463
23104 0.34750887847560985 173253.3314350431 498558 0.13335385708679579
23716 0.3505513738951766 182553.48402102606 520761 0.12991261233485113
24336 0.35491649042572254 192223.12613106176 541601 0.12660287286872654
24964 0.36673293483857466 202271.9169431507 551551 0.12341802251775875
25600 0.3870058535300144 212709.64026984829 549629 0.12035185602083318
26244 0.3922413752075111 223546.20455826473 569920 0.11739854877813327
26896 0.4002380425311783 234791.64289006512 586630 0.11455262916914521
27556 0.42418420442515714 246456.1129814694 581012 0.11180895319107742
28224 0.4309861714031306 258549.89718325227 599903 0.10916268119803463
28900 0.44210586805608837 271083.40248074336 613164 0.10660925654440587
29584 0.4676664688232856 284067.1604938272 607414 0.10414438595637268
30276 0.4753739366059218 297511.82747694297 625848 0.10176402147355428
30976 0.48493729291062926 311428.18431908486 642203 0.0994643438188704
31684 0.5077870348109078 325827.1365438019 641661 0.09724174706897264
32400 0.508451892085499 340719.7143091979 670112 0.09509282451028794
33124 0.5228880248201057 356117.0724079315 681058 0.0930143555770236
33856 0.5334841262292307 372030.49026721634 697360 0.09100329377756762
34596 0.5323217405378431 388471.37194882066 729768 0.08905675552472336
35344 0.5567029967391101 405451.24614906777 728308 0.08717200979326985
36100 0.5556819499350175 422981.76619883574 761194 0.0853464685355493
36864 0.5576948346273085 441074.7100635574 790889 0.08357767779224527
37636 0.5838178740191379 459741.9803432206 787475 0.08186330944131495
38416 0.5844082406861282 478995.60427236784 819625 0.08020115353324993
39204 0.5925507459273122 498847.73372009664 841865 0.07858911116552722
40000 0.6131820760269489 519310.64519005927 846911 0.07702518785333323
40804 0.6155245941607537 540396.7398204629 877945 0.07550748735744853
41616 0.6202954316203064 562118.5433840695 906211 0.07403420593361519
42436 0.6260731082085135 584488.7062881958 933579 0.07260362697081087
43264 0.6231869228142644 607520.0035747137 974860 0.07121411598865868
44100 0.6132283104645363 631225.3349200495 1029348 0.06986411596674216
44944 0.614877768338388 655617.7246351846 1066257 0.06855214298089465
45796 0.6462687226305077 680710.3216656554 1053293 0.06727678212362061
46656 0.6635501972210927 706516.3995915528 1064752 0.06603668368769997
47524 0.6639284315475398 733049.3566275226 1104109 0.06483055959374905
48400 0.6599044027516452 760322.7156227658 1152171 0.06365718004407706
49284 0.6801821216234964 788350.1240610378 1159028 0.06251537038660274
50176 0.7074943432690893 817145.3540606492 1154985 0.06140400817389448
51076 0.724408158103212 846722.302374465 1168847 0.06032202040358152
51984 0.7347521844488203 877094.9903899058 1193729 0.05926838092746479
52900 0.7459640027373327 908277.5641289462 1217589 0.058242108017643276
53824 0.7665502739573307 940284.294248116 1226644 0.057242262078874284
54756 0.8021338833264918 973129.5760385001 1213176 0.05626794349721181
55696 0.8176372898412424 1006827.9294257379 1231387 0.05531829061572338
56644 0.8223788784421807 1041393.9989700238 1266319 0.0543924778287785
57600 0.8321233869870774 1076842.553866107 1294090 0.053489713787036965
58564 0.8668861845347303 1113188.4879432914 1284123 0.052609239705848805
59536 0.886606133444388 1150446.8196654362 1297585 0.05175032777031257
60516 0.894554245727695 1188632.6921309547 1328743 0.0509122796307312
61504 0.9202670290531221 1227761.373072816 1334136 0.050094424982656885
62500 0.9367986135927003 1267848.2548585432 1353384 0.04929612022613327
63504 0.9697955837443938 1308908.8544902147 1349675 0.0485167471991265
64516 0.965129138075872 1350958.8136044634 1399770 0.04775571198049057
65536 0.9681472308573905 1394013.8984724777 1439878 0.04701244375813796
66564 1 1438090 1438090 0.04628639375838786
67600 1.0148499033372071 1483203.1337273284 1461500 0.04557703423274156
68644 1.028569322430923 1529369.4398293148 1486890 0.044883857498591716
69696 1.0297145292172976 1576605.183115367 1531109 0.04420637503060907
70756 1.0531919981213107 1624926.7530294473 1542859 0.04354411659977005
71824 1.0670417293226357 1674350.6636500724 1569152 0.0428966294571916
72900 1.06133841106316 1724893.5536903143 1625206 0.04226347756012798
73984 1.0734990274535086 1776572.1864977998 1654936 0.04164424083765854
75076 1.0973521495949032 1829403.4500547105 1667107 0.04103851449375739
76176 1.1084391354370025 1883404.3569777827 1699150 0.04044590834558561
77284 1.0994462731864154 1938592.0445183078 1763244 0.039866046194986404
78400 1.1241948274006723 1994983.7745621316 1774589 0.03929856523129247
79524 1.1550807272583115 2052596.9336296557 1777016 0.03874311546367549
80656 1.1576770854869547 2111449.0328758354 1823867 0.0381993591813793
81796 1.1511168203251567 2171557.7080901815 1886479 0.03766697044028228
82944 1.1610953167028797 2232940.7196967592 1923133 0.03714563457433123
84100 1.1782274527522523 2295615.9527541893 1948364 0.03663504773047954
85264 1.1811135161510253 2359601.416955647 1997777 0.03613491642584595
86436 1.17671033989865 2424915.2466288623 2060758 0.03564495712588885
87616 1.1875554739263445 2491575.7007361194 2098071 0.035164895842464045
88804 1.1766522992537938 2559601.162874259 2175325 0.034694467750701875
90000 1.186401580392127 2629010.1412746753 2215953 0.034233416823703657
91204 1.2302576233418638 2699821.268803317 2194517 0.03378149548411615
92416 1.2555493366418549 2772053.3029606896 2207841 0.033338464271698946
93636 1.2605536721188968 2845725.1258818517 2257520 0.03290409152605119
94864 1.2717337422891801 2920855.744336417 2296751 0.03247815308371278
96100 1.2880170616397326 2997464.2897285544 2327193 0.03206043198890041
97344 1.2713521819994966 3075570.018096988 2419133 0.031650718217181635
98596 1.3042910876731937 3155192.3101149956 2419086 0.031248808411429768
99856 1.3292802091337494 3236350.671090411 2434664 0.03085450562943969
101124 1.3657022164620989 3319064.7309656222 2430299 0.030467619102619848
102400 1.385561309415614 3403354.2443175726 2456300 0.030087964005208294
103684 1.3904924135316683 3489239.0903577595 2509355 0.02971536123349147
104976 1.4195640556739215 3576739.2729322356 2519604 0.029349637194533318
106276 1.429924639901645 3665874.920521609 2563684 0.02899062360394943
107584 1.4561833931664712 3756666.286241042 2579803 0.028638157292286304
108900 1.5015870657496935 3849133.747840252 2563377 0.028292080019589803
110224 1.5330489616072784 3943297.8077035104 2572193 0.027952238297769355
111556 1.549153465957201 4039179.0928496444 2607346 0.027618483220385542
112896 1.5426501294860178 4136798.3549320363 2681618 0.027290670299508657
114244 1.5790619995469601 4236176.470238622 2682717 0.026968659309314535
115600 1.5983496809229154 4337334.439691894 2713633 0.026652314136101467
116964 1.6525010248732972 4440293.388848898 2687014 0.026341502634428794
118336 1.676900536489139 4545074.567901235 2710402 0.02603609648909317
119716 1.668873445393443 4651699.351675061 2787329 0.02573597108267341
121104 1.710900641825001 4760189.2396310875 2782271 0.02544100536838857
122500 1.7267511657281416 4870565.85586458 2820653 0.025151081748027177
123904 1.761250602779048 4982850.949105358 2829155 0.0248660859547176
125316 1.7786852950034489 5097066.392717798 2865637 0.024585906940321502
126736 1.8191517699383515 5213234.184700831 2865750 0.02431043676724316
128164 1.8210143565752523 5331376.44768794 2927696 0.0240395705044578
129600 1.8365319169401328 5451515.428947167 2968375 0.023773206127571986
131044 1.8501519810569405 5573673.500381105 3012549 0.02351124442273839
132496 1.885544178749763 5697873.158526904 3021872 0.0232535888942559
133956 1.8839980787023847 5824137.02455627 3091371 0.02300014567569448
135424 1.922451287609138 5952487.8442754615 3096301 0.022750823444391905
136900 1.9341790061184205 6082948.488125292 3144977 0.022505533339176986
138384 1.932883315394526 6215541.9511811305 3215684 0.02226418888118084
139876 1.955049878624035 6350291.353152902 3248148 0.02202670589760452
141376 1.9997681674289236 6487219.938385084 3243986 0.021793002448317462
142884 2.012071508820857 6626351.075856712 3293298 0.021562998755167335
144400 1.9873513083171277 6767708.259181372 3405391 0.021336617133887324
145924 1.9975378330194649 6911315.106607208 3459917 0.02111378192849243
147456 2.027122347541157 7057195.361016918 3481386 0.020894419448061318
148996 2.058487411430415 7205372.889927756 3500324 0.020678457905805053
150544 2.1000066191591915 7355871.685491529 3502785 0.020465827360328738
152100 2.0928159165090094 7508715.864494599 3587853 0.02025645965899625
153664 2.10579336667845 7663929.668357885 3639450 0.020050288383312482
155236 2.1041243931014586 7821537.463136858 3717241 0.019847248796241397
156816 2.0960665850082725 7981563.739521546 3807877 0.019647277791381805
158404 2.130635667448611 8144033.11283653 3822349 0.019450313843926478
160000 2.179181418757589 8308970.323040948 3812886 0.019256296963333308
161604 2.2062140761390294 8476400.234728491 3842057 0.019065168647640712
163216 2.211155538567693 8646347.837127406 3910330 0.018876871839362132
164836 2.203907889530307 8818838.244100494 4001455 0.018691350882897726
166464 2.2424889704740827 8993896.694145111 4010676 0.018508551483403798
168100 2.2368032114761482 9171548.55039317 4100293 0.018328420667063233
169744 2.2668582174497964 9351819.300611133 4125454 0.018150906742702717
171396 2.282009286061842 9534734.557200024 4178219 0.017975959264704716
173056 2.266111019277027 9720320.05719542 4289428 0.01780352899716467
174724 2.2585267227041426 9908601.662267447 4387197 0.01763356787924572
176400 2.2738485622345808 10099605.358720792 4441635 0.01746602899168554
178084 2.272251755231968 10293357.257494695 4530025 0.01730086652441168
179776 2.283572224522911 10489883.594162954 4593629 0.017138035745223663
181476 2.3271634048269925 10689210.728933915 4593236 0.016977492969501917
183184 2.3658591633620807 10891365.146650486 4603556 0.016819195530905152
184900 2.4011445857137406 11096373.456790123 4621285 0.016663101753019632
186624 2.411543051671368 11304262.393464845 4687564 0.01650917092192499
188356 2.429759691436067 11515058.815421214 4739176 0.016357363259643067
190096 2.420297788436791 11728789.706040362 4846011 0.01620763989843726
191844 2.4404313971938443 11945482.173337962 4894824 0.016059962855931538
193600 2.4349728763807508 12165163.449964253 4996016 0.015914295011019264
195364 2.4455491794652144 12387860.893204018 5065472 0.015770600080533412
197136 2.475757748268417 12613601.984976605 5094845 0.015628842596650684
198916 2.5267505489506044 12842414.33183591 5082581 0.015488987885003365
200704 2.5529694108165932 13074325.664970387 5121223 0.01535100204347362
202500 2.5994891867415113 13309363.840203043 5119992 0.015214851921646072
204304 2.6189764930068336 13547556.83799144 5172844 0.01508050510089538
206116 2.6265989660471427 13788932.7634277 5249729 0.014947929875086502
207936 2.6482506579787257 14033519.846238492 5299166 0.014817095231866197
209764 2.6976837885028386 14281346.440785043 5293929 0.014687970834525131
211600 2.691527229784134 14532441.026063139 5399329 0.014560527004410819
213444 2.7347278697034714 14786832.205703111 5407058 0.014434734703872349
215296 2.763358785277708 15044548.707969856 5444298 0.014310565519718571
217156 2.8266947728601775 15305619.385762818 5414670 0.014187991647172216
219024 2.882101717279553 15570073.216616001 5402333 0.014066985874302952
220900 2.919899770746607 15837939.30269796 5424138 0.013947521566923176
222784 2.944596206943651 16109246.870811807 5470783 0.013829572653930845
224676 2.946540315312995 16384025.272395207 5560428 0.013713113613084305
226576 2.9129805309248766 16662303.983520381 5720019 0.013598119457194625
228484 3.006565391811583 16944112.604894105 5635704 0.013484565720721492
230400 3.006539177512732 17229480.861857712 5730669 0.013372428446759241
232324 3.0704152799001467 17518438.604387082 5705560 0.013261684174400103
234256 3.127531348525256 17811015.807092663 5694912 0.013152309926462201
236196 3.176411643052992 18107242.569219444 5700534 0.013044283197570363
238144 3.1979069340781643 18407149.11464698 5755999 0.012937581942578142
240100 3.155224058431712 18710765.79188937 5930091 0.012832184565319989
242064 3.183190272150341 19018123.074095275 5974548 0.0127280699076828
244036 3.2318180305725295 19329251.559047915 5980922 0.012625217238986582
246016 3.310457499027643 19644181.969165057 5933978 0.012523606245664221
248004 3.3043328461152957 19962945.15149902 6041445 0.012423217021230825
250000 3.318434809151897 20285572.07773669 6112994 0.012324030056533318
252004 3.4083170435083443 20612093.844199497 6047587 0.012226026230271463
254016 3.488167349060289 20942541.671843436 6003881 0.012129186799781625
256036 3.4441679677916057 21276946.90625904 6177674 0.012033493392075057
258064 3.4811169124166113 21615341.017671414 6209312 0.011938927995122642
260100 3.405306835540244 21957755.600940213 6448099 0.01184547294937843
262144 3.4569470513886613 22304222.375559643 6452000 0.01175311093953449
