2048 2087.95
4096 4013.13
6144 6305.74
8192 8634.45
10240 11074.2
12288 13522.6
14336 16048.5
16384 18007.3
18432 20251.2
20480 22736.6
22528 25244.2
24576 27783.3
26624 30314.7
28672 32879.1
30720 35434
32768 37979.9
34816 40599.4
36864 43218.3
38912 46508.6
40960 48947.2
43008 52184.1
45056 56063.3
47104 58852.2
49152 61670.8
51200 64483.7
53248 67287.5
55296 70906.6
57344 69208
59392 73805.5
61440 76969.8
63488 80366.7
65536 84223.5
67584 87115
69632 88932.3
71680 89212.6
73728 91991
75776 95361.5
77824 98858.1
79872 105948
81920 98967.9
83968 108170
86016 110284
88064 112746
90112 115533
92160 122253
94208 124404
96256 130171
98304 130436
100352 131280
102400 133251
104448 135322
106496 138724
108544 140190
110592 148201
112640 152633
114688 154942
116736 154499
118784 156426
120832 158421
122880 163252
124928 169886
126976 163206
129024 171717
131072 174981
133120 176600
135168 180645
137216 185069
139264 186631
141312 188483
143360 172100
145408 193311
147456 196184
149504 198090
151552 208619
153600 209769
155648 209863
157696 220750
159744 219773
161792 225270
163840 225352
165888 233219
167936 221456
169984 234552
172032 236949
174080 239003
176128 247919
178176 250296
180224 251333
182272 256554
184320 259570
186368 255776
188416 258995
190464 266069
192512 269864
194560 269049
196608 269781
198656 271776
200704 255228
202752 282767
204800 284163
206848 290743
208896 294798
210944 294955
212992 291879
215040 290623
217088 302813
219136 305619
221184 314723
223232 313781
225280 317006
227328 315223
229376 329002
231424 325399
233472 332802
235520 337412
237568 338721
239616 326363
241664 344188
243712 344665
245760 351890
247808 356780
249856 356033
251904 355934
253952 364377
256000 368141
258048 365119
260096 364927
262144 376126
