2048 1905.09
4096 4085.3
6144 6398.93
8192 8784.29
10240 11235.3
12288 13719.4
14336 16209
16384 18723.5
18432 21291.9
20480 23887
22528 26466.9
24576 29094.4
26624 31753
28672 34423.1
30720 37123.6
32768 39780.5
34816 42587.2
36864 45384.7
38912 48099.3
40960 50837.7
43008 53620.3
45056 56384.3
47104 59165.1
49152 61980.8
51200 64802.9
53248 69511.2
55296 70491.7
57344 73263.5
59392 76122.5
61440 78934.3
63488 81772.7
65536 84576.4
67584 87523.4
69632 90375.5
71680 93297.7
73728 96171.6
75776 99076.5
77824 95553.9
79872 104858
81920 107689
83968 110685
86016 113570
88064 115617
90112 119524
92160 122392
94208 127204
96256 127325
98304 131159
100352 134211
102400 137187
104448 140154
106496 143154
108544 146222
110592 141922
112640 148370
114688 148855
116736 152178
118784 157186
120832 161642
122880 166495
124928 169236
126976 172560
129024 175943
131072 177043
133120 177936
135168 182342
137216 187170
139264 191156
141312 192219
143360 192673
145408 197417
147456 202324
149504 206387
151552 207867
153600 209002
155648 214927
157696 215905
159744 220699
161792 223216
163840 227661
165888 228142
167936 233823
169984 235444
172032 237646
174080 234619
176128 229606
178176 246267
180224 251306
182272 254761
184320 250884
186368 261448
188416 261946
190464 265145
192512 268990
194560 273274
196608 271885
198656 275414
200704 282097
202752 281494
204800 286090
206848 286700
208896 291492
210944 291653
212992 281890
215040 305237
217088 304391
219136 300383
221184 282503
223232 316262
225280 319069
227328 297205
229376 321856
231424 328500
233472 317106
235520 333321
237568 338371
239616 332856
241664 332735
243712 346425
245760 349015
247808 351095
249856 357388
251904 361417
253952 363430
256000 355979
258048 367263
260096 359454
262144 369991
