2048 1832.72
4096 3933.09
6144 6181.73
8192 8435.4
10240 10818.9
12288 13105.6
14336 15456.9
16384 18134.4
18432 20712.1
20480 23280.1
22528 25851.8
24576 28425.7
26624 30992.2
28672 33580.2
30720 36150.3
32768 38715
34816 40961.1
36864 42838.2
38912 46867.1
40960 49511.4
43008 50356.7
45056 52805.9
47104 56938.7
49152 60562.5
51200 63232.7
53248 65860.3
55296 65906.7
57344 69343.8
59392 71159.7
61440 73644.8
63488 76284.6
65536 81122.3
67584 84234.7
69632 87014.1
71680 90732.1
73728 93555
75776 96417.4
77824 99313.3
79872 98797.6
81920 102105
83968 103542
86016 106396
88064 113240
90112 115262
92160 118423
94208 122092
96256 125015
98304 124074
100352 130488
102400 133516
104448 136115
106496 136642
108544 142177
110592 144941
112640 144766
114688 147391
116736 147380
118784 150235
120832 158311
122880 159133
124928 164954
126976 162333
129024 164464
131072 173484
133120 173342
135168 172745
137216 175418
139264 179195
141312 188729
143360 191275
145408 189470
147456 192151
149504 196052
151552 202223
153600 205655
155648 209153
157696 212851
159744 211769
161792 210749
163840 216808
165888 224876
167936 225694
169984 226965
172032 233848
174080 236944
176128 239933
178176 234927
180224 239458
182272 248324
184320 252103
186368 249273
188416 253860
190464 251538
192512 254751
194560 264401
196608 269910
198656 267991
200704 274371
202752 279292
204800 280932
206848 285356
208896 284697
210944 286082
212992 284331
215040 288116
217088 291440
219136 301023
221184 303912
223232 300421
225280 308558
227328 315099
229376 313402
231424 314561
233472 316788
235520 317808
237568 330722
239616 326352
241664 326885
243712 337484
245760 343139
247808 343003
249856 341829
251904 350334
253952 352008
256000 359013
258048 360467
260096 363332
262144 365470
