2048 1597.53
4096 3389.77
6144 5446.31
8192 7661.71
10240 10068.3
12288 12618
14336 15576.8
16384 18642.1
18432 22057.9
20480 25523.6
22528 28392.6
24576 33396.2
26624 37437.1
28672 42148.8
30720 46671.5
32768 51479.8
34816 56466.5
36864 61523
38912 66758.4
40960 73211.2
43008 78994.6
45056 85051.7
47104 91484.9
49152 98034
51200 104516
53248 111771
55296 118247
57344 125343
59392 133636
61440 141316
63488 148610
65536 158012
67584 166904
69632 175363
71680 185590
73728 195700
75776 205906
77824 215514
79872 225874
81920 238584
83968 249674
86016 262246
88064 271565
90112 285217
92160 298706
94208 310425
96256 324626
98304 338907
100352 349405
102400 364155
104448 382390
106496 396056
108544 406193
110592 427421
112640 443971
114688 461712
116736 480111
118784 495881
120832 515214
122880 532609
124928 540697
126976 563640
129024 585492
131072 605017
133120 628425
135168 643202
137216 663442
139264 691017
141312 696118
143360 729179
145408 755911
147456 781389
149504 800939
151552 823529
153600 839519
155648 867076
157696 889668
159744 926061
161792 950338
163840 975895
165888 1.00195e+06
167936 1.0261e+06
169984 1.05272e+06
172032 1.0819e+06
174080 1.1085e+06
176128 1.13469e+06
178176 1.16266e+06
180224 1.18596e+06
182272 1.21488e+06
184320 1.24538e+06
186368 1.27713e+06
188416 1.30765e+06
190464 1.33578e+06
192512 1.36919e+06
194560 1.39969e+06
196608 1.43083e+06
198656 1.46538e+06
200704 1.49372e+06
202752 1.52641e+06
204800 1.55957e+06
206848 1.59844e+06
208896 1.62331e+06
210944 1.65947e+06
212992 1.68805e+06
215040 1.7317e+06
217088 1.76521e+06
219136 1.79151e+06
221184 1.84217e+06
223232 1.87376e+06
225280 1.90892e+06
227328 1.94492e+06
229376 1.98413e+06
231424 2.01322e+06
233472 2.06048e+06
235520 2.09864e+06
237568 2.13192e+06
239616 2.17032e+06
241664 2.21458e+06
243712 2.24843e+06
245760 2.28583e+06
247808 2.32954e+06
249856 2.36537e+06
251904 2.38779e+06
253952 2.43813e+06
256000 2.48129e+06
258048 2.52572e+06
260096 2.54758e+06
262144 2.60455e+06
