2048 1559.81
4096 3349.73
6144 5511.83
8192 7907.72
10240 11168.3
12288 14889.4
14336 18810.9
16384 23568.6
18432 28476.8
20480 33954.9
22528 39501.9
24576 46015
26624 50418.6
28672 58727.6
30720 66478
32768 72643.2
34816 78757.4
36864 85893.4
38912 98414.3
40960 107491
43008 114686
45056 129105
47104 141493
49152 149775
51200 160303
53248 171083
55296 187467
57344 203519
59392 214478
61440 229566
63488 246504
65536 260775
67584 276078
69632 296108
71680 314400
73728 334658
75776 352651
77824 374078
79872 397790
81920 412920
83968 442353
86016 455483
88064 482247
90112 516388
92160 546382
94208 563311
96256 598976
98304 622757
100352 655795
102400 699158
104448 721740
106496 762007
108544 795671
110592 829971
112640 864469
114688 900285
116736 938329
118784 972098
120832 1.01353e+06
122880 1.03899e+06
124928 1.07741e+06
126976 1.11228e+06
129024 1.14745e+06
131072 1.21272e+06
133120 1.25419e+06
135168 1.2977e+06
137216 1.34257e+06
139264 1.39086e+06
141312 1.42153e+06
143360 1.46175e+06
145408 1.5141e+06
147456 1.57289e+06
149504 1.60566e+06
151552 1.6609e+06
153600 1.72212e+06
155648 1.81204e+06
157696 1.82327e+06
159744 1.87873e+06
161792 1.92592e+06
163840 1.98267e+06
165888 2.03526e+06
167936 2.08957e+06
169984 2.14962e+06
172032 2.20239e+06
174080 2.26013e+06
176128 2.31069e+06
178176 2.37824e+06
180224 2.42201e+06
182272 2.49572e+06
184320 2.55655e+06
186368 2.60403e+06
188416 2.66666e+06
190464 2.71727e+06
192512 2.78475e+06
194560 2.85165e+06
196608 2.90723e+06
198656 2.98674e+06
200704 3.05041e+06
202752 3.11799e+06
204800 3.19228e+06
206848 3.26355e+06
208896 3.33217e+06
210944 3.39503e+06
212992 3.46094e+06
215040 3.52073e+06
217088 3.59235e+06
219136 3.67026e+06
221184 3.76168e+06
223232 3.83243e+06
225280 3.87479e+06
227328 3.984e+06
229376 4.05931e+06
231424 4.08823e+06
233472 4.16208e+06
235520 4.25355e+06
237568 4.354e+06
239616 4.44477e+06
241664 4.52057e+06
243712 4.58055e+06
245760 4.64975e+06
247808 4.74901e+06
249856 4.83078e+06
251904 4.90931e+06
253952 5.00152e+06
256000 5.08177e+06
258048 5.17196e+06
260096 5.25345e+06
262144 5.33289e+06
