2048 1071.24
4096 2124.1
6144 3289.72
8192 4471.07
10240 5744.89
12288 7259.4
14336 8649.23
16384 9986.36
18432 11422.2
20480 12817.1
22528 14216.1
24576 15705.3
26624 17084.3
28672 18544.5
30720 19980.2
32768 21345.5
34816 22896.4
36864 24364.1
38912 25848.5
40960 27395.2
43008 28896.9
45056 30170.5
47104 30647.8
49152 32079
51200 33538.8
53248 34970
55296 37623.2
57344 38803.3
59392 40645.8
61440 35304.5
63488 39016.3
65536 43687.2
67584 46993
69632 48643.4
71680 50271.6
73728 51791.8
75776 53409.4
77824 54990
79872 56615.1
81920 57365.4
83968 58410
86016 60615.5
88064 62446.6
90112 64694.3
92160 66213.3
94208 67791.3
96256 69390.2
98304 61155.4
100352 68532.7
102400 71667.3
104448 75172.1
106496 76683.6
108544 78166.7
110592 80424.1
112640 82285.2
114688 83865.5
116736 85443.9
118784 83469.6
120832 86227.3
122880 88379
124928 91216.1
126976 93231.8
129024 94407.7
131072 96527.5
133120 98215.7
135168 99829.1
137216 101546
139264 101958
141312 100816
143360 105227
145408 108693
147456 110228
149504 108908
151552 108788
153600 111261
155648 116640
157696 117646
159744 118933
161792 117800
163840 111708
165888 125096
167936 126507
169984 128506
172032 130112
174080 131740
176128 128276
178176 134885
180224 132924
182272 137022
184320 134653
186368 141568
188416 143527
190464 145337
192512 146831
194560 144371
196608 148732
198656 146317
200704 147671
202752 149174
204800 157034
206848 158313
208896 160419
210944 160904
212992 161590
215040 163135
217088 167099
219136 167828
221184 170066
223232 169509
225280 171405
227328 175372
229376 177206
231424 177290
233472 180610
235520 179707
237568 183927
239616 184183
241664 183430
243712 173261
245760 187206
247808 185290
249856 186254
251904 194922
253952 187630
256000 192013
258048 166405
260096 197562
262144 200541
