2048 1662.72
4096 3471.7
6144 5333.09
8192 7322.46
10240 9316.7
12288 11344.6
14336 13325.8
16384 15429.9
18432 17552.8
20480 19569
22528 21671.9
24576 23757.8
26624 26007.1
28672 28006.4
30720 30246.5
32768 32411.4
34816 34626.1
36864 37018.2
38912 38982.8
40960 41153.1
43008 43309.9
45056 45519.6
47104 47713.9
49152 49778.7
51200 52252.8
53248 54552.1
55296 56670.3
57344 58838.4
59392 61967.4
61440 63396.3
63488 65693.8
65536 68108.2
67584 70493.8
69632 72721.9
71680 74927.2
73728 77307.7
75776 79504.7
77824 81786.8
79872 84065.8
81920 86347.8
83968 88601.2
86016 91802
88064 93141.8
90112 95181.8
92160 97501.4
94208 99937.4
96256 102256
98304 104463
100352 106994
102400 109404
104448 111848
106496 115112
108544 116633
110592 118841
112640 120901
114688 123136
116736 125427
118784 128091
120832 130598
122880 133637
124928 134927
126976 137666
129024 140080
131072 142620
133120 144953
135168 147329
137216 150515
139264 151731
141312 154003
143360 156947
145408 158814
147456 161373
149504 164797
151552 165839
153600 168772
155648 170988
157696 173316
159744 175562
161792 178418
163840 180121
165888 183162
167936 185482
169984 187772
172032 190231
174080 192390
176128 195100
178176 197078
180224 198704
182272 201752
184320 204282
186368 206518
188416 208998
190464 211611
192512 213534
194560 212924
196608 218734
198656 220993
200704 221242
202752 224244
204800 229067
206848 231231
208896 232716
210944 233430
212992 235123
215040 241313
217088 242807
219136 245924
221184 243636
223232 242246
225280 252524
227328 254935
229376 255371
231424 259060
233472 262363
235520 261205
237568 262591
239616 260245
241664 263834
243712 272399
245760 271127
247808 276377
249856 282467
251904 280369
253952 286971
256000 290342
258048 288219
260096 283140
262144 285533
