2048 1135.76
4096 2229.3
6144 3363.82
8192 4607.11
10240 5780.22
12288 6990.89
14336 8251.32
16384 9564.18
18432 10789.9
20480 11959.3
22528 13205.3
24576 14495.5
26624 15882.4
28672 17094.5
30720 18406.5
32768 19818.8
34816 21017.5
36864 22259.8
38912 23469
40960 24793.6
43008 26042.2
45056 27377.7
47104 28665.8
49152 29984
51200 31328.3
53248 32820.1
55296 34057.4
57344 35390.8
59392 36627.2
61440 38037
63488 39450.7
65536 41013.4
67584 42223.1
69632 43524.3
71680 44915.4
73728 46108.6
75776 47317.1
77824 48516.5
79872 49821.5
81920 51277.1
83968 52551.7
86016 53901.4
88064 55226.9
90112 56707.4
92160 58057.8
94208 59456.9
96256 60728.6
98304 62112.1
100352 63515.5
102400 64935.9
104448 66335.9
106496 67949.5
108544 68897.6
110592 68573.8
112640 70151.3
114688 73215
116736 74422.7
118784 75883.9
120832 77173.2
122880 78732.5
124928 80149.8
126976 81613.8
129024 83238.3
131072 84819.3
133120 86040.4
135168 87341.1
137216 88453.3
139264 89955.4
141312 91210.1
143360 92579.9
145408 93943.1
147456 95371.9
149504 96537.3
151552 97808.2
153600 99043
155648 100459
157696 102488
159744 102973
161792 104398
163840 106128
165888 107481
167936 108610
169984 110036
172032 111467
174080 113263
176128 115040
178176 115480
180224 116956
182272 118339
184320 119719
186368 120735
188416 122427
190464 123831
192512 126134
194560 126736
196608 128363
198656 129785
200704 131135
202752 132545
204800 134073
206848 135664
208896 137811
210944 138642
212992 140138
215040 141127
217088 142033
219136 139913
221184 145479
223232 147534
225280 147854
227328 149595
229376 151091
231424 152377
233472 153850
235520 155284
237568 157256
239616 158138
241664 159593
243712 161027
245760 162650
247808 164099
249856 166374
251904 166782
253952 168516
256000 170036
258048 171995
260096 173706
262144 176263
