2048 1233.34
4096 2566.54
6144 3905.35
8192 5320.43
10240 6911.82
12288 8346.8
14336 9785.39
16384 10952
18432 12721.8
20480 14308.6
22528 15811.6
24576 17251.1
26624 18899.6
28672 20126.3
30720 21290
32768 21830.6
34816 23732.6
36864 25383.4
38912 27216.5
40960 29555.7
43008 31266.1
45056 32668.2
47104 33013.3
49152 35521.4
51200 37297.9
53248 39066.4
55296 40366.5
57344 41693.8
59392 43077.6
61440 44344.7
63488 45622.2
65536 46915.6
67584 48968.8
69632 50841.2
71680 52699.1
73728 54467.1
75776 56168.4
77824 57696.8
79872 59224.8
81920 60909.2
83968 62831.9
86016 64395.3
88064 65894.1
90112 67325
92160 69027.9
94208 69833.9
96256 69134.8
98304 70543.7
100352 72557.2
102400 76588.9
104448 78697.4
106496 80505
108544 80237.8
110592 81995.1
112640 84661.6
114688 84909.4
116736 86064.9
118784 88833.2
120832 90222.3
122880 91510.9
124928 92761.5
126976 92230.1
129024 95490.8
131072 95891.6
133120 98986.8
135168 101002
137216 101823
139264 103268
141312 106723
143360 108601
145408 110420
147456 112438
149504 114079
151552 115875
153600 117591
155648 116793
157696 120656
159744 122324
161792 123998
163840 125562
165888 127525
167936 128446
169984 131002
172032 131397
174080 134214
176128 134194
178176 134632
180224 138781
182272 140466
184320 142155
186368 142572
188416 144860
190464 146827
192512 148264
194560 149555
196608 151388
198656 153124
200704 154079
202752 156811
204800 158243
206848 160188
208896 162057
210944 163902
212992 164421
215040 160656
217088 168198
219136 170020
221184 171418
223232 172922
225280 172862
227328 174059
229376 170157
231424 172055
233472 175284
235520 181666
237568 182079
239616 184549
241664 185902
243712 187323
245760 188610
247808 188498
249856 188877
251904 185022
253952 192097
256000 194586
258048 195183
260096 196147
262144 199509
