2048 1832.55
4096 3770.73
6144 5983.2
8192 8559.23
10240 11075.9
12288 13695.5
14336 15430.2
16384 17257.8
18432 19983.5
20480 24972.1
22528 23301.6
24576 28286.2
26624 30173
28672 33129.3
30720 34280.1
32768 38052.7
34816 40423.6
36864 44710.4
38912 46174.6
40960 52250.7
43008 50844.4
45056 54432.7
47104 55635.1
49152 58136.6
51200 57820.9
53248 62644.4
55296 65604.7
57344 68713.1
59392 74847
61440 72332.3
63488 78131.9
65536 80015.5
67584 80546.8
69632 86980.5
71680 88992.9
73728 88000.5
75776 94944.5
77824 94889.5
79872 96757.9
81920 110144
83968 105368
86016 114088
88064 116741
90112 125677
92160 126604
94208 122908
96256 136120
98304 141150
100352 129026
102400 137183
104448 134559
106496 145556
108544 117435
110592 144661
112640 154259
114688 155204
116736 162086
118784 157732
120832 160697
122880 158767
124928 166592
126976 170040
129024 171789
131072 173685
133120 185300
135168 175729
137216 173280
139264 177873
141312 190793
143360 201351
145408 194736
147456 209936
149504 227335
151552 214207
153600 202699
155648 218871
157696 227104
159744 221558
161792 222822
163840 224301
165888 227002
167936 231859
169984 243768
172032 226641
174080 248986
176128 231303
178176 255392
180224 266811
182272 253126
184320 253368
186368 252060
188416 269126
190464 254385
192512 269873
194560 286531
196608 263027
198656 268946
200704 296145
202752 269701
204800 282069
206848 272870
208896 321711
210944 290321
212992 286999
215040 302784
217088 294137
219136 290638
221184 313782
223232 303383
225280 309204
227328 315271
229376 310673
231424 315947
233472 323960
235520 327190
237568 329088
239616 326871
241664 329185
243712 339778
245760 343544
247808 333281
249856 355332
251904 358834
253952 361260
256000 362586
258048 351069
260096 358573
262144 367563
