2048 1217.09
4096 2666.04
6144 4355.45
8192 5745.16
10240 7541.19
12288 9382.43
14336 10829.4
16384 12360.8
18432 13988.4
20480 15492.5
22528 17316.4
24576 19223.7
26624 20725.4
28672 22243.4
30720 23734.7
32768 25369.5
34816 27262.9
36864 29189.7
38912 31025.8
40960 33079.6
43008 34901.9
45056 36891.1
47104 38828.4
49152 40952.5
51200 42620.8
53248 44656.2
55296 45731.7
57344 47376.6
59392 49041.3
61440 50586.7
63488 52144.3
65536 54113.6
67584 56050.1
69632 58127.7
71680 60107
73728 62160.9
75776 63989.2
77824 66036.9
79872 68068.8
81920 70346.4
83968 72107.6
86016 74201
88064 76307.3
90112 78065.1
92160 80914.1
94208 82756.6
96256 84800
98304 87128.8
100352 88622.7
102400 90345.2
104448 92019.1
106496 93873.5
108544 95406.8
110592 97551.6
112640 98835.4
114688 100731
116736 102157
118784 103916
120832 105691
122880 107544
124928 109028
126976 110331
129024 112621
131072 114858
133120 117091
135168 119218
137216 121206
139264 123288
141312 125514
143360 127538
145408 129696
147456 122282
149504 131679
151552 134830
153600 137729
155648 139601
157696 141985
159744 141146
161792 146492
163840 143819
165888 149301
167936 146698
169984 153905
172032 157437
174080 156014
176128 161826
178176 162763
180224 166186
182272 168962
184320 170407
186368 172372
188416 174660
190464 176811
192512 178962
194560 181241
196608 183942
198656 185816
200704 187352
202752 187348
204800 186937
206848 192814
208896 192972
210944 195776
212992 195627
215040 198847
217088 199316
219136 202478
221184 197750
223232 191077
225280 197985
227328 202838
229376 210584
231424 212970
233472 212634
235520 216264
237568 217771
239616 214790
241664 215590
243712 216879
245760 223661
247808 224617
249856 228978
251904 227060
253952 226932
256000 235055
258048 231697
260096 234162
262144 237751
