2048 1137.45
4096 2544.99
6144 4138.52
8192 5360.57
10240 7145.75
12288 9097.82
14336 10506.5
16384 12122
18432 13848.5
20480 15671.5
22528 17523.6
24576 19455.2
26624 20963.1
28672 22476.6
30720 24033.6
32768 25660.4
34816 27559.3
36864 29507.8
38912 31391.7
40960 33444.1
43008 35337.7
45056 36608.4
47104 37699.8
49152 39781.8
51200 43204.1
53248 44666.3
55296 45963.3
57344 47038
59392 48344
61440 51148.6
63488 52886.3
65536 54696.2
67584 55209.9
69632 56393.7
71680 58322.9
73728 61140.8
75776 62026.8
77824 64053.7
79872 66004.4
81920 68308.8
83968 70116.3
86016 72768.9
88064 77003.1
90112 77991.7
92160 78063.3
94208 80698.7
96256 85056.7
98304 84444.9
100352 87216.7
102400 87916.2
104448 91660.8
106496 94790.7
108544 95325.3
110592 98671
112640 98144.4
114688 97657.1
116736 99584.5
118784 103185
120832 102762
122880 108039
124928 110179
126976 111966
129024 110225
131072 115442
133120 118235
135168 120311
137216 120027
139264 121040
141312 124285
143360 128871
145408 128505
147456 131293
149504 131631
151552 131776
153600 134095
155648 139484
157696 143472
159744 145085
161792 144989
163840 145439
165888 146791
167936 148383
169984 152426
172032 154003
174080 158195
176128 160458
178176 163114
180224 165842
182272 164877
184320 165888
186368 171618
188416 174158
190464 171408
192512 173650
194560 177292
196608 179358
198656 182801
200704 189426
202752 192625
204800 188449
206848 189606
208896 185174
210944 193448
212992 198919
215040 200714
217088 197728
219136 204376
221184 204706
223232 201572
225280 185385
227328 206983
229376 211474
231424 213675
233472 217582
235520 215188
237568 214022
239616 221515
241664 225875
243712 225081
245760 222599
247808 222905
249856 231349
251904 235162
253952 231281
256000 231123
258048 236407
260096 240372
262144 239986
