2048 143.018
4096 305.252
6144 475.919
8192 638.933
10240 809.664
12288 984.881
14336 1169.36
16384 1348.63
18432 1531.11
20480 1699.53
22528 1886.42
24576 2067.28
26624 2234.97
28672 2413.52
30720 2601.16
32768 2787.55
34816 2967.8
36864 3134.24
38912 3312.98
40960 3492.35
43008 3685.35
45056 3874.3
47104 4072.2
49152 4270.67
51200 4462.72
53248 4635.2
55296 4819.92
57344 5024.72
59392 5214.48
61440 5483.43
63488 5644.87
65536 5793.2
67584 5989.52
69632 6194.78
71680 6377.45
73728 6610.65
75776 6807.61
77824 7013.66
79872 7218.25
81920 7429.49
83968 7605.43
86016 7837.01
88064 8033.19
90112 8224.89
92160 8412.58
94208 8629.92
96256 8842.55
98304 9035.42
100352 9224.15
102400 9485.41
104448 9728.51
106496 9924.6
108544 10175
110592 10356.1
112640 10567.7
114688 10783.6
116736 11025.2
118784 11187.9
120832 11405.4
122880 11595.7
124928 11804.5
126976 12087.3
129024 12319.8
131072 12512.3
133120 12741.5
135168 12935.8
137216 13165.3
139264 13394.5
141312 13582.9
143360 13881.4
145408 14062.8
147456 14229
149504 14463.8
151552 14686.6
153600 14945
155648 15278.8
157696 15391.7
159744 15582.8
161792 15839.2
163840 16049.9
165888 16249.8
167936 16518.3
169984 16695.5
172032 16916.7
174080 17182.1
176128 17332.1
178176 17615.7
180224 17796.3
182272 18028.8
184320 18235.2
186368 18560.6
188416 18760.5
190464 18941.5
192512 19153
194560 19441.4
196608 19678.8
198656 19962.7
200704 20071.3
202752 20287.6
204800 20623.8
206848 20757.5
208896 21055.9
210944 21311.8
212992 21539.9
215040 21722.9
217088 21950.3
219136 22184.5
221184 22400.8
223232 22616.6
225280 22879.7
227328 23069.3
229376 23376.2
231424 23577.8
233472 23771.7
235520 24042.6
237568 24260.9
239616 24488.3
241664 24755.7
243712 25064.9
245760 25166.7
247808 25458.1
249856 25651.2
251904 25964
253952 26297.8
256000 26383.9
258048 26613.4
260096 26870.6
262144 27087.6
