2048 110.77
4096 227.851
6144 343.761
8192 460.174
10240 565.742
12288 689.809
14336 813.294
16384 935.235
18432 1060.08
20480 1171.63
22528 1291.35
24576 1403.03
26624 1514.69
28672 1632.83
30720 1758.96
32768 1878.97
34816 2006.99
36864 2132.95
38912 2248.94
40960 2368.34
43008 2486.56
45056 2606.98
47104 2711.65
49152 2825.96
51200 2954.65
53248 3060.23
55296 3191.77
57344 3314.94
59392 3429.01
61440 3563.1
63488 3695.08
65536 3811.26
67584 3967.02
69632 4071.04
71680 4199.48
73728 4328.82
75776 4440.88
77824 4547.29
79872 4669.05
81920 4799.23
83968 4945.13
86016 5073.85
88064 5189.32
90112 5285.42
92160 5437.91
94208 5575.02
96256 5673.09
98304 5809.69
100352 5935.13
102400 6054.84
104448 6197.16
106496 6300.96
108544 6440.65
110592 6553.96
112640 6668.38
114688 6795.71
116736 6996.93
118784 7058.25
120832 7222.16
122880 7297.78
124928 7470.19
126976 7588.85
129024 7705.28
131072 7829.89
133120 8003.41
135168 8103.43
137216 8236.1
139264 8362.77
141312 8529.58
143360 8644.59
145408 8714.87
147456 8823.73
149504 8976.46
151552 9155.51
153600 9289.62
155648 9428.08
157696 9522.7
159744 9714.53
161792 9784.22
163840 9895.59
165888 10092
167936 10206.5
169984 10286.5
172032 10507.5
174080 10632.2
176128 10701.7
178176 10804.8
180224 10956
182272 11105.9
184320 11166.4
186368 11349.9
188416 11455
190464 11657
192512 11705.7
194560 11925.6
196608 12038.9
198656 12151
200704 12261.8
202752 12424.2
204800 12585.3
206848 12677.5
208896 12816.2
210944 12961.1
212992 13063.4
215040 13215
217088 13302
219136 13451
221184 13519.7
223232 13806.1
225280 13844.3
227328 14029.2
229376 14130.2
231424 14254.7
233472 14433.5
235520 14537.4
237568 14624.2
239616 14808.2
241664 14948.3
243712 15041.4
245760 15117.4
247808 15321.6
249856 15394.6
251904 15509.3
253952 15685.2
256000 15799
258048 15896.5
260096 16083.3
262144 16148.4
