2048 97478
4096 197147
6144 290130
8192 386650
10240 490446
12288 601107
14336 708535
16384 829599
18432 930685
20480 1037514
22528 1159335
24576 1263143
26624 1366801
28672 1464432
30720 1595063
32768 1687758
34816 1820757
36864 1928880
38912 2025439
40960 2108469
43008 2246420
45056 2330613
47104 2429676
49152 2548444
51200 2671948
53248 2742381
55296 2847920
57344 2995841
59392 3109264
61440 3212745
63488 3329600
65536 3425667
67584 3502334
69632 3640818
71680 3722720
73728 3836290
75776 4061642
77824 4087807
79872 4205490
81920 4304906
83968 4411287
86016 4508084
88064 4605782
90112 4676763
92160 4872452
94208 5018970
96256 5089791
98304 5199698
100352 5331738
102400 5398777
104448 5574805
106496 5592122
108544 5779054
110592 5864914
112640 5993522
114688 6097783
116736 6178297
118784 6295581
120832 6472537
122880 6576435
124928 6719019
126976 6804098
129024 6848413
131072 6967043
133120 7066899
135168 7116205
137216 7229463
139264 7475957
141312 7542613
143360 7644094
145408 7759626
147456 7851363
149504 8034313
151552 8141711
153600 8241564
155648 8340943
157696 8496678
159744 8555503
161792 8725526
163840 8818549
165888 8922093
167936 9022712
169984 9205099
172032 9319917
174080 9383483
176128 9509625
178176 9641206
180224 9769551
182272 9802971
184320 10012012
186368 10089100
188416 10211061
190464 10298355
192512 10492925
194560 10596972
196608 10751992
198656 10871380
200704 11021300
202752 11147581
204800 11271061
206848 11284391
208896 11425795
210944 11577618
212992 11658198
215040 11821002
217088 11935629
219136 12061907
221184 12201765
223232 12298555
225280 12395834
227328 12464450
229376 12642916
231424 12722475
233472 12871473
235520 12972622
237568 13056607
239616 13212399
241664 13429313
243712 13470274
245760 13599409
247808 13638302
249856 13827157
251904 13748168
253952 14053094
256000 14008700
258048 14228504
260096 14265063
262144 14541460
