2048 17.4842
4096 38.0227
6144 60.9164
8192 83.3086
10240 109.401
12288 134.696
14336 159.517
16384 182.67
18432 210.541
20480 240.438
22528 268.126
24576 297.574
26624 323.839
28672 351.929
30720 382.232
32768 411.308
34816 447.337
36864 480.348
38912 512.828
40960 544.989
43008 578.998
45056 608.777
47104 642.153
49152 678.7
51200 707.804
53248 735.499
55296 763.558
57344 793.157
59392 826.569
61440 851.996
63488 884.673
65536 912.013
67584 942.716
69632 979.494
71680 1014.48
73728 1043.88
75776 1075.46
77824 1108.8
79872 1138.69
81920 1167.88
83968 1200.51
86016 1233.74
88064 1273.11
90112 1305.71
92160 1334.31
94208 1388.32
96256 1409.46
98304 1431
100352 1472.93
102400 1507.34
104448 1537.42
106496 1567.01
108544 1599.21
110592 1633.94
112640 1662.75
114688 1684.86
116736 1724.35
118784 1744.31
120832 1778.64
122880 1810.24
124928 1849.37
126976 1885.21
129024 1915.19
131072 1952.36
133120 1988.04
135168 2029.06
137216 2054.64
139264 2082.27
141312 2122.86
143360 2163.4
145408 2197.02
147456 2226.62
149504 2263.62
151552 2291.65
153600 2338.91
155648 2367.7
157696 2402.16
159744 2429.66
161792 2470.06
163840 2520.63
165888 2541.62
167936 2578.39
169984 2625.61
172032 2667.12
174080 2685.69
176128 2721.56
178176 2761.74
180224 2796.24
182272 2822.07
184320 2852.76
186368 2889.46
188416 2930.2
190464 2953.72
192512 2992.64
194560 3056.41
196608 3085.93
198656 3132.87
200704 3177.95
202752 3202.93
204800 3245.66
206848 3266.02
208896 3305.09
210944 3352.48
212992 3387.15
215040 3409.61
217088 3445.61
219136 3484.81
221184 3508.5
223232 3559.69
225280 3565.95
227328 3627.57
229376 3677.66
231424 3687.93
233472 3726.27
235520 3750.25
237568 3798.91
239616 3822.93
241664 3879.77
243712 3932.21
245760 3936.92
247808 3974.08
249856 4001.31
251904 4019.13
253952 4051.27
256000 4104.77
258048 4137.3
260096 4190.11
262144 4237.44
