2048 163203
4096 546999
6144 1181460
8192 2086299
10240 3357140
12288 4925420
14336 6843238
16384 9006486
18432 11546831
20480 14421788
22528 17512906
24576 20761403
26624 24440862
28672 28393525
30720 32937045
32768 37477093
34816 42542036
36864 47793609
38912 53969357
40960 59731878
43008 65711184
45056 72696706
47104 80138281
49152 87930273
51200 95940498
53248 104140662
55296 113270666
57344 123167314
59392 133074315
61440 143564325
63488 153971573
65536 164902542
67584 177237092
69632 189026545
71680 202733430
73728 215677544
75776 229620501
77824 244908980
79872 260039459
81920 275805807
83968 291888637
86016 310838040
88064 327174179
90112 345643863
92160 365512909
94208 384211997
96256 404866051
98304 425175110
100352 446754988
102400 468060234
104448 489112104
106496 513119497
108544 535214365
110592 560342803
112640 582083978
114688 610329200
116736 632840838
118784 659261501
120832 687090513
122880 714593588
124928 742382322
126976 771961756
129024 799313506
131072 829979478
133120 860398915
135168 889661287
137216 921792561
139264 951708165
141312 985464127
143360 1018899850
145408 1050212586
147456 1085085936
149504 1121359404
151552 1151491270
153600 1189035139
155648 1223949155
157696 1258247833
159744 1294181522
161792 1331088878
163840 1386953250
165888 1422336445
167936 1450944677
169984 1497566713
172032 1535884427
174080 1575716701
176128 1622848527
178176 1662127061
180224 1702298488
182272 1758147854
184320 1789534420
186368 1832859429
188416 1876497511
190464 1921333151
192512 1965248983
194560 2016757649
196608 2062959006
198656 2108811211
200704 2154347994
202752 2207444679
204800 2255854647
206848 2299898861
208896 2347775670
210944 2403370829
212992 2451457077
215040 2500270009
217088 2553780014
219136 2605625817
221184 2662982015
223232 2716628807
225280 2765281199
227328 2823450433
229376 2875834600
231424 2929182176
233472 2983593322
235520 3037458379
237568 3092539249
239616 3147625307
241664 3198828406
243712 3255469928
245760 3314875081
247808 3374819161
249856 3440898244
251904 3493490650
253952 3548150121
256000 3607394433
258048 3680594097
260096 3718304593
262144 3783929238
