2048 200647
4096 523910
6144 971450
8192 1586684
10240 2287059
12288 3160710
14336 4195029
16384 5432749
18432 6793607
20480 8325978
22528 9930389
24576 11747368
26624 13819955
28672 16017957
30720 18013365
32768 20559598
34816 23096131
36864 25790852
38912 28622213
40960 31822409
43008 34827913
45056 38412372
47104 42067520
49152 45797921
51200 49629120
53248 53469446
55296 58280830
57344 62784267
59392 67577332
61440 72274755
63488 77585803
65536 83108398
67584 88617366
69632 94421866
71680 100231876
73728 106427140
75776 113450062
77824 119490284
79872 127084813
81920 133653164
83968 140526822
86016 148111468
88064 155483713
90112 163586188
92160 171163004
94208 179095786
96256 188615978
98304 196639710
100352 205943951
102400 215480880
104448 225392792
106496 235304854
108544 245161501
110592 255645130
112640 266340117
114688 277734136
116736 288749443
118784 300253838
120832 312393829
122880 323763100
124928 337065050
126976 349122844
129024 362569884
131072 375491743
133120 388875915
135168 403314547
137216 417642656
139264 430894565
141312 445707197
143360 459374219
145408 475364804
147456 489847370
149504 506431429
151552 521062482
153600 539186596
155648 554602099
157696 570348884
159744 588583895
161792 604784437
163840 623201621
165888 641629212
167936 659954966
169984 677287784
172032 696421358
174080 715652083
176128 734458849
178176 755000403
180224 774987077
182272 793287472
184320 814208601
186368 835471291
188416 858450514
190464 879659483
192512 901662306
194560 931487529
196608 953721059
198656 975383084
200704 996685524
202752 1020147021
204800 1042499267
206848 1064241454
208896 1087926430
210944 1112450602
212992 1135576025
215040 1162201947
217088 1184336861
219136 1206963122
221184 1228455730
223232 1253881389
225280 1279244372
227328 1303378909
229376 1329501400
231424 1352560939
233472 1378368640
235520 1404518430
237568 1431337389
239616 1457762496
241664 1483898863
243712 1512201520
245760 1538157728
247808 1567660686
249856 1596613434
251904 1625162701
253952 1655463648
256000 1682296900
258048 1712259866
260096 1743582010
262144 1775562602
