2048 65.873
4096 130.43
6144 200.524
8192 265.227
10240 335.934
12288 403.676
14336 474.49
16384 544.296
18432 626.615
20480 703.168
22528 794.188
24576 867.569
26624 945.745
28672 1029.88
30720 1123.01
32768 1184.73
34816 1287.48
36864 1350.23
38912 1448.01
40960 1507.93
43008 1641.83
45056 1693.81
47104 1776.05
49152 1851.5
51200 1949.64
53248 2002.06
55296 2102.96
57344 2159.29
59392 2306.25
61440 2390.2
63488 2430.89
65536 2479.4
67584 2572.22
69632 2674.17
71680 2768.09
73728 2806.67
75776 2907.29
77824 2998.96
79872 3079.31
81920 3103.52
83968 3249.85
86016 3376.96
88064 3485.95
90112 3465.03
92160 3587.48
94208 3690.23
96256 3712.79
98304 3745.14
100352 3866.38
102400 3954.73
104448 4063.3
106496 4070
108544 4173.12
110592 4243.15
112640 4345.68
114688 4399.06
116736 4507.63
118784 4650.52
120832 4774.34
122880 4778.7
124928 4874.77
126976 4923.25
129024 4991.58
131072 5030.6
133120 5106.49
135168 5226.9
137216 5337.59
139264 5387.2
141312 5518.6
143360 5590.11
145408 5630.89
147456 5673.27
149504 5790.66
151552 5915.06
153600 5996
155648 6044.85
157696 6206.03
159744 6244.5
161792 6278.35
163840 6314.91
165888 6425.15
167936 6561.58
169984 6733.06
172032 6828.13
174080 6904.82
176128 6991.52
178176 7057.18
180224 7049.71
182272 7136.35
184320 7228.18
186368 7383.72
188416 7408.67
190464 7455.79
192512 7525.1
194560 7577.27
196608 7634.22
198656 7741.21
200704 7814.63
202752 7906.31
204800 8007.69
206848 8064.3
208896 8200.45
210944 8263.87
212992 8286.23
215040 8351.11
217088 8462.16
219136 8572.51
221184 8620.61
223232 8724.37
225280 8782.25
227328 8860.19
229376 8883.5
231424 9029.49
233472 9159.13
235520 9372.23
237568 9402.07
239616 9511.86
241664 9625.44
243712 9657.33
245760 9722.71
247808 9801.13
249856 9855.07
251904 9908.91
253952 9997.57
256000 10095.1
258048 10101.2
260096 10187.3
262144 10191.2
