2048 67.3205
4096 132.03
6144 203.503
8192 268.259
10240 337.074
12288 405.419
14336 477.975
16384 541.529
18432 627.27
20480 699.458
22528 803.588
24576 871.274
26624 940.569
28672 1016.33
30720 1116.97
32768 1161.6
34816 1269.17
36864 1330.56
38912 1408.41
40960 1486.66
43008 1614.06
45056 1681.64
47104 1762.4
49152 1819.04
51200 1921.16
53248 1979.18
55296 2043.03
57344 2119.9
59392 2264
61440 2321.96
63488 2385.85
65536 2394.02
67584 2509.83
69632 2609.48
71680 2682.08
73728 2743.63
75776 2853.56
77824 2899.7
79872 2981.02
81920 3047.33
83968 3197.89
86016 3287.92
88064 3407.55
90112 3416.78
92160 3523.18
94208 3524.57
96256 3598.38
98304 3683.94
100352 3786.39
102400 3893.11
104448 3923.55
106496 3927.91
108544 4065.43
110592 4119.27
112640 4190.87
114688 4269.01
116736 4398.4
118784 4559.94
120832 4598.63
122880 4634.28
124928 4780.32
126976 4757.59
129024 4803.94
131072 4807.49
133120 4945.54
135168 5031.73
137216 5170.81
139264 5268.86
141312 5383.01
143360 5362.6
145408 5409.49
147456 5511.81
149504 5623.4
151552 5779.9
153600 5792.01
155648 5828.91
157696 5972.86
159744 6040.22
161792 6057.08
163840 6141.59
165888 6221.91
167936 6355.69
169984 6513.57
172032 6593.93
174080 6710.03
176128 6839.3
178176 6898.76
180224 6877.31
182272 7001.97
184320 7065.76
186368 7135.04
188416 7110.61
190464 7366.53
192512 7306.47
194560 7360.36
196608 7397.61
198656 7492.21
200704 7606.42
202752 7706.55
204800 7749.63
206848 7865.16
208896 7903.1
210944 7965.59
212992 7990.33
215040 8102.37
217088 8275.47
219136 8274.93
221184 8306.82
223232 8436.92
225280 8468.26
227328 8548.88
229376 8608.3
231424 8758.86
233472 8901.77
235520 9007.4
237568 9110.88
239616 9265.37
241664 9293.94
243712 9339.47
245760 9398.15
247808 9475.37
249856 9565.32
251904 9603.81
253952 9621.51
256000 9708.37
258048 9715.57
260096 9768.71
262144 9734.43
