2048 159.317
4096 327.823
6144 512.15
8192 690.651
10240 872.428
12288 1043.61
14336 1238.64
16384 1423
18432 1640.49
20480 1849.36
22528 2054.79
24576 2262.15
26624 2461.08
28672 2642.52
30720 2896.54
32768 3023.7
34816 3269.46
36864 3481.76
38912 3730.34
40960 3911.77
43008 4154.31
45056 4338.2
47104 4536.46
49152 4682.13
51200 4972.56
53248 5120.5
55296 5400.05
57344 5566.49
59392 5861.26
61440 6042.61
63488 6271.33
65536 6405.82
67584 6694.3
69632 6949.5
71680 7167.37
73728 7339.84
75776 7568.91
77824 7722.29
79872 7889.26
81920 8196.75
83968 8339.11
86016 8703.8
88064 8812.98
90112 9034.29
92160 9252.09
94208 9416.89
96256 9542.5
98304 9845.58
100352 10081.2
102400 10275.2
104448 10530.1
106496 10761.4
108544 10991.6
110592 11249.3
112640 11430.1
114688 11555.3
116736 11827.7
118784 12080.9
120832 12314.2
122880 12596.6
124928 12780.9
126976 12941.5
129024 13069.1
131072 13265.6
133120 13621.6
135168 13930
137216 14188.2
139264 14474.8
141312 14502.8
143360 14953.5
145408 14957.2
147456 15245.1
149504 15492.5
151552 15727.6
153600 15892.1
155648 16237.8
157696 16446.6
159744 16561
161792 16712.2
163840 16923.2
165888 17085.9
167936 17379
169984 17544.8
172032 17949.2
174080 17946.5
176128 18343.3
178176 18480.6
180224 18683.2
182272 19014
184320 19088
186368 19457.9
188416 19618.8
190464 19753
192512 19967.5
194560 20153.2
196608 20527.3
198656 20776.6
200704 20919.7
202752 21249.4
204800 21461.4
206848 21661
208896 21974.9
210944 22157
212992 22248.5
215040 22552.7
217088 22779.9
219136 23062.7
221184 23251.2
223232 23407.6
225280 23590.9
227328 23750
229376 23914.8
231424 24203.1
233472 24568.1
235520 24859.4
237568 25072.6
239616 25503.7
241664 25696.4
243712 25946.2
245760 26222.6
247808 26367.9
249856 26561.2
251904 26875.3
253952 27187.3
256000 27204.9
258048 27278.9
260096 27360
262144 27633.3
