2048 22968
4096 47830
6144 82310
8192 100519
10240 134905
12288 169958
14336 191833
16384 210961
18432 246204
20480 282405
22528 329161
24576 356918
26624 388021
28672 404394
30720 436196
32768 464346
34816 500976
36864 538533
38912 571135
40960 614837
43008 645402
45056 735583
47104 724908
49152 775342
51200 780566
53248 827572
55296 832405
57344 875403
59392 884601
61440 932865
63488 928653
65536 976753
67584 994427
69632 1049246
71680 1055750
73728 1098564
75776 1110208
77824 1186068
79872 1211728
81920 1268531
83968 1309925
86016 1322057
88064 1364277
90112 1500203
92160 1493466
94208 1495655
96256 1545894
98304 1624324
100352 1641142
102400 1639419
104448 1668977
106496 1722335
108544 1724339
110592 1753742
112640 1819412
114688 1883367
116736 1910185
118784 1812465
120832 1836696
122880 1888889
124928 1892713
126976 1936379
129024 1957954
131072 2033939
133120 2050081
135168 2076099
137216 2083098
139264 2185584
141312 2184032
143360 2168042
145408 2221473
147456 2303329
149504 2320039
151552 2336262
153600 2423541
155648 2485595
157696 2501351
159744 2503108
161792 2527616
163840 2620688
165888 2676769
167936 2724249
169984 2744020
172032 2744468
174080 2823429
176128 2856884
178176 2969422
180224 3045613
182272 3072095
184320 3062669
186368 3037094
188416 3072885
190464 3126520
192512 3182670
194560 3222982
196608 3282661
198656 3337100
200704 3340958
202752 3332936
204800 3324471
206848 3414335
208896 3423227
210944 3465142
212992 3516439
215040 3579449
217088 3557186
219136 3540769
221184 3559343
223232 3612396
225280 3700406
227328 3733841
229376 3734047
231424 3765928
233472 3786270
235520 3861584
237568 3805729
239616 3822874
241664 3846195
243712 3872123
245760 3931000
247808 3981894
249856 3962874
251904 3933287
253952 3949581
256000 3999480
258048 3999522
260096 4047636
262144 4155040
