2048 122841
4096 249091
6144 388898
8192 530057
10240 674227
12288 839793
14336 1000964
16384 1137774
18432 1272935
20480 1415824
22528 1547715
24576 1710094
26624 1822217
28672 1921499
30720 2099038
32768 2241704
34816 2394256
36864 2567955
38912 2613806
40960 2809565
43008 2963887
45056 3084287
47104 3298117
49152 3433498
51200 3595367
53248 3722758
55296 3880115
57344 3989718
59392 4157399
61440 4314912
63488 4521708
65536 4653621
67584 4813541
69632 5010758
71680 5108084
73728 5221601
75776 5489752
77824 5589777
79872 5767251
81920 5898065
83968 6088227
86016 6222085
88064 6251646
90112 6476034
92160 6619444
94208 6848853
96256 6973900
98304 7130680
100352 7275212
102400 7445728
104448 7656926
106496 7776347
108544 7958994
110592 8191240
112640 8192708
114688 8393288
116736 8747868
118784 8857862
120832 8952672
122880 9082806
124928 9315143
126976 9420152
129024 9566823
131072 9807403
133120 9885076
135168 10189259
137216 10366633
139264 10493961
141312 10619574
143360 10898075
145408 10959910
147456 10962854
149504 11282199
151552 11391938
153600 11689855
155648 11717208
157696 11857460
159744 12134355
161792 12447721
163840 12548033
165888 12542455
167936 12910833
169984 12909368
172032 13270005
174080 13353816
176128 13397875
178176 13427303
180224 13912417
182272 13794290
184320 14196974
186368 14211156
188416 14297594
190464 14590959
192512 14748018
194560 14877300
196608 15057899
198656 15203719
200704 15477513
202752 15762115
204800 15693868
206848 16019301
208896 16127664
210944 16622445
212992 16677962
215040 16567489
217088 16798105
219136 16744216
221184 17246390
223232 17392328
225280 17487787
227328 17651358
229376 17828382
231424 18334183
233472 18034539
235520 18393650
237568 18547913
239616 18556005
241664 18880994
243712 19123591
245760 18999905
247808 19342287
249856 19532683
251904 19785268
253952 19964561
256000 20099137
258048 20122485
260096 20575756
262144 20551447
