2048 22.6079
4096 45.8291
6144 80.6577
8192 98.3619
10240 131.604
12288 168.746
14336 188.702
16384 205.522
18432 240.884
20480 274.357
22528 316.865
24576 354.961
26624 383.186
28672 407.532
30720 436.898
32768 457.431
34816 495.002
36864 534.276
38912 571.354
40960 599.699
43008 635.72
45056 690.253
47104 721.954
49152 779.483
51200 787.166
53248 832.467
55296 833.48
57344 884.631
59392 888.646
61440 926.936
63488 931.373
65536 953.856
67584 976.872
69632 1024.31
71680 1047.36
73728 1107.62
75776 1112.68
77824 1209.88
79872 1190.84
81920 1249.49
83968 1296.69
86016 1327.81
88064 1372.11
90112 1450.63
92160 1477.23
94208 1491.4
96256 1529.51
98304 1601.93
100352 1624.41
102400 1625.73
104448 1657.82
106496 1721.18
108544 1722.17
110592 1707.5
112640 1751.22
114688 1805.48
116736 1811.42
118784 1818.04
120832 1850.09
122880 1872.38
124928 1890.92
126976 1903.98
129024 1905.83
131072 1968.96
133120 1996.73
135168 2016.14
137216 2059.75
139264 2131.1
141312 2144.84
143360 2165.55
145408 2205.61
147456 2281.96
149504 2273.19
151552 2295.26
153600 2338.73
155648 2440.47
157696 2439.69
159744 2458.62
161792 2508.39
163840 2552.08
165888 2604.85
167936 2643.41
169984 2713.43
172032 2721.79
174080 2804.78
176128 2836.58
178176 2911.21
180224 2965.35
182272 3024.95
184320 3070.41
186368 3022.91
188416 3066.99
190464 3094.9
192512 3176.71
194560 3214.29
196608 3282.86
198656 3391.05
200704 3354.67
202752 3329.5
204800 3324.05
206848 3440.27
208896 3474.6
210944 3487.77
212992 3515.27
215040 3594.58
217088 3579.16
219136 3543.2
221184 3573.87
223232 3648.73
225280 3647.64
227328 3696.77
229376 3749.45
231424 3790.96
233472 3795.69
235520 3744.73
237568 3789.74
239616 3857.78
241664 3873.86
243712 3874.27
245760 3927.45
247808 4008.12
249856 3946.34
251904 3943.91
253952 3981.51
256000 3979.35
258048 4002.36
260096 4025.14
262144 4158.66
