4 289
16 919
36 2225
64 4036
100 6447
144 9802
196 13649
256 18890
324 24234
400 30588
484 38120
576 46353
676 55289
784 65834
900 76258
1024 88529
1156 101290
1296 115732
1444 130229
1600 146517
1764 161957
1936 180373
2116 199805
2304 218106
2500 241054
2704 260720
2916 282860
3136 306785
3364 331217
3600 357856
3844 383299
4096 413973
4356 441461
4624 472333
4900 501180
5184 533771
5476 565179
5776 601184
6084 633902
6400 672392
6724 709561
7056 745757
7396 787506
7744 829509
8100 867992
8464 912398
8836 954115
9216 1000687
9604 1047752
10000 1092515
10404 1139607
10816 1190101
11236 1240953
11664 1289794
12100 1340265
12544 1400685
12996 1453814
13456 1512031
13924 1568306
14400 1628483
14884 1687710
15376 1746475
15876 1814393
16384 1880387
16900 1938865
17424 2005547
17956 2064626
18496 2136907
19044 2210816
19600 2281333
20164 2352251
20736 2423543
21316 2492727
21904 2571464
22500 2644905
23104 2724422
23716 2799157
24336 2875029
24964 2958701
25600 3042844
26244 3116932
26896 3208886
27556 3288731
28224 3381472
28900 3470786
29584 3560722
30276 3659920
30976 3755528
31684 3845736
32400 3943278
33124 4037935
33856 4137282
34596 4229847
35344 4334545
36100 4434699
36864 4536752
37636 4637599
38416 4740246
39204 4841145
40000 4950570
40804 5058364
41616 5177969
42436 5274855
43264 5386971
44100 5495296
44944 5622713
45796 5720623
46656 5853925
47524 5958462
48400 6084024
49284 6209379
50176 6320449
51076 6454872
51984 6587558
52900 6698361
53824 6841825
54756 6961364
55696 7099951
56644 7223677
57600 7342180
58564 7487277
59536 7586978
60516 7771020
61504 7906987
62500 8058216
63504 8203813
64516 8344442
65536 8492531
66564 8643118
67600 8783537
68644 8928763
69696 9090538
70756 9239676
71824 9397641
72900 9542508
73984 9703887
75076 9856041
76176 10009115
77284 10163633
78400 10344449
79524 10496570
80656 10660737
81796 10818347
82944 10978021
84100 11148001
85264 11333561
86436 11501122
87616 11666770
88804 11836254
90000 12011668
91204 12194818
92416 12374052
93636 12555674
94864 12743996
96100 12919684
97344 13112196
98596 13298737
99856 13475483
101124 13678769
102400 13863741
103684 14065632
104976 14265794
106276 14464919
107584 14657451
108900 14854198
110224 15060387
111556 15258564
112896 15461144
114244 15696785
115600 15904934
116964 16099484
118336 16305523
119716 16521303
121104 16742632
122500 16955261
123904 17186712
125316 17411555
126736 17613928
128164 17856234
129600 18087403
131044 18298182
132496 18519975
133956 18752535
135424 18985078
136900 19211415
138384 19445777
139876 19655772
141376 19905604
142884 20144880
144400 20371963
145924 20610857
147456 20867012
148996 21101874
150544 21337266
152100 21589567
153664 21830611
155236 22084011
156816 22343365
158404 22566295
160000 22825604
161604 23089542
163216 23380778
164836 23585998
166464 23848008
168100 24103995
169744 24385690
171396 24626918
173056 24890203
174724 25154524
176400 25368418
178084 25696271
179776 25975265
181476 26249663
183184 26532284
184900 26781408
186624 27019232
188356 27297426
190096 27564900
191844 27972368
193600 28080228
195364 28333304
197136 28700766
198916 28938460
200704 29235001
202500 29536130
204304 29825415
206116 30129881
207936 30424117
209764 30730234
211600 31041739
213444 31341029
215296 31603984
217156 31917649
219024 32255432
220900 32587587
222784 32856369
224676 33203223
226576 33496018
228484 33814767
230400 34114890
232324 34398943
234256 34756929
236196 35083846
238144 35431851
240100 35745314
242064 36092242
244036 36391835
246016 36733511
248004 37094173
250000 37458965
252004 37762493
254016 38087738
256036 38248493
258064 38809045
260100 39103432
262144 39473660
