4 0.236
16 0.6115
36 1.413
64 2.5975
100 4.1535
144 5.951
196 8.4725
256 11.5715
324 14.773
400 18.8635
484 23.1445
576 27.6145
676 32.607
784 37.8665
900 43.6355
1024 49.9645
1156 57.093
1296 63.6815
1444 70.9595
1600 79.113
1764 86.886
1936 96.038
2116 106.641
2304 116.271
2500 125.864
2704 132.459
2916 143.137
3136 159.036
3364 165.615
3600 175.668
3844 187.89
4096 197.64
4356 214.519
4624 231.16
4900 242.716
5184 257.504
5476 270.755
5776 291.252
6084 303.021
6400 314.016
6724 336.007
7056 355.352
7396 368.851
7744 393.729
8100 402.988
8464 438.865
8836 447.83
9216 468.183
9604 494.504
10000 509.377
10404 529.515
10816 552.946
11236 570.307
11664 595.826
12100 617.692
12544 652.919
12996 673.94
13456 691.984
13924 733.66
14400 752.266
14884 770.373
15376 799.065
15876 826.138
16384 836.486
16900 878.27
17424 891.344
17956 924.411
18496 967.318
19044 988.994
19600 1012.01
20164 1036.83
20736 1078.71
21316 1101.92
21904 1135.14
22500 1164.71
23104 1204.33
23716 1219.47
24336 1258.78
24964 1299.83
25600 1332.75
26244 1376.22
26896 1414.26
27556 1435.42
28224 1471.18
28900 1505.8
29584 1538.43
30276 1576.72
30976 1612.01
31684 1672.78
32400 1711.75
33124 1760.14
33856 1782.09
34596 1830.86
35344 1885.86
36100 1927.65
36864 1953.83
37636 1998.25
38416 2048.38
39204 2098.75
40000 2146.79
40804 2204.24
41616 2216.22
42436 2290.97
43264 2307.78
44100 2340.21
44944 2379.92
45796 2436.6
46656 2487.66
47524 2541.66
48400 2572.65
49284 2639.17
50176 2693.81
51076 2700.16
51984 2797.45
52900 2841.91
53824 2882.07
54756 2950.95
55696 2987.3
56644 3052.6
57600 3087.32
58564 3142.84
59536 3209.8
60516 3257.43
61504 3311.39
62500 3364.82
63504 3429.27
64516 3489.27
65536 3533.63
66564 3573.2
67600 3640.53
68644 3727.95
69696 3768.27
70756 3828.07
71824 3873.24
72900 3948.89
73984 4020.51
75076 4077.55
76176 4145.51
77284 4201.21
78400 4248.57
79524 4295.33
80656 4367.72
81796 4441.82
82944 4524.03
84100 4579.03
85264 4665.51
86436 4697.75
87616 4772.74
88804 4830.7
90000 4900.91
91204 4972.55
92416 5026.41
93636 5095.89
94864 5178.37
96100 5273.31
97344 5317.39
98596 5388.47
99856 5440.08
101124 5514.81
102400 5577.67
103684 5686.05
104976 5736.95
106276 5807.69
107584 5900.71
108900 5962.83
110224 6052.29
111556 6097.6
112896 6197.07
114244 6239.08
115600 6330.36
116964 6424.44
118336 6488.25
119716 6544.99
121104 6614.6
122500 6681.89
123904 6795.5
125316 6889.63
126736 6972.75
128164 7009.67
129600 7106.64
131044 7200.45
132496 7294.71
133956 7349.21
135424 7543.44
136900 7575.97
138384 7610.04
139876 7714.81
141376 7826.9
142884 7900.86
144400 7939.21
145924 8077.7
147456 8145.71
148996 8346.9
150544 8343.94
152100 8478.94
153664 8514.21
155236 8575.13
156816 8736.83
158404 8808.17
160000 8910.48
161604 8976.13
163216 9096.28
164836 9176.46
166464 9276.11
168100 9380.71
169744 9456.05
171396 9580.01
173056 9668.75
174724 9830.35
176400 9856.75
178084 9951.6
179776 10050.3
181476 10169.9
183184 10240.9
184900 10365.8
186624 10463.7
188356 10555.8
190096 10684.4
191844 10750.5
193600 10856.8
195364 11008.7
197136 11108.7
198916 11230.6
200704 11293
202500 11444.5
204304 11548.4
206116 11637.8
207936 11775.8
209764 11819.7
211600 11935.3
213444 12067
215296 12262.4
217156 12259.6
219024 12363.1
220900 12631.1
222784 12613.2
224676 12784.7
226576 12883.2
228484 12943
230400 13068.6
232324 13240
234256 13321.3
236196 13434.1
238144 13579.1
240100 13647.9
242064 13749.5
244036 13850.2
246016 14013.5
248004 14106.5
250000 14254.1
252004 14316
254016 14488.9
256036 14574.5
258064 14719.4
260100 14780.1
262144 14937.3
