4 0.2725
16 0.6455
36 1.495
64 2.8105
100 4.5135
144 6.657
196 9.481
256 12.807
324 16.444
400 20.6
484 25.036
576 31.006
676 36.5625
784 43.2435
900 49.5815
1024 57.727
1156 62.4525
1296 71.594
1444 78.352
1600 88.9755
1764 97.2485
1936 106.685
2116 117.114
2304 127.992
2500 139.786
2704 151.657
2916 164.392
3136 179.503
3364 194.544
3600 206.735
3844 216.522
4096 234.665
4356 246.785
4624 264.727
4900 275.387
5184 290.166
5476 313.574
5776 325.417
6084 340.808
6400 361.754
6724 393.265
7056 404.832
7396 431.264
7744 445.452
8100 468.855
8464 489.772
8836 511.905
9216 534.668
9604 560.658
10000 577.951
10404 597.099
10816 617.486
11236 646.487
11664 677.61
12100 705.962
12544 727.647
12996 751.928
13456 784.099
13924 808.908
14400 837.462
14884 871.459
15376 883.668
15876 924.469
16384 940.374
16900 967.976
17424 991.602
17956 1031.93
18496 1061.55
19044 1080.5
19600 1122.31
20164 1152.73
20736 1174.49
21316 1216.02
21904 1247.68
22500 1278.49
23104 1304.65
23716 1348.53
24336 1381.12
24964 1424.1
25600 1461.6
26244 1500.19
26896 1538.77
27556 1583.61
28224 1606.92
28900 1656.9
29584 1696.95
30276 1748.51
30976 1766.77
31684 1830.17
32400 1862.44
33124 1917.48
33856 1952.64
34596 2007.52
35344 2046.44
36100 2103.69
36864 2138.33
37636 2202.21
38416 2237.98
39204 2294.65
40000 2340.23
40804 2388.51
41616 2441.05
42436 2468.96
43264 2544.39
44100 2585.18
44944 2635.3
45796 2691.78
46656 2737.88
47524 2811.36
48400 2870.3
49284 2907.27
50176 2955.52
51076 3016.47
51984 3068.59
52900 3143.26
53824 3197.05
54756 3253.6
55696 3313.84
56644 3364.52
57600 3414.06
58564 3480.87
59536 3549.5
60516 3607.61
61504 3649.29
62500 3733.19
63504 3792.61
64516 3856.2
65536 3907.13
66564 3965.06
67600 4057.24
68644 4111.42
69696 4165.78
70756 4228.24
71824 4296.89
72900 4365.98
73984 4430.18
75076 4485.24
76176 4567.99
77284 4639.54
78400 4695.22
79524 4748.37
80656 4845.83
81796 4908.37
82944 4978.67
84100 5037.47
85264 5154.02
86436 5197.21
87616 5279.61
88804 5349.33
90000 5397.26
91204 5496.23
92416 5591.06
93636 5658.11
94864 5738.85
96100 5802.91
97344 5899.51
98596 5977.91
99856 6039.47
101124 6090.35
102400 6220.9
103684 6289.19
104976 6391.27
106276 6459.67
107584 6516.8
108900 6611.67
110224 6713.37
111556 6779.18
112896 6843.24
114244 6951.74
115600 7027.27
116964 7129.98
118336 7195.42
119716 7330.56
121104 7366.45
122500 7460.1
123904 7558.67
125316 7657.46
126736 7732.14
128164 7838.99
129600 7933.22
131044 7998.62
132496 8104.68
133956 8218.52
135424 8305.13
136900 8416.32
138384 8463.24
139876 8627.74
141376 8725.95
142884 8833.91
144400 8881.59
145924 9008.3
147456 9051.56
148996 9155.87
150544 9234.78
152100 9363.01
153664 9459.2
155236 9613.58
156816 9676.36
158404 9787.65
160000 9860.16
161604 9948.25
163216 10056.1
164836 10193
166464 10280.5
168100 10397.6
169744 10505.7
171396 10599
173056 10723.4
174724 10831.4
176400 10923.2
178084 11015.2
179776 11137.6
181476 11272
183184 11413
184900 11490.6
186624 11596.3
188356 11743
190096 11869.7
191844 11965.3
193600 12031
195364 12142
197136 12368.3
198916 12386.9
200704 12484.7
202500 12630.3
204304 12772.5
206116 12865.5
207936 12958.2
209764 13123.6
211600 13216.6
213444 13347.5
215296 13449.9
217156 13796.3
219024 13840.2
220900 13906.3
222784 13999.6
224676 14092.9
226576 14277.7
228484 14413.5
230400 14447.5
232324 14671.1
234256 14706.1
236196 14887.9
238144 15041.4
240100 15098.2
242064 15227.7
244036 15356.1
246016 15446.6
248004 15674
250000 15889.9
252004 15855.2
254016 16084.6
256036 16258.3
258064 16248.6
260100 16488.7
262144 16450.1
