4 387
16 232
36 412
64 687
100 1014
144 1428
196 1867
256 2385
324 3145
400 3870
484 4730
576 5874
676 6995
784 8192
900 9496
1024 10934
1156 12716
1296 14470
1444 16378
1600 18372
1764 20499
1936 22739
2116 25317
2304 27946
2500 30699
2704 33636
2916 36756
3136 39859
3364 43125
3600 46524
3844 50029
4096 53701
4356 57858
4624 61999
4900 66372
5184 70959
5476 75406
5776 80157
6084 85043
6400 90011
6724 95065
7056 100361
7396 105673
7744 112880
8100 116766
8464 123138
8836 129587
9216 136257
9604 143091
10000 149897
10404 157033
10816 164249
11236 171577
11664 179009
12100 186643
12544 194400
12996 202297
13456 210309
13924 218518
14400 226959
14884 235412
15376 243941
15876 252780
16384 261501
16900 271699
17424 281787
17956 292154
18496 302452
19044 313011
19600 323660
20164 334574
20736 345565
21316 358245
21904 370722
22500 379724
23104 391328
23716 403062
24336 415013
24964 427230
25600 439508
26244 452014
26896 464384
27556 477105
28224 490077
28900 503165
29584 516432
30276 529799
30976 546500
31684 556971
32400 570775
33124 585458
33856 600788
34596 615970
35344 635144
36100 648168
36864 663711
37636 679726
38416 696061
39204 715628
40000 729342
40804 746271
41616 763280
42436 783984
43264 798095
44100 815984
44944 833245
45796 854032
46656 870403
47524 887121
48400 905426
49284 927470
50176 942802
51076 961681
51984 984404
52900 1000360
53824 1019471
54756 1038917
55696 1060417
56644 1078897
57600 1098213
58564 1121335
59536 1139106
60516 1162585
61504 1180688
62500 1201538
63504 1223741
64516 1243719
65536 1265008
66564 1291445
67600 1311657
68644 1336146
69696 1358346
70756 1382213
71824 1409068
72900 1430304
73984 1456160
75076 1479265
76176 1505168
77284 1529648
78400 1555686
79524 1579236
80656 1606970
81796 1631010
82944 1658059
84100 1683308
85264 1710327
86436 1735255
87616 1764095
88804 1789003
90000 1818245
91204 1842905
92416 1871683
93636 1898023
94864 1927212
96100 1954221
97344 1980457
98596 2010960
99856 2038012
101124 2068843
102400 2096249
103684 2123261
104976 2155909
106276 2184243
107584 2211699
108900 2243056
110224 2273234
111556 2300484
112896 2333011
114244 2362749
115600 2393334
116964 2421080
118336 2456132
119716 2484799
121104 2518002
122500 2547621
123904 2579910
125316 2612221
126736 2645303
128164 2674964
129600 2708766
131044 2741501
132496 2778789
133956 2811995
135424 2847721
136900 2884310
138384 2917718
139876 2956395
141376 2991642
142884 3028855
144400 3065124
145924 3103466
147456 3139333
148996 3176544
150544 3214888
152100 3252588
153664 3290844
155236 3328197
156816 3366716
158404 3405721
160000 3443709
161604 3483311
163216 3522623
164836 3562677
166464 3602858
168100 3641584
169744 3682499
171396 3721372
173056 3762199
174724 3803749
176400 3844108
178084 3884495
179776 3925428
181476 3966575
183184 4008179
184900 4048804
186624 4090407
188356 4135919
190096 4175469
191844 4218586
193600 4261397
195364 4306457
197136 4362883
198916 4405541
200704 4452765
202500 4494459
204304 4539267
206116 4580460
207936 4628053
209764 4671716
211600 4714149
213444 4763641
215296 4807646
217156 4851662
219024 4897033
220900 4944006
222784 4988656
224676 5035762
226576 5080166
228484 5127474
230400 5171846
232324 5221998
234256 5269182
236196 5314588
238144 5362826
240100 5408742
242064 5459080
244036 5507440
246016 5553357
248004 5601226
250000 5652101
252004 5701401
254016 5749026
256036 5800214
258064 5848279
260100 5900056
262144 5948961
