4 593
16 880
36 2127
64 3871
100 6265
144 6867
196 9680
256 12849
324 18333
400 23711
484 31479
576 41081
676 52690
784 64962
900 78638
1024 93819
1156 110843
1296 130045
1444 152478
1600 177334
1764 203924
1936 234909
2116 268883
2304 305261
2500 344170
2704 385226
2916 431648
3136 483885
3364 538605
3600 593957
3844 655681
4096 723623
4356 794261
4624 869703
4900 946265
5184 1033061
5476 1128945
5776 1227697
6084 1335859
6400 1453390
6724 1570336
7056 1703398
7396 1837492
7744 1979663
8100 2127341
8464 2283803
8836 2454059
9216 2627707
9604 2814329
10000 3009360
10404 3218492
10816 3440703
11236 3676697
11664 3922525
12100 4185605
12544 4460337
12996 4764984
13456 5056927
13924 5385816
14400 5714495
14884 6062562
15376 6419446
15876 6832785
16384 7212646
16900 7646008
17424 8093562
17956 8557513
18496 9046392
19044 9629478
19600 10097449
20164 10645982
20736 11218504
21316 11841770
21904 12446522
22500 13165620
23104 13871817
23716 14558650
24336 15228147
24964 16057498
25600 16825638
26244 17573116
26896 18325169
27556 19237083
28224 20091838
28900 21129087
29584 21976097
30276 23118253
30976 24080887
31684 25229262
32400 26192231
33124 27477017
33856 28686932
34596 29834971
35344 31165017
36100 32328863
36864 33757716
37636 34904039
38416 36479887
39204 37915135
40000 39719994
40804 40872129
41616 42573695
42436 44268541
43264 45971015
44100 47637425
44944 49520610
45796 51585354
46656 53918673
47524 55725116
48400 57685795
49284 59849244
50176 62286979
51076 64188631
51984 66165964
52900 68977809
53824 71580153
54756 73673652
55696 76371442
56644 79163941
57600 82316085
58564 85201845
59536 87946929
60516 91008149
61504 94439017
62500 97018448
63504 99960139
64516 103567204
65536 106842683
66564 110192170
67600 113329497
68644 117172495
69696 121351203
70756 125932850
71824 129859898
72900 133692463
73984 138210897
75076 142904081
76176 147592879
77284 152518672
78400 157075531
79524 161912628
80656 166748208
81796 171905622
82944 177474477
84100 183025052
85264 188389167
86436 193698383
87616 200783116
88804 206646407
90000 212105347
91204 219485912
92416 225365996
93636 231945659
94864 238685393
96100 246901601
97344 253062508
98596 260802274
99856 269024244
101124 277309789
102400 284743471
103684 293051938
104976 302486954
106276 311081940
107584 319333569
108900 329539002
110224 339311904
111556 348757918
112896 358867235
114244 367968902
115600 377776445
116964 388065662
118336 398838298
119716 409433126
121104 419915349
122500 431108984
123904 442389600
125316 453756935
126736 465971227
128164 478954156
129600 489549145
131044 503069674
132496 514733690
133956 528054627
135424 541706289
136900 555210961
138384 568900779
139876 582705597
141376 597640535
142884 612304672
144400 627614155
145924 643117302
147456 658896924
148996 673871000
150544 690374492
152100 706542948
153664 722818301
155236 740858848
156816 757563566
158404 775105491
160000 792535443
161604 811449907
163216 830702835
164836 849131064
166464 868533339
168100 888327691
169744 913715093
171396 930207561
173056 949028412
174724 969670097
176400 990792815
178084 1012857195
179776 1037189232
181476 1059300952
183184 1086125061
184900 1108805752
186624 1130198210
188356 1155148711
190096 1178651850
191844 1201319906
193600 1184910575
195364 1208918056
197136 1237294785
198916 1262344738
200704 1288748869
202500 1318366781
204304 1346297238
206116 1370928887
207936 1398557935
209764 1426212475
211600 1455883250
213444 1483081794
215296 1512944961
217156 1544992371
219024 1577577895
220900 1613109464
222784 1644594567
224676 1666507428
226576 1699936720
228484 1731573586
230400 1765460110
232324 1798251276
234256 1833491406
236196 1866816452
238144 1902069390
240100 1936428341
242064 1971703738
244036 2015530437
246016 2055998563
248004 2090863585
250000 2129105786
252004 2168686292
254016 2206878410
256036 2245107414
258064 2283912460
260100 2323807296
262144 2363507551
