4 503
16 421
36 906
64 1339
100 2306
144 3431
196 5367
256 7065
324 9806
400 13337
484 17788
576 23424
676 30242
784 38445
900 48264
1024 59984
1156 74138
1296 90801
1444 110007
1600 132362
1764 157348
1936 185675
2116 218361
2304 254904
2500 296073
2704 342718
2916 393495
3136 454614
3364 517093
3600 589133
3844 666140
4096 752520
4356 846700
4624 948650
4900 1059623
5184 1180851
5476 1313764
5776 1452033
6084 1605617
6400 1769207
6724 1946940
7056 2136909
7396 2339338
7744 2555963
8100 2788170
8464 3035608
8836 3298589
9216 3586881
9604 3909754
10000 4239685
10404 4612399
10816 5001282
11236 5388822
11664 5852247
12100 6371906
12544 6823977
12996 7335026
13456 7820274
13924 8396519
14400 9055516
14884 9683581
15376 10354641
15876 11116617
16384 11779257
16900 12557542
17424 13372564
17956 14298566
18496 15151807
19044 15976277
19600 17071773
20164 17923987
20736 19000962
21316 20089732
21904 21388471
22500 22597269
23104 23825228
23716 25124151
24336 26418642
24964 27964176
25600 29342763
26244 30773783
26896 32246864
27556 33866162
28224 35637719
28900 37438361
29584 39215091
30276 41040094
30976 43258457
31684 44933607
32400 47016548
33124 49308386
33856 51327825
34596 53868422
35344 56518304
36100 59036235
36864 62275349
37636 65544391
38416 67631571
39204 70827456
40000 73218479
40804 76705352
41616 79866777
42436 83838929
43264 87896317
44100 90903077
44944 94500827
45796 98922933
46656 102887957
47524 106520419
48400 111277164
49284 115690740
50176 120511168
51076 125196107
51984 130469493
52900 134836710
53824 140850565
54756 144947901
55696 151124698
56644 157601263
57600 163354877
58564 169311739
59536 175662493
60516 182504869
61504 189733307
62500 195886787
63504 203982143
64516 210821996
65536 219060312
66564 226587740
67600 234974672
68644 242909127
69696 251926776
70756 261845745
71824 271399806
72900 281129917
73984 291059067
75076 300767784
76176 312020230
77284 323123741
78400 333723856
79524 346047934
80656 357143597
81796 369137512
82944 383564162
84100 395161125
85264 408272099
86436 421942965
87616 436499297
88804 450474806
90000 465451388
91204 480815536
92416 495746627
93636 511706991
94864 529101472
96100 544647134
97344 564062063
98596 579626836
99856 597214917
101124 616523621
102400 634256350
103684 655154304
104976 672544212
106276 693655561
107584 714760405
108900 734858307
110224 755324908
111556 779486175
112896 799965491
114244 821654897
115600 844505430
116964 868734678
118336 892949881
119716 916478684
121104 941865522
122500 967797360
123904 994146272
125316 1019598180
126736 1047211913
128164 1073601819
129600 1102605667
131044 1130624361
132496 1159818136
133956 1189625254
135424 1219662381
136900 1250130042
138384 1280130127
139876 1311119118
141376 1343531864
142884 1376314819
144400 1409524538
145924 1444467255
147456 1478704951
148996 1512541993
150544 1548187166
152100 1583525033
153664 1620437977
155236 1657589641
156816 1694779094
158404 1733609040
160000 1772381576
161604 1811351731
163216 1852023103
164836 1892478459
166464 1933646537
168100 1975967795
169744 2019157858
171396 2061190792
173056 2106306452
174724 2149420878
176400 2195337366
178084 2242453144
179776 2288081540
181476 2335792652
183184 2382445187
184900 2434654261
186624 2479686534
188356 2531244820
190096 2583363308
191844 2633538489
193600 2678049663
195364 2729561068
197136 2783990084
198916 2837565817
200704 2894659330
202500 2949894178
204304 3009507716
206116 3064481857
207936 3119298221
209764 3183674561
211600 3242154610
213444 3302584713
215296 3361342492
217156 3425538779
219024 3487845927
220900 3550439161
222784 3613288841
224676 3679350862
226576 3744470942
228484 3811519436
230400 3880396505
232324 3947972170
234256 4017725796
236196 4086636404
238144 4160993615
240100 4231762671
242064 4304592250
244036 4380154947
246016 4455254626
248004 4529469534
250000 4605375604
252004 4684741201
254016 4762471329
256036 4845600297
258064 4921419237
260100 5004288492
262144 5086906829
