4 748
16 968
36 1723
64 2855
100 4678
144 6271
196 8328
256 10748
324 13897
400 16899
484 21294
576 24495
676 29811
784 33531
900 38210
1024 43124
1156 48624
1296 55069
1444 62923
1600 68353
1764 75440
1936 83407
2116 90952
2304 96825
2500 108416
2704 117907
2916 127467
3136 134952
3364 143915
3600 154201
3844 167911
4096 175718
4356 189933
4624 196586
4900 213008
5184 221739
5476 242644
5776 253780
6084 265382
6400 278677
6724 290973
7056 308396
7396 324708
7744 338795
8100 353319
8464 371997
8836 389474
9216 396951
9604 424356
10000 440877
10404 452883
10816 480571
11236 501433
11664 520987
12100 534640
12544 549097
12996 570851
13456 585856
13924 612314
14400 629163
14884 660821
15376 678126
15876 701332
16384 719850
16900 747008
17424 778727
17956 795513
18496 804912
19044 844125
19600 879415
20164 898555
20736 909950
21316 948625
21904 989282
22500 1006863
23104 1038529
23716 1064043
24336 1081523
24964 1105466
25600 1135018
26244 1161542
26896 1186019
27556 1222022
28224 1257783
28900 1277559
29584 1325309
30276 1376085
30976 1384946
31684 1414908
32400 1442690
33124 1475452
33856 1515994
34596 1571125
35344 1594129
36100 1621498
36864 1624709
37636 1680025
38416 1733307
39204 1781288
40000 1832065
40804 1822323
41616 1850091
42436 1919499
43264 1969785
44100 2022993
44944 2056911
45796 2076060
46656 2119191
47524 2161402
48400 2187709
49284 2196167
50176 2240691
51076 2292257
51984 2327108
52900 2362204
53824 2395460
54756 2457860
55696 2503234
56644 2551338
57600 2573640
58564 2636838
59536 2697907
60516 2771416
61504 2769453
62500 2823282
63504 2857293
64516 2897113
65536 2944848
66564 3017666
67600 3063563
68644 3130702
69696 3178684
70756 3231225
71824 3259501
72900 3288974
73984 3293188
75076 3370244
76176 3507739
77284 3530994
78400 3571038
79524 3647259
80656 3684428
81796 3650888
82944 3713916
84100 3799860
85264 3890947
86436 3998990
87616 4080983
88804 4187527
90000 4161803
91204 4191505
92416 4251679
93636 4303756
94864 4359553
96100 4397321
97344 4428409
98596 4437946
99856 4496083
101124 4568032
102400 4634544
103684 4690747
104976 4756188
106276 4772822
107584 4845062
108900 4945799
110224 5003619
111556 5096495
112896 5148038
114244 5151877
115600 5230834
116964 5321278
118336 5419528
119716 5510283
121104 5611314
122500 5650757
123904 5667751
125316 5740701
126736 5781018
128164 5852659
129600 5911565
131044 5957125
132496 6060204
133956 6143210
135424 6214016
136900 6315738
138384 6413305
139876 6611732
141376 6744582
142884 6741550
144400 6690107
145924 6727224
147456 6721142
148996 6789744
150544 6912981
152100 7089652
153664 7198609
155236 7249868
156816 7303798
158404 7441554
160000 7541579
161604 7531611
163216 7563906
164836 7582075
166464 7680422
168100 7780583
169744 7957420
171396 8062240
173056 8171931
174724 8302475
176400 8407089
178084 8510617
179776 8525843
181476 8515141
183184 8603679
184900 8653811
186624 8714243
188356 8817658
190096 8875363
191844 8901140
193600 8946491
195364 8941702
197136 8963668
198916 9057449
200704 9158023
202500 9285157
204304 9357439
206116 9453637
207936 9509405
209764 9619698
211600 9655055
213444 9685769
215296 9805178
217156 9942929
219024 10036534
220900 10140107
222784 10257188
224676 10337977
226576 10424594
228484 10444699
230400 10530382
232324 10655702
234256 10793118
236196 10940244
238144 11058412
240100 11208455
242064 11353168
244036 11452711
246016 11379872
248004 11486204
250000 11713298
252004 11731333
254016 11911888
256036 12016744
258064 11914330
260100 12023922
262144 12141013
