4 896
16 1354
36 3198
64 5047
100 8913
144 12456
196 17102
256 21921
324 28796
400 36176
484 44755
576 54156
676 63807
784 74361
900 86671
1024 99193
1156 113059
1296 128566
1444 144632
1600 161179
1764 176795
1936 197867
2116 218460
2304 238139
2500 259774
2704 283835
2916 305349
3136 329444
3364 357095
3600 381347
3844 414459
4096 437166
4356 476475
4624 502124
4900 536460
5184 569960
5476 605371
5776 638188
6084 669051
6400 713972
6724 748900
7056 783802
7396 831360
7744 873872
8100 913312
8464 960568
8836 1012096
9216 1051830
9604 1106623
10000 1147860
10404 1199571
10816 1255716
11236 1297146
11664 1351984
12100 1400057
12544 1454825
12996 1518520
13456 1569156
13924 1628041
14400 1680528
14884 1759948
15376 1823386
15876 1878051
16384 1919797
16900 2006960
17424 2089385
17956 2153604
18496 2212319
19044 2290274
19600 2365600
20164 2432679
20736 2504192
21316 2588919
21904 2660199
22500 2727254
23104 2810826
23716 2878204
24336 2948246
24964 3044388
25600 3135724
26244 3219384
26896 3294427
27556 3386780
28224 3458597
28900 3549504
29584 3660628
30276 3757077
30976 3856507
31684 3935375
32400 4012061
33124 4097706
33856 4215721
34596 4341517
35344 4445376
36100 4536597
36864 4613498
37636 4730231
38416 4850282
39204 4951375
40000 5045504
40804 5134436
41616 5270781
42436 5394640
43264 5506261
44100 5613273
44944 5703097
45796 5826261
46656 5926371
47524 6038625
48400 6151366
49284 6251667
50176 6413883
51076 6548538
51984 6665159
52900 6767846
53824 6906800
54756 7039770
55696 7153211
56644 7265817
57600 7391715
58564 7555629
59536 7711412
60516 7859755
61504 8017484
62500 8164085
63504 8255540
64516 8351196
65536 8423257
66564 8629747
67600 8802941
68644 8971810
69696 9151520
70756 9315496
71824 9469945
72900 9588553
73984 9712743
75076 9887899
76176 10056589
77284 10218009
78400 10372734
79524 10506538
80656 10659152
81796 10777238
82944 10970129
84100 11181715
85264 11369858
86436 11535050
87616 11681442
88804 11813520
90000 11948911
91204 12135083
92416 12312880
93636 12437135
94864 12588659
96100 12741338
97344 12906437
98596 13082011
99856 13318643
101124 13511080
102400 13713937
103684 13886381
104976 14037087
106276 14201270
107584 14403109
108900 14604110
110224 14786899
111556 14947769
112896 15097322
114244 15275938
115600 15499367
116964 15737983
118336 15981099
119716 16208989
121104 16417479
122500 16625199
123904 16884476
125316 17055634
126736 17192152
128164 17362799
129600 17504559
131044 17606765
132496 17911056
133956 18184602
135424 18461726
136900 18696614
138384 18946141
139876 19177483
141376 19410744
142884 19606880
144400 19792241
145924 20063583
147456 20251599
148996 20526288
150544 20723793
152100 20969642
153664 21208927
155236 21408551
156816 21638632
158404 21886828
160000 22061761
161604 22285595
163216 22525076
164836 22738012
166464 23014758
168100 23276708
169744 23549178
171396 23802310
173056 24075539
174724 24266306
176400 24512246
178084 24720650
179776 24918504
181476 25187062
183184 25429079
184900 25654676
186624 25862505
188356 26082636
190096 26303527
191844 26523870
193600 26768764
195364 26995195
197136 27271488
198916 27617799
200704 27916921
202500 28205894
204304 28504047
206116 28804848
207936 28999869
209764 29341107
211600 29528078
213444 29769428
215296 30092088
217156 30364577
219024 30632926
220900 30877285
222784 31123703
224676 31380296
226576 31625075
228484 31862608
230400 32195739
232324 32569628
234256 32894377
236196 33265726
238144 33582247
240100 33946321
242064 34212394
244036 34511152
246016 34800503
248004 35189254
250000 35484155
252004 35721008
254016 35867738
256036 36086342
258064 36378815
260100 36577484
262144 36682100
