4 890
16 1032
36 2163
64 3203
100 5322
144 6690
196 9046
256 11380
324 15028
400 18170
484 22829
576 26104
676 32054
784 35929
900 41156
1024 45616
1156 52746
1296 59238
1444 68136
1600 73766
1764 80342
1936 89915
2116 97364
2304 104908
2500 114772
2704 128750
2916 137204
3136 145897
3364 155830
3600 165909
3844 179465
4096 186120
4356 203951
4624 213136
4900 227670
5184 240671
5476 261891
5776 276557
6084 284017
6400 300524
6724 313784
7056 327539
7396 349458
7744 364261
8100 376069
8464 396397
8836 422392
9216 429846
9604 453486
10000 465497
10404 488848
10816 520178
11236 540345
11664 558401
12100 573107
12544 591985
12996 615365
13456 633918
13924 654757
14400 676371
14884 712949
15376 730745
15876 756723
16384 763579
16900 800186
17424 837129
17956 855806
18496 873944
19044 912574
19600 929639
20164 953337
20736 983550
21316 1029494
21904 1066593
22500 1094553
23104 1129527
23716 1143894
24336 1158022
24964 1191170
25600 1227256
26244 1252766
26896 1280989
27556 1309704
28224 1338039
28900 1377222
29584 1427010
30276 1462491
30976 1491197
31684 1523129
32400 1533721
33124 1574522
33856 1621725
34596 1669902
35344 1728266
36100 1739866
36864 1755710
37636 1815442
38416 1851051
39204 1880402
40000 1908139
40804 1941961
41616 1999678
42436 2066590
43264 2127503
44100 2168252
44944 2212787
45796 2255909
46656 2285434
47524 2319163
48400 2349187
49284 2378617
50176 2423880
51076 2480438
51984 2520088
52900 2548102
53824 2598108
54756 2651502
55696 2684649
56644 2728101
57600 2771998
58564 2848724
59536 2919482
60516 2958070
61504 2997888
62500 3049253
63504 3094325
64516 3097838
65536 3126887
66564 3210464
67600 3275462
68644 3355848
69696 3424957
70756 3504475
71824 3508035
72900 3538517
73984 3583755
75076 3665660
76176 3740952
77284 3761061
78400 3803563
79524 3859098
80656 3908260
81796 3951072
82944 4049142
84100 4130927
85264 4214830
86436 4310887
87616 4361985
88804 4440792
90000 4493012
91204 4547506
92416 4632169
93636 4636004
94864 4682872
96100 4713317
97344 4752545
98596 4814425
99856 4880063
101124 4974750
102400 5031650
103684 5100133
104976 5135739
106276 5175608
107584 5259446
108900 5350905
110224 5372873
111556 5452965
112896 5494208
114244 5554985
115600 5646105
116964 5758104
118336 5858461
119716 5948734
121104 5996249
122500 6050566
123904 6114184
125316 6192350
126736 6245501
128164 6303643
129600 6303841
131044 6362589
132496 6454403
133956 6561085
135424 6661132
136900 6774422
138384 6853074
139876 7001105
141376 7086599
142884 7096282
144400 7141517
145924 7174514
147456 7211610
148996 7331329
150544 7444287
152100 7577521
153664 7594884
155236 7633410
156816 7707457
158404 7836487
160000 7837531
161604 7927218
163216 7978120
164836 8110363
166464 8230002
168100 8369910
169744 8484840
171396 8612659
173056 8757170
174724 8844377
176400 8899831
178084 9039542
179776 9068119
181476 9170199
183184 9243296
184900 9388729
186624 9379851
188356 9415451
190096 9522770
191844 9560432
193600 9620504
195364 9656642
197136 9761184
198916 9864482
200704 9955885
202500 10087764
204304 10187970
206116 10304021
207936 10357874
209764 10416756
211600 10479067
213444 10567381
215296 10680961
217156 10832071
219024 10897582
220900 10918970
222784 11050341
224676 11119785
226576 11206976
228484 11266478
230400 11399708
232324 11543958
234256 11703821
236196 11850217
238144 12014453
240100 12124377
242064 12198670
244036 12347797
246016 12411396
248004 12620019
250000 12640559
252004 12715527
254016 12789276
256036 12862916
258064 12831812
260100 13003410
262144 12952258
