4 0.199
16 0.4535
36 0.7335
64 0.9425
100 1.5755
144 1.711
196 2.3165
256 2.7565
324 3.898
400 4.5185
484 5.4685
576 6.353
676 8.0995
784 9.3175
900 10.7465
1024 11.1345
1156 12.965
1296 15.189
1444 18.1705
1600 19.6095
1764 20.7965
1936 22.2125
2116 23.8705
2304 27.0915
2500 29.638
2704 34.1995
2916 36.557
3136 40.5165
3364 43.628
3600 45.334
3844 47.7105
4096 48.631
4356 53.4135
4624 58.2775
4900 62.9355
5184 66.405
5476 72.1755
5776 78.913
6084 82.2155
6400 84.41
6724 91.2245
7056 91.456
7396 95.081
7744 100.185
8100 102.325
8464 106.143
8836 114.269
9216 123.065
9604 125.283
10000 131.475
10404 140.25
10816 149.137
11236 157.204
11664 165.541
12100 176.609
12544 185.801
12996 189.044
13456 197.166
13924 200.716
14400 209.225
14884 208.348
15376 215.683
15876 217.197
16384 223.553
16900 231.014
17424 243.916
17956 248.939
18496 267.995
19044 273.723
19600 289.129
20164 297.246
20736 305.169
21316 323.888
21904 338.774
22500 350.233
23104 365.814
23716 370.778
24336 385.352
24964 405.162
25600 391.143
26244 400.642
26896 414.77
27556 418.095
28224 432.454
28900 453.114
29584 448.671
30276 458.274
30976 466.709
31684 456.836
32400 467.351
33124 487.775
33856 497.832
34596 525.407
35344 535.308
36100 551.988
36864 556.034
37636 566.865
38416 584.582
39204 616.753
40000 619.603
40804 631.029
41616 644.979
42436 660.622
43264 679.784
44100 700.632
44944 723.111
45796 740.274
46656 748.938
47524 757.969
48400 778.915
49284 811.781
50176 815.075
51076 811.31
51984 834.389
52900 847.701
53824 868.63
54756 858.592
55696 870.797
56644 881.656
57600 913.889
58564 910.027
59536 907.293
60516 917.958
61504 933.653
62500 942.887
63504 960.662
64516 965.007
65536 987.113
66564 981.265
67600 995.653
68644 1026.96
69696 1055.34
70756 1057.36
71824 1076.38
72900 1099.98
73984 1131.52
75076 1136.68
76176 1158.22
77284 1181.91
78400 1221.34
79524 1213.19
80656 1234.72
81796 1265.09
82944 1295.78
84100 1339.85
85264 1356.88
86436 1380.56
87616 1406.21
88804 1417.77
90000 1447.52
91204 1505.03
92416 1521.55
93636 1513.92
94864 1612.73
96100 1590.13
97344 1591.14
98596 1660.11
99856 1665.91
101124 1653.91
102400 1682.66
103684 1723.03
104976 1706.57
106276 1729.63
107584 1773.54
108900 1761.01
110224 1761.95
111556 1774.91
112896 1788.62
114244 1840.93
115600 1873.57
116964 1884.28
118336 1860.92
119716 1904.28
121104 1905.77
122500 1982.18
123904 1959.68
125316 1957.24
126736 1987.15
128164 1984.05
129600 1994.81
131044 2050.73
132496 2054.91
133956 2057.72
135424 2091.01
136900 2158.5
138384 2193.02
139876 2234.19
141376 2281.91
142884 2295.27
144400 2292.36
145924 2309.54
147456 2378.7
148996 2369.51
150544 2368.08
152100 2416.68
153664 2446.84
155236 2512.04
156816 2556.57
158404 2549.94
160000 2562.39
161604 2611.04
163216 2635.28
164836 2703.64
166464 2729.44
168100 2789.04
169744 2815.32
171396 2844.85
173056 2889.36
174724 2937.69
176400 2989.19
178084 2982.43
179776 3078.39
181476 3178.94
183184 3221.76
184900 3147.76
186624 3191.19
188356 3211.06
190096 3267.89
191844 3325.22
193600 3335.81
195364 3398.75
197136 3519.82
198916 3473.64
200704 3468.52
202500 3535.47
204304 3495.17
206116 3580.91
207936 3571.75
209764 3575.89
211600 3618.25
213444 3668.02
215296 3698.45
217156 3694.16
219024 3664.55
220900 3735.9
222784 3891.36
224676 3837.37
226576 3789.41
228484 3832.31
230400 3917.7
232324 3911.31
234256 3971.49
236196 3892.6
238144 3948.96
240100 4132.17
242064 4050.45
244036 4034.04
246016 4134.82
248004 4191.77
250000 4095.83
252004 4152.77
254016 4186.25
256036 4183.63
258064 4197.63
260100 4285.54
262144 4341.83
