4 276
16 576
36 880
64 1161
100 2236
144 2326
196 3189
256 3819
324 5496
400 6437
484 7416
576 8811
676 11317
784 13062
900 15042
1024 15747
1156 18414
1296 21162
1444 25606
1600 27697
1764 30096
1936 31226
2116 35058
2304 38486
2500 42438
2704 48709
2916 53641
3136 58289
3364 62174
3600 64515
3844 66118
4096 71650
4356 76732
4624 82406
4900 89218
5184 95386
5476 106003
5776 111642
6084 122522
6400 123821
6724 131198
7056 133763
7396 136078
7744 142782
8100 148751
8464 154909
8836 163019
9216 174850
9604 183787
10000 189710
10404 203487
10816 219285
11236 236903
11664 238301
12100 257296
12544 262982
12996 269163
13456 276438
13924 276751
14400 290431
14884 288904
15376 297868
15876 301708
16384 322332
16900 326088
17424 343852
17956 350700
18496 370079
19044 381188
19600 399405
20164 410566
20736 429927
21316 449471
21904 471720
22500 497202
23104 499633
23716 522522
24336 546384
24964 553128
25600 552873
26244 574822
26896 584955
27556 579232
28224 598946
28900 611284
29584 610528
30276 635940
30976 638215
31684 645328
32400 669866
33124 681492
33856 697263
34596 723259
35344 731809
36100 760599
36864 787541
37636 791005
38416 823203
39204 845204
40000 850395
40804 886282
41616 908632
42436 933299
43264 975025
44100 1003027
44944 1046143
45796 1051949
46656 1064097
47524 1105491
48400 1136019
49284 1151319
50176 1157019
51076 1169723
51984 1191058
52900 1217765
53824 1229760
54756 1216463
55696 1236999
56644 1266582
57600 1293600
58564 1280282
59536 1293285
60516 1335980
61504 1340017
62500 1360236
63504 1351790
64516 1400156
65536 1439236
66564 1439684
67600 1463701
68644 1544847
69696 1550690
70756 1545139
71824 1578028
72900 1634646
73984 1688989
75076 1709419
76176 1705654
77284 1765019
78400 1780314
79524 1780113
80656 1824752
81796 1886205
82944 1910831
84100 1943281
85264 1978245
86436 2042994
87616 2098602
88804 2163603
90000 2211116
91204 2202931
92416 2207389
93636 2252501
94864 2299590
96100 2326288
97344 2411796
98596 2428489
99856 2442476
101124 2431755
102400 2448293
103684 2511307
104976 2525278
106276 2570878
107584 2584941
108900 2569104
110224 2577126
111556 2641417
112896 2728456
114244 2680474
115600 2711960
116964 2693305
118336 2709167
119716 2786776
121104 2867580
122500 2826492
123904 2830508
125316 2854818
126736 2870982
128164 2933880
129600 2971903
131044 3022951
132496 3036962
133956 3054016
135424 3095737
136900 3137757
138384 3218577
139876 3250708
141376 3254609
142884 3333642
144400 3449162
145924 3427842
147456 3486223
148996 3517770
150544 3598451
152100 3591013
153664 3646886
155236 3732817
156816 3745102
158404 3814907
160000 3768612
161604 3830353
163216 3924298
164836 4028637
166464 4024277
168100 4152229
169744 4143347
171396 4184739
173056 4303807
174724 4391640
176400 4452331
178084 4544121
179776 4620587
181476 4609384
183184 4614407
184900 4626909
186624 4673438
188356 4727612
190096 4891799
191844 4997314
193600 5097846
195364 5113076
197136 5097188
198916 5090813
200704 5119469
202500 5113663
204304 5175792
206116 5246978
207936 5277176
209764 5293117
211600 5381425
213444 5421529
215296 5429536
217156 5406199
219024 5387031
220900 5405463
222784 5511025
224676 5573065
226576 5646038
228484 5661706
230400 5728890
232324 5708456
234256 5682810
236196 5706469
238144 5816822
240100 5920108
242064 5953782
244036 5981053
246016 5944617
248004 6005498
250000 6040852
252004 6062118
254016 6023415
256036 6275998
258064 6223957
260100 6384065
262144 6425349
