4 223
16 804
36 2021
64 3929
100 5982
144 8888
196 12697
256 16797
324 20972
400 25886
484 32617
576 40421
676 48028
784 56100
900 64133
1024 73629
1156 86355
1296 98046
1444 110768
1600 122791
1764 138890
1936 152459
2116 169639
2304 182951
2500 201138
2704 218926
2916 238179
3136 261035
3364 283695
3600 299866
3844 321161
4096 348517
4356 374272
4624 395235
4900 428059
5184 452506
5476 476357
5776 504741
6084 523603
6400 564827
6724 588161
7056 625110
7396 673544
7744 692669
8100 731678
8464 770466
8836 803975
9216 844420
9604 882763
10000 928646
10404 966190
10816 1010849
11236 1035277
11664 1072747
12100 1131551
12544 1170549
12996 1236238
13456 1280858
13924 1335136
14400 1385796
14884 1416029
15376 1462735
15876 1515429
16384 1588211
16900 1670329
17424 1666977
17956 1758384
18496 1817959
19044 1878866
19600 1936580
20164 2000544
20736 2035160
21316 2111784
21904 2139143
22500 2210090
23104 2298760
23716 2375933
24336 2454605
24964 2518422
25600 2576526
26244 2633542
26896 2723894
27556 2750449
28224 2871470
28900 2921185
29584 3017225
30276 3062692
30976 3188299
31684 3237940
32400 3321158
33124 3402758
33856 3476847
34596 3552024
35344 3586089
36100 3710107
36864 3810262
37636 3845551
38416 3962793
39204 4123771
40000 4164449
40804 4268614
41616 4375980
42436 4403685
43264 4532230
44100 4615579
44944 4682939
45796 4792686
46656 4930254
47524 5072374
48400 5076843
49284 5204772
50176 5223675
51076 5355913
51984 5555141
52900 5638404
53824 5715070
54756 5896036
55696 5906426
56644 6086931
57600 6232543
58564 6291481
59536 6433980
60516 6526326
61504 6631510
62500 6743580
63504 6961199
64516 6938672
65536 7098363
66564 7213913
67600 7296361
68644 7364384
69696 7660661
70756 7650900
71824 7757389
72900 7855624
73984 7998931
75076 8173516
76176 8397075
77284 8510303
78400 8595821
79524 8744828
80656 8790010
81796 9162970
82944 9166661
84100 9280062
85264 9462055
86436 9447711
87616 9627267
88804 9797563
90000 9844258
91204 9952268
92416 10069121
93636 10290931
94864 10591218
96100 10677241
97344 10864678
98596 11009970
99856 11104569
101124 11376245
102400 11377585
103684 11563502
104976 11694858
106276 11968289
107584 12167677
108900 12227519
110224 12252714
111556 12436267
112896 12684107
114244 12785967
115600 13008264
116964 13251796
118336 13496501
119716 13575108
121104 13683514
122500 13893411
123904 14102558
125316 14174685
126736 14293993
128164 14540739
129600 14575332
131044 14789769
132496 14930926
133956 15202286
135424 15279003
136900 15489450
138384 15944852
139876 15888289
141376 16046725
142884 16297494
144400 16716524
145924 16720215
147456 16752490
148996 16988033
150544 17313231
152100 17466340
153664 17560687
155236 18123281
156816 18086044
158404 18092524
160000 18416802
161604 18614228
163216 18449252
164836 19101001
166464 19390776
168100 19423900
169744 19768942
171396 19746023
173056 19939996
174724 20218532
176400 20749297
178084 20612103
179776 20982301
181476 21151706
183184 21331123
184900 21286977
186624 21852432
188356 22017796
190096 22193347
191844 22230930
193600 22488817
195364 22935815
197136 23370219
198916 23303204
200704 23709399
202500 23724791
204304 24062530
206116 24250241
207936 24612973
209764 24324511
211600 25063358
213444 24959086
215296 25152446
217156 25540979
219024 25600436
220900 26210875
222784 26133910
224676 26361992
226576 26765078
228484 26780808
230400 27463829
232324 27438763
234256 27757536
236196 27916776
238144 28220302
240100 28755079
242064 28585670
244036 28877963
246016 29456665
248004 29602174
250000 29997365
252004 30239473
254016 30346515
256036 30456770
258064 30597609
260100 31163015
262144 31353461
