1 0.905
4 1.587
9 3.189
16 6.744
25 11.405
36 17.884
49 25.788
64 34.847
81 46.408
100 59.956
121 74.322
144 90.945
169 110.28
196 129.291
225 152.426
256 175.564
289 202.39
324 231.66
361 261.397
400 295.345
441 329.655
484 365.954
529 404.292
576 444.686
625 489.472
676 535.393
729 582.734
784 633.395
841 684.569
900 741.187
961 795.423
1024 854.296
1089 918.813
1156 979.29
1225 1046.38
1296 1115.12
1369 1183.28
1444 1260.42
1521 1664.51
1600 1483.47
1681 1505.05
1764 1574.76
1849 1659.93
1936 1749.44
2025 1832.87
2116 1928.64
2209 2035.47
2304 2125.74
2401 2222.72
2500 2325.64
2601 2433.94
2704 2537.57
2809 2648.68
2916 2763.54
3025 2882.39
3136 3003.57
3249 3113.43
3364 3239.59
3481 3354.64
3600 3481.97
3721 3620.08
3844 3745.93
3969 3876.69
4096 4021.99
4225 4161.2
4356 4307.88
4489 4447.49
4624 4604.27
4761 4751.97
4900 4908.03
5041 5060.88
5184 5225.4
5329 5378.58
5476 5549.9
5625 5717.94
5776 5897.36
5929 6062.29
6084 6245.26
6241 6417.1
6400 6593.39
6561 6779.65
6724 6959.88
6889 7000.99
7056 7349.62
7225 7540.99
7396 7739.09
7569 7927.13
7744 8135.04
7921 8335.71
8100 8585.59
8281 8785.67
8464 8967.31
8649 9014.38
8836 9209.79
9025 9297.11
9216 9707.63
9409 9880.86
9604 10459.9
9801 10420.8
10000 10685.7
10201 10816.8
10404 11239.7
10609 11411.6
10816 11561.7
11025 11872.2
11236 11985.2
11449 12285.9
11664 12632.1
11881 13037.8
12100 13305.6
12321 13558.3
12544 13713.7
12769 14096.2
12996 14380.7
13225 14662.3
13456 14929.6
13689 15234.5
13924 15510.1
14161 15791.8
14400 16082.5
14641 16373.6
14884 16674.8
15129 16970.2
15376 17274.4
15625 17576.4
15876 17893.3
16129 18202.5
16384 18909
16641 19268.7
16900 19178.9
17161 19502.9
17424 19862.8
17689 20166.7
17956 20796.3
18225 20292.9
18496 20424.2
18769 20648.7
19044 20991.3
19321 21318
19600 21671.1
19881 22002.8
20164 22355.9
20449 22940.8
20736 24006.7
21025 24348.5
21316 24731.6
21609 25115.8
21904 25498.5
22201 25870.7
22500 26246
22801 26719.4
23104 26617.5
23409 26929.1
23716 27834.7
24025 28220.2
24336 28629.4
24649 29025.2
24964 29414
25281 29832.6
25600 30244.6
25921 30656.1
26244 31077.9
26569 31488.7
26896 31924.2
27225 32338.7
27556 32767.8
27889 33185.5
28224 33745.9
28561 34382.7
28900 34507.2
29241 34804.6
29584 34021.5
29929 34433.5
30276 34841.9
30625 35277.9
30976 35719.6
31329 36736.9
31684 37617.1
32041 38572.5
32400 39087.6
32761 39131.9
33124 35922.2
33489 34337
33856 39847.5
34225 41147.1
34596 41379.1
34969 42499.2
35344 42998.5
35721 43504.2
36100 44001.6
36481 44515.7
36864 45020.9
37249 45518.9
37636 46785.8
38025 45058
38416 46451.8
38809 45834
39204 46241.8
39601 46746.6
40000 47697.1
40401 49779.4
40804 50313.9
41209 50833.8
41616 51511.1
42025 52284.3
42436 52515.7
42849 53056.3
43264 53625.5
43681 54183.4
44100 54752.4
44521 55296.1
44944 55916.3
45369 56358.6
45796 57461.8
46225 57945.8
46656 55911.8
47089 56472
47524 57050.7
47961 58183
48400 60601
48841 61216.8
49284 61865.8
49729 61127.1
50176 60514.2
50625 63096.7
51076 64234.8
51529 64910.7
51984 65515.5
52441 66161
52900 67491.7
53361 67743.4
53824 65568.2
54289 65969.2
54756 68836
55225 69946.4
55696 70616.1
56169 71358.8
56644 72239.3
57121 72579.1
57600 73251
58081 73919.7
58564 74591
59049 75241
59536 76462
60025 76756.1
60516 76911.2
61009 76889.8
61504 78234.9
62001 79332
62500 79997.5
63001 79996.8
63504 79553
64009 78794.9
64516 79503.7
65025 80850.3
65536 81953.7
66049 85474
66564 84428.4
67081 84381.9
67600 86009.7
68121 87403.2
68644 88161.4
69169 89064.5
69696 90044
70225 90135.9
70756 89241.8
71289 90231.4
71824 92279.4
72361 93445.3
72900 90864.7
73441 92266.6
73984 96163.9
74529 96914.8
75076 98153.2
75625 98538.9
76176 97486.1
76729 97766.1
77284 100742
77841 102029
78400 98757.4
78961 99135
79524 99930.7
80089 102319
80656 105742
81225 106495
81796 107322
82369 108136
82944 109108
83521 108411
84100 106617
84681 110328
85264 111152
85849 112956
86436 112095
87025 114666
87616 112199
88209 115673
88804 117120
89401 117241
90000 119126
90601 119969
91204 119115
91809 118385
92416 118933
93025 121000
93636 122906
94249 120253
94864 121645
95481 126272
96100 126677
96721 128840
97344 129757
97969 129124
98596 131044
99225 127258
99856 131582
100489 134294
101124 135624
101761 136134
102400 137087
103041 138465
103684 134890
104329 134238
104976 137871
105625 141235
106276 141885
106929 143704
107584 145257
108241 142650
108900 144415
109561 147515
110224 147212
110889 148398
111556 150421
112225 150397
112896 142512
113569 149496
114244 151264
114921 150525
115600 153232
116281 156154
116964 147583
117649 131826
118336 142619
119025 160866
119716 160845
120409 160094
121104 162857
121801 143759
122500 142527
123201 166272
123904 166945
124609 168336
125316 170615
126025 168512
126736 166609
127449 173685
128164 171714
128881 171980
129600 175377
130321 174341
131044 177681
131769 180080
132496 179069
133225 182301
133956 179737
134689 178061
135424 185558
136161 183348
136900 180262
137641 185785
138384 188717
139129 188855
139876 187239
140625 190878
141376 194440
142129 185988
142884 190472
143641 197907
144400 192654
145161 192202
145924 200454
146689 194514
147456 200235
148225 201310
148996 205028
149769 198570
150544 182207
151321 206943
152100 207810
152881 211844
153664 205353
154449 212059
155236 215381
156025 208925
156816 212259
157609 198304
158404 188372
159201 220623
160000 213725
160801 217945
161604 220690
162409 224877
163216 223499
164025 228268
164836 220998
165649 191274
166464 218330
167281 226177
168100 226951
168921 208199
169744 229532
170569 236798
171396 240034
172225 235950
173056 240645
173889 242537
174724 238518
175561 242283
176400 238869
177241 246709
178084 240463
178929 246803
179776 245083
180625 253967
181476 246164
182329 252208
183184 249628
184041 259153
184900 259770
185761 258351
186624 255857
187489 259060
188356 265132
189225 261051
190096 268562
190969 268685
191844 264478
192721 267276
193600 269288
194481 271543
195364 273628
196249 238004
197136 271000
198025 275167
198916 278444
199809 278470
200704 284533
201601 280858
202500 271200
203401 268610
204304 287444
205209 291620
206116 275370
207025 293764
207936 290258
208849 281172
209764 295977
210681 298123
211600 299889
212521 294821
213444 302890
214369 300850
215296 299627
216225 304858
217156 302375
218089 289481
219024 302507
219961 289699
220900 282751
221841 315017
222784 318971
223729 314779
224676 316957
225625 323304
226576 324244
227529 322871
228484 327327
229441 319120
230400 326741
231361 331293
232324 329136
233289 330172
234256 334603
235225 331550
236196 335830
237169 340738
238144 296731
239121 303254
240100 324810
241081 338502
242064 334109
243049 347753
244036 343522
245025 346293
246016 348714
247009 350601
248004 329089
249001 358612
250000 354683
251001 337232
252004 361482
253009 360292
254016 356552
255025 353745
256036 331643
257049 362408
258064 367153
259081 350492
260100 366283
261121 370732
262144 371803
