1 0.645
4 1.485
9 3.151
16 6.634
25 11.035
36 17.403
49 25.071
64 34.463
81 45.144
100 58.227
121 72.462
144 88.966
169 107.933
196 127.321
225 148.979
256 172.222
289 199.514
324 228.269
361 258.449
400 289.987
441 322.989
484 359.051
529 395.771
576 439.306
625 481.338
676 528.295
729 574.157
784 623.968
841 675.77
900 728.992
961 781.731
1024 838.828
1089 918.462
1156 967.299
1225 1033.79
1296 1101.19
1369 1172.7
1444 1244.06
1521 1318.69
1600 1395.43
1681 1476.14
1764 1553.82
1849 1635.83
1936 1717.89
2025 1805.08
2116 1896.05
2209 1995.78
2304 2092.03
2401 2188.87
2500 2290.74
2601 2398.47
2704 2501.37
2809 2609.27
2916 2715.66
3025 2833.09
3136 3089.44
3249 3058.07
3364 3183.42
3481 3295.12
3600 3415.37
3721 3550.22
3844 3669.32
3969 3794.28
4096 3928.57
4225 4066.47
4356 4213.86
4489 4356.91
4624 4510.46
4761 4660.69
4900 4811.08
5041 4973.35
5184 5120.3
5329 5293.02
5476 5443.11
5625 5607.21
5776 5778.76
5929 5939.12
6084 6115.54
6241 6282.31
6400 6468.38
6561 6639.97
6724 6814.77
6889 7003.37
7056 7183.64
7225 7366.16
7396 7551.94
7569 7752.74
7744 7936.23
7921 8145.18
8100 8341.92
8281 8533.23
8464 8757.58
8649 8985.29
8836 9193.71
9025 9428.84
9216 9645.47
9409 9871.95
9604 10102.9
9801 10339
10000 10576.4
10201 10810.9
10404 11051.9
10609 11293.7
10816 11540.3
11025 11784.1
11236 12046.3
11449 12285.5
11664 12495.9
11881 12580.4
12100 12903.6
12321 13268.1
12544 13434.9
12769 13710.3
12996 13943.9
13225 14378.8
13456 14433.3
13689 14944.8
13924 15113.6
14161 15521.2
14400 15682.5
14641 16017.8
14884 16168.9
15129 16460.8
15376 16774.4
15625 17247.4
15876 17534.2
16129 17830.1
16384 18131.6
16641 18453.1
16900 19322.5
17161 19112.7
17424 19443.1
17689 19776.6
17956 20107.3
18225 20442.6
18496 20793.1
18769 21125.8
19044 21413.9
19321 21428.9
19600 21750.8
19881 22096.5
20164 22917.5
20449 23245.5
20736 23680.5
21025 23977.7
21316 24324.5
21609 24440.8
21904 24613.5
22201 25083.7
22500 25450.3
22801 26231.1
23104 26581.5
23409 26944.7
23716 27344.5
24025 27723.2
24336 28123.5
24649 27585.8
24964 27763.3
25281 28151.1
25600 28526.1
25921 28919.3
26244 29298.7
26569 29685.5
26896 30088.4
27225 31242.8
27556 30815.1
27889 27965.1
28224 30457.5
28561 33991.2
28900 33274.6
29241 32919
29584 33315.3
29929 33923.3
30276 34165.5
30625 34580
30976 35028.6
31329 35447.8
31684 36129.1
32041 37409.5
32400 37779.7
32761 38702.2
33124 39184.6
33489 39670.2
33856 40165.3
34225 40616.5
34596 41155.6
34969 39996.6
35344 40438.2
35721 40911.3
36100 41413.3
36481 41875.5
36864 43396.9
37249 44680.9
37636 45180.8
38025 46142.8
38416 44474.1
38809 44858.2
39204 43619.7
39601 39534.6
40000 40042.4
40401 48458.5
40804 49199.8
41209 49900.2
41616 50498.1
42025 51002.8
42436 51538.1
42849 52094.4
43264 52637.8
43681 51133.4
44100 51587.6
44521 52099.7
44944 52662.5
45369 53206.2
45796 55701.3
46225 56569.3
46656 57152.3
47089 56951.8
47524 57560.2
47961 58039.1
48400 58299.1
48841 59971.2
49284 60615.6
49729 61193.7
50176 61805.5
50625 62373.4
51076 62446.3
51529 62361.5
51984 62616.4
52441 63233.1
52900 64475.8
53361 66008.1
53824 65922.4
54289 64573.7
54756 65232.7
55225 65739.7
55696 66332.4
56169 69721.6
56644 70384.2
57121 71001.2
57600 71647.6
58081 72130.8
58564 71497.1
59049 72603.7
59536 74199
60025 73985.8
60516 75458.5
61009 73370
61504 76273.3
62001 76952.5
62500 77969.2
63001 75638.8
63504 77784.1
64009 80133.8
64516 80813
65025 80494.3
65536 80169.6
66049 81545.2
66564 83260.2
67081 83274.2
67600 81617.8
68121 82432.3
68644 85132.1
69169 87193.4
69696 87969.1
70225 88714.6
70756 89451.5
71289 89278.6
71824 89405.2
72361 88723.8
72900 85698.7
73441 77100.8
73984 77809
74529 78343.9
75076 94401.5
75625 96212.2
76176 96998.2
76729 97787.7
77284 97582.9
77841 98342.5
78400 99990.6
78961 100672
79524 97758.3
80089 100988
80656 103248
81225 104000
81796 104809
82369 105638
82944 105977
83521 105823
84100 106960
84681 97050.7
85264 92594.5
85849 93213.7
86436 104339
87025 112110
87616 112895
88209 113556
88804 112972
89401 113480
90000 115674
90601 112399
91204 113728
91809 118533
92416 118029
93025 119858
93636 119028
94249 120464
94864 116906
95481 121596
96100 119855
96721 125134
97344 126531
97969 127388
98596 127157
99225 126799
99856 129928
100489 127516
101124 126618
101761 129389
102400 133575
103041 134430
103684 133375
104329 135814
104976 132110
105625 114200
106276 132962
106929 137847
107584 140074
108241 141664
108900 141470
109561 143148
110224 140304
110889 141123
111556 146308
112225 147228
112896 148158
113569 147092
114244 149051
114921 145730
115600 147460
116281 152747
116964 153864
117649 153971
118336 152431
119025 154705
119716 151429
120409 153857
121104 158972
121801 160547
122500 158624
123201 162612
123904 157456
124609 160570
125316 165478
126025 166464
126736 166482
127449 168513
128164 163892
128881 169482
129600 169164
130321 172457
131044 171523
131769 174378
132496 172328
133225 174182
133956 175995
134689 178830
135424 176482
136161 178545
136900 175765
137641 183231
138384 184295
139129 183859
139876 185438
140625 184105
141376 186097
142129 189793
142884 190935
143641 188489
144400 189471
145161 186600
145924 194834
146689 196483
147456 194388
148225 196717
148996 196726
149769 200632
150544 202206
151321 202112
152100 202198
152881 204848
153664 206577
154449 208011
155236 206842
156025 206527
156816 206183
157609 212674
158404 213852
159201 214979
160000 212319
160801 216218
161604 218522
162409 219347
163216 219735
164025 213320
164836 221467
165649 224479
166464 224820
167281 224377
168100 227835
168921 229375
169744 229610
170569 228715
171396 226634
172225 234156
173056 235547
173889 237392
174724 228738
175561 238127
176400 239787
177241 241082
178084 236053
178929 239351
179776 245679
180625 245805
181476 242178
182329 246753
183184 250780
184041 250324
184900 247801
185761 253539
186624 255913
187489 255662
188356 254093
189225 255425
190096 257216
190969 259960
191844 255740
192721 264368
193600 265845
194481 265938
195364 257744
196249 262895
197136 271149
198025 252886
198916 231559
199809 274394
200704 275795
201601 273307
202500 275861
203401 276897
204304 280740
205209 274624
206116 276402
207025 278571
207936 283420
208849 279010
209764 283762
210681 285795
211600 285470
212521 292592
213444 295083
214369 293565
215296 288047
216225 299456
217156 299152
218089 296378
219024 299911
219961 301673
220900 300349
221841 301166
222784 306227
223729 306889
224676 304330
225625 308751
226576 314232
227529 303478
228484 315367
229441 319295
230400 311303
231361 317389
232324 317037
233289 319144
234256 321816
235225 326691
236196 321786
237169 323387
238144 323255
239121 326498
240100 334984
241081 335832
242064 332602
243049 331022
244036 340231
245025 335957
246016 335482
247009 344601
248004 341300
249001 346153
250000 342941
251001 348527
252004 350077
253009 353993
254016 345427
255025 349800
256036 358363
257049 355783
258064 360229
259081 361501
260100 353299
261121 364945
262144 362537
