1 0.751
4 1.577
9 3.496
16 7.187
25 12.154
36 19.258
49 27.25
64 37.095
81 48.604
100 62.091
121 77.435
144 94.632
169 113.891
196 134.984
225 158.149
256 182.881
289 210.959
324 238.611
361 270.164
400 303.898
441 340.379
484 377.631
529 418.107
576 460.524
625 511.87
676 550.147
729 596.406
784 651.06
841 701.329
900 757.989
961 814.071
1024 878.233
1089 938.327
1156 1001.7
1225 1071.85
1296 1138.71
1369 1216.61
1444 1279.01
1521 1363.11
1600 1441.38
1681 1525.13
1764 1604.01
1849 1696.85
1936 1794.18
2025 1872.48
2116 1965.03
2209 2063.89
2304 2162.56
2401 2262.89
2500 2368
2601 2475.68
2704 2588.36
2809 2697.92
2916 2810.09
3025 2923.25
3136 3069.34
3249 3168.55
3364 3296.63
3481 3423.54
3600 3551.12
3721 3683.75
3844 3824.43
3969 3954.65
4096 4082.81
4225 4238.31
4356 4383.67
4489 4534.6
4624 4674.73
4761 4836.79
4900 4993.34
5041 5154.2
5184 5303.26
5329 5477.66
5476 5642.5
5625 5806.61
5776 5978.77
5929 6148.4
6084 6331.09
6241 6507.68
6400 6686.77
6561 6883.09
6724 7083.76
6889 7262.88
7056 7457.71
7225 7653.6
7396 7866.36
7569 8048.28
7744 8265.93
7921 8466.49
8100 8688.37
8281 8886.04
8464 9135.63
8649 9318.28
8836 9563.87
9025 9754.54
9216 10010.7
9409 10202.8
9604 10481.4
9801 10670.1
10000 10936.9
10201 11133.2
10404 11441.4
10609 11642.6
10816 11924.9
11025 12139.5
11236 12443
11449 12601
11664 12534.4
11881 12804.6
12100 13019.7
12321 13149.7
12544 13450
12769 13672
12996 14011.9
13225 14197.4
13456 14610
13689 14740.1
13924 15117.5
14161 15330.8
14400 15633.9
14641 15907.6
14884 16265.1
15129 16439.9
15376 16816
15625 17579.2
15876 18162.1
16129 18140.9
16384 18627.6
16641 19037.8
16900 19442
17161 19328.3
17424 19592.1
17689 19517.4
17956 20001.8
18225 20231.9
18496 20538.1
18769 20895
19044 22049.1
19321 22130.9
19600 21872.2
19881 22197.7
20164 23291.1
20449 23978.6
20736 24199.5
21025 24642.4
21316 25002.3
21609 25351.6
21904 25697.4
22201 26098.3
22500 26481.5
22801 26927.6
23104 27225.9
23409 27712
23716 28041.9
24025 28438.3
24336 28783.7
24649 29246.1
24964 29249.7
25281 28930.2
25600 29206.9
25921 29827.6
26244 31021.1
26569 31145.6
26896 31370.1
27225 31874.4
27556 33037.2
27889 33544.5
28224 33862.1
28561 34302.6
28900 33495.2
29241 33926
29584 34245.1
29929 34739.6
30276 35386.4
30625 35635
30976 36525.1
31329 38075.6
31684 38470.5
32041 38818.6
32400 38729.7
32761 39291.3
33124 39875.3
33489 40154.9
33856 41077.7
34225 41869.5
34596 42326.3
34969 41266.3
35344 41598.7
35721 42096.1
36100 42589.2
36481 43442
36864 42470
37249 40208.2
37636 45990.5
38025 45547
38416 45573.2
38809 46038.1
39204 46727.2
39601 47109
40000 47729.7
40401 48124.8
40804 50582.7
41209 51173.3
41616 52088.2
42025 52307
42436 52899.8
42849 53461.1
43264 53733.9
43681 53328.4
44100 53851.8
44521 54794.1
44944 56295.8
45369 57120.6
45796 56641.1
46225 55805.3
46656 56922.4
47089 59446.9
47524 59832
47961 60321.9
48400 61023.7
48841 61798.4
49284 62236.4
49729 62824.2
50176 63440.8
50625 63867.9
51076 63399.1
51529 63869.4
51984 65262.8
52441 67067.3
52900 66808.8
53361 65105.9
53824 65900.3
54289 68666.5
54756 68548.3
55225 68905.3
55696 69859.1
56169 71804.1
56644 72204
57121 71940.2
57600 71459.9
58081 71450.1
58564 71999
59049 75452.6
59536 76695.1
60025 75056.4
60516 76236.8
61009 76535.1
61504 77347.8
62001 79605.9
62500 80417.2
63001 81094.1
63504 81882.3
64009 81070.5
64516 81194.8
65025 83998.8
65536 84617.5
66049 83539.6
66564 83101.4
67081 84106.2
67600 87089.6
68121 86644.7
68644 87106.2
69169 87206.2
69696 88111.2
70225 80624
70756 76073.4
71289 81553.7
71824 93554.3
72361 91629.8
72900 91151.8
73441 92897.6
73984 95322.1
74529 97440.5
75076 97976
75625 98925.2
76176 97195.8
76729 96783.1
77284 101157
77841 100430
78400 98734.9
78961 99772.1
79524 101667
80089 105212
80656 106024
81225 106844
81796 104219
82369 104656
82944 109254
83521 106484
84100 107862
84681 110689
85264 112624
85849 113449
86436 114114
87025 112421
87616 111337
88209 116497
88804 113487
89401 114843
90000 116681
90601 120312
91204 120887
91809 121995
92416 118152
93025 120901
93636 122226
94249 120415
94864 123508
95481 127077
96100 127865
96721 129026
97344 125458
97969 128591
98596 128982
99225 127171
99856 124917
100489 132534
101124 135157
101761 135699
102400 132554
103041 138653
103684 133620
104329 129003
104976 140410
105625 141801
106276 142691
106929 140396
107584 143141
108241 141718
108900 143526
109561 145747
110224 147602
110889 148981
111556 145242
112225 151272
112896 150034
113569 150261
114244 151326
114921 155564
115600 155273
116281 153346
116964 155397
117649 153167
118336 149147
119025 161603
119716 162385
120409 158480
121104 164463
121801 164518
122500 161970
123201 166353
123904 168515
124609 165381
125316 169880
126025 169564
126736 168876
127449 172129
128164 174625
128881 172932
129600 177306
130321 172880
131044 173498
131769 179397
132496 180610
133225 177282
133956 182535
134689 183050
135424 182891
136161 186531
136900 185000
137641 189168
138384 186007
139129 188119
139876 192036
140625 191327
141376 191452
142129 162132
142884 168004
143641 196644
144400 198857
145161 196612
145924 197012
146689 194614
147456 203078
148225 204479
148996 201297
149769 202339
150544 204325
151321 206148
152100 210111
152881 207121
153664 208896
154449 213151
155236 213291
156025 215763
156816 215075
157609 209575
158404 216654
159201 220587
160000 217098
160801 219478
161604 221756
162409 223450
163216 226800
164025 226232
164836 220391
165649 225341
166464 231706
167281 232638
168100 233994
168921 231640
169744 233816
170569 236630
171396 235550
172225 233093
173056 240590
173889 242539
174724 233421
175561 202597
176400 238955
177241 247173
178084 246008
178929 242265
179776 246458
180625 252427
181476 257279
182329 216586
183184 244744
184041 257529
184900 257735
185761 226403
186624 261029
187489 262679
188356 261725
189225 238959
190096 261435
190969 267580
191844 266769
192721 225607
193600 267301
194481 273075
195364 268697
196249 228021
197136 266159
198025 278334
198916 265104
199809 232822
200704 278441
201601 283419
202500 260544
203401 275547
204304 286583
205209 285446
206116 246656
207025 273379
207936 289538
208849 279363
209764 253417
210681 297079
211600 300461
212521 264271
213444 287861
214369 303552
215296 293081
216225 262330
217156 303290
218089 309370
219024 277404
219961 309002
220900 313897
221841 289438
222784 292431
223729 317899
224676 310631
225625 272431
226576 320260
227529 320826
228484 276445
229441 307215
230400 327923
231361 293821
232324 313251
233289 328584
234256 327751
235225 333548
236196 335426
237169 332232
238144 334586
239121 337285
240100 337050
241081 338256
242064 345872
243049 341279
244036 341106
245025 350665
246016 345063
247009 348754
248004 348497
249001 350567
250000 357438
251001 359454
252004 361028
253009 362866
254016 358628
255025 355377
256036 365531
257049 363988
258064 366172
259081 370471
260100 364641
261121 369672
262144 373312
