1 1.333
4 1.984
9 3.141
16 6.615
25 10.714
36 16.061
49 23.462
64 31.978
81 42.054
100 53.529
121 67.272
144 82.511
169 97.266
196 110.81
225 129.739
256 154.61
289 172.126
324 199.647
361 220.996
400 249.088
441 277.943
484 307.977
529 339.866
576 389.151
625 409.151
676 450.276
729 513.35
784 535.085
841 570.257
900 615.765
961 661.819
1024 717.044
1089 760.005
1156 812.435
1225 874.296
1296 924.206
1369 982.61
1444 1044.56
1521 1107.88
1600 1172.05
1681 1238.69
1764 1316.94
1849 1377.49
1936 1469.66
2025 1533.32
2116 1604.57
2209 1682.69
2304 1773.03
2401 1866.2
2500 1935.1
2601 2023.21
2704 2113.45
2809 2219.39
2916 2300.16
3025 2400.1
3136 2501.21
3249 2611.5
3364 2706.81
3481 2831.89
3600 2924.16
3721 3041.75
3844 3153.42
3969 3269.46
4096 3404.75
4225 3510.18
4356 3634.9
4489 3769.44
4624 3900.93
4761 4039.83
4900 4164.1
5041 4300.25
5184 4447.78
5329 4586.65
5476 4745.08
5625 4885.77
5776 5067.22
5929 5279.24
6084 5388.07
6241 5514.27
6400 5696.22
6561 5859.12
6724 6015.86
6889 6226.28
7056 6388.42
7225 6544.42
7396 6727.73
7569 6912.42
7744 7110.99
7921 7291.78
8100 7514.52
8281 7682.39
8464 7942.36
8649 8102.93
8836 8331.41
9025 8529.93
9216 8744.15
9409 8968.25
9604 9210.07
9801 9174.33
10000 9295.57
10201 9514.17
10404 9750.53
10609 10401.8
10816 10692.5
11025 10949.7
11236 11215.7
11449 11506.8
11664 11761.6
11881 12046
12100 12332.3
12321 12648.1
12544 12913.3
12769 13238.4
12996 13569
13225 13869.9
13456 14204.1
13689 14537.4
13924 14892.2
14161 15195.7
14400 15547.7
14641 15926.5
14884 16322.5
15129 16661.3
15376 17002.8
15625 18041.6
15876 17782.5
16129 18161.6
16384 18663.9
16641 18915.4
16900 19398.2
17161 19735
17424 20258.1
17689 20625.4
17956 21001.6
18225 21417.8
18496 21969.3
18769 22410.1
19044 22806.8
19321 23361.9
19600 23810.7
19881 24236.8
20164 24784.8
20449 25321.2
20736 25792.1
21025 26257.5
21316 26859.5
21609 27300.8
21904 27962.4
22201 28547.5
22500 28952.6
22801 29448.7
23104 30231.8
23409 30815.1
23716 31409.2
24025 40023.2
24336 34850.9
24649 33307.7
24964 33861.3
25281 34477.4
25600 35013.4
25921 35723.3
26244 36309.3
26569 37296.7
26896 37603.7
27225 38609.4
27556 39187.3
27889 39760.3
28224 40495.8
28561 41529.2
28900 41852.1
29241 42729.5
29584 43627.5
29929 44249.2
30276 44971.4
30625 46117.6
30976 46657.1
31329 47314.4
31684 48101.3
32041 49174.6
32400 50114.9
32761 50987.5
33124 51729.3
33489 52533.8
33856 53327.9
34225 60138.4
34596 61714.7
34969 56499.7
35344 56972.9
35721 58035.2
36100 58954.7
36481 59766.3
36864 60933.3
37249 62071
37636 63131.2
38025 64236.8
38416 65022.4
38809 66040.7
39204 69270.3
39601 83534.4
40000 73441
40401 71491
40804 72988.2
41209 73671.5
41616 74661.4
42025 78802.3
42436 76977.4
42849 78236.1
43264 80163
43681 80295.9
44100 81599.2
44521 83832
44944 83802.1
45369 85976.2
45796 86902.3
46225 88673.2
46656 89429.4
47089 90238.5
47524 91731.3
47961 93143.8
48400 94398.8
48841 96647.8
49284 97083.7
49729 98526.4
50176 102430
50625 107514
51076 112640
51529 111066
51984 123134
52441 117856
52900 118488
53361 131027
53824 119315
54289 121104
54756 125457
55225 135608
55696 167972
56169 160212
56644 154228
57121 190495
57600 146336
58081 140273
58564 160605
59049 146663
59536 139489
60025 136951
60516 138586
61009 140842
61504 142867
62001 144559
62500 147010
63001 148753
63504 150357
64009 152767
64516 153544
65025 157222
65536 160065
66049 162638
66564 163706
67081 165483
67600 165125
68121 170779
68644 172321
69169 174585
69696 176761
70225 179880
70756 177921
71289 184988
71824 191249
72361 191900
72900 192732
73441 190882
73984 197082
74529 200017
75076 203297
75625 204925
76176 203170
76729 202092
77284 211334
77841 215661
78400 219285
78961 215819
79524 219992
80089 220564
80656 230034
81225 233260
81796 236398
82369 243586
82944 243946
83521 245614
84100 249559
84681 253879
85264 257628
85849 258032
86436 264385
87025 267623
87616 271363
88209 275361
88804 272728
89401 282587
90000 285352
90601 288934
91204 287562
91809 296116
92416 294648
93025 304927
93636 309098
94249 312919
94864 315805
95481 322289
96100 324890
96721 329651
97344 336685
97969 336147
98596 335805
99225 346890
99856 351781
100489 355221
101124 360099
101761 365316
102400 370176
103041 374987
103684 379872
104329 385106
104976 392369
105625 394725
106276 399755
106929 404935
107584 410352
108241 414597
108900 419546
109561 425409
110224 430277
110889 435620
111556 440557
112225 447146
112896 452202
113569 457684
114244 463665
114921 468897
115600 474952
116281 480946
116964 486825
117649 492345
118336 498248
119025 504968
119716 512217
120409 517684
121104 523446
121801 528550
122500 535783
123201 541475
123904 548908
124609 555695
125316 562073
126025 569206
126736 574652
127449 581737
128164 588760
128881 593951
129600 601758
130321 609928
131044 616786
131769 623018
132496 630414
133225 637823
133956 631520
134689 641743
135424 674909
136161 672511
136900 690395
137641 698328
138384 699148
139129 710301
139876 720974
140625 729504
141376 738063
142129 731245
142884 753733
143641 761381
144400 755285
145161 763764
145924 782495
146689 786132
147456 791358
148225 811963
148996 820000
149769 827979
150544 838780
151321 853420
152100 853291
152881 854053
153664 857733
154449 871006
155236 885915
156025 893417
156816 906153
157609 903060
158404 914970
159201 930567
160000 937848
160801 947272
161604 948702
162409 968621
163216 985246
164025 983885
164836 1.01148e+06
165649 1.00875e+06
166464 997316
167281 1.03471e+06
168100 1.04244e+06
168921 1.05233e+06
169744 1.05812e+06
170569 1.0672e+06
171396 1.0822e+06
172225 1.08881e+06
173056 1.12145e+06
173889 1.1304e+06
174724 1.14163e+06
175561 1.15134e+06
176400 1.16481e+06
177241 1.17659e+06
178084 1.18948e+06
178929 1.2008e+06
179776 1.21231e+06
180625 1.19874e+06
181476 1.22411e+06
182329 1.2463e+06
183184 1.26021e+06
184041 1.27358e+06
184900 1.28671e+06
185761 1.29794e+06
186624 1.31063e+06
187489 1.3243e+06
188356 1.32991e+06
189225 1.32746e+06
190096 1.34573e+06
190969 1.36369e+06
191844 1.36192e+06
192721 1.39566e+06
193600 1.39229e+06
194481 1.42243e+06
195364 1.4273e+06
196249 1.44691e+06
197136 1.45904e+06
198025 1.47726e+06
198916 1.49454e+06
199809 1.50183e+06
200704 1.49407e+06
201601 1.51376e+06
202500 1.54125e+06
203401 1.52944e+06
204304 1.57335e+06
205209 1.59574e+06
206116 1.58325e+06
207025 1.62052e+06
207936 1.62429e+06
208849 1.62063e+06
209764 1.66092e+06
210681 1.6669e+06
211600 1.68992e+06
212521 1.71478e+06
213444 1.71508e+06
214369 1.73479e+06
215296 1.74199e+06
216225 1.76402e+06
217156 1.75249e+06
218089 1.78852e+06
219024 1.7988e+06
219961 1.8093e+06
220900 1.82596e+06
221841 1.84689e+06
222784 1.86565e+06
223729 1.86936e+06
224676 1.88386e+06
225625 1.89184e+06
226576 1.92581e+06
227529 1.94673e+06
228484 1.9463e+06
229441 2.06894e+06
230400 1.99392e+06
231361 2.01035e+06
232324 2.03012e+06
233289 2.0472e+06
234256 2.05852e+06
235225 2.07897e+06
236196 2.1015e+06
237169 2.13144e+06
238144 2.15642e+06
239121 2.13893e+06
240100 2.17068e+06
241081 2.187e+06
242064 2.19222e+06
243049 2.25294e+06
244036 2.29094e+06
245025 2.30725e+06
246016 2.32665e+06
247009 2.34429e+06
248004 2.36366e+06
249001 2.37874e+06
250000 2.40218e+06
251001 2.41258e+06
252004 2.43937e+06
253009 2.45463e+06
254016 2.48523e+06
255025 2.48971e+06
256036 2.51965e+06
257049 2.51886e+06
258064 2.56284e+06
259081 2.57039e+06
260100 2.5918e+06
261121 2.5982e+06
262144 2.64027e+06
