1 1.192
4 1.683
9 3.577
16 6.673
25 11.235
36 17.112
49 24.415
64 32.641
81 40.708
100 50.791
121 62.684
144 76.116
169 92.554
196 107.441
225 125.402
256 144.036
289 202.137
324 191.197
361 241.051
400 237.959
441 264.598
484 292.593
529 327.678
576 355.743
625 394.976
676 426.085
729 463.666
784 502.949
841 547.692
900 585.796
961 629.827
1024 675.392
1089 728.48
1156 789.751
1225 829.413
1296 884.861
1369 955.725
1444 1000.11
1521 1061.93
1600 1123.72
1681 1188.81
1764 1254.01
1849 1322.37
1936 1391.97
2025 1463.9
2116 1547.64
2209 1621.34
2304 1704.1
2401 1790.92
2500 1876.7
2601 1971.04
2704 2055.67
2809 2159.93
2916 2245.96
3025 2345.8
3136 2449.8
3249 2550.65
3364 2653.93
3481 2772.11
3600 2882.51
3721 2989.22
3844 3106.39
3969 3226.26
4096 3349.03
4225 3475.13
4356 3611.18
4489 3763.67
4624 3883.69
4761 4031.6
4900 4170.01
5041 4318.73
5184 4467.7
5329 4628.17
5476 4781.15
5625 4945.4
5776 5105.28
5929 5273.42
6084 5439.78
6241 5617.95
6400 5791.29
6561 5974.72
6724 6165.48
6889 6353.04
7056 6564.69
7225 6739.5
7396 6937.04
7569 7145.82
7744 7359.5
7921 7576.04
8100 7798.89
8281 8030.9
8464 8283.02
8649 8540.98
8836 8818.77
9025 9098.27
9216 9397.58
9409 9706.69
9604 10029.3
9801 10377.8
10000 10687.3
10201 11026.9
10404 11423.9
10609 11803.6
10816 12195.8
11025 12469.4
11236 12880.2
11449 13298.6
11664 13687
11881 14079
12100 14444.3
12321 14816.3
12544 15367.9
12769 15782.9
12996 16354.8
13225 16632.5
13456 17229.8
13689 17477.8
13924 18167.8
14161 18562.3
14400 19163.8
14641 19633.7
14884 20300.4
15129 20781.5
15376 21270.7
15625 21900.3
15876 22671.9
16129 23108.5
16384 23733
16641 24486.7
16900 25214.6
17161 25527.3
17424 26236.5
17689 27268.5
17956 27838.2
18225 28750.5
18496 29307.5
18769 30187.1
19044 31062.2
19321 31853.9
19600 32587.4
19881 33848.1
20164 34646.6
20449 35453.7
20736 36149.3
21025 37154.9
21316 37822.3
21609 38708.9
21904 39865.5
22201 40851.9
22500 41927.6
22801 42964.5
23104 43812.8
23409 44599.1
23716 45601.9
24025 46526.8
24336 47973
24649 48710.5
24964 50091.9
25281 50824.9
25600 52586.4
25921 53208.1
26244 54433.8
26569 55534.8
26896 56687.4
27225 57971.8
27556 59151.8
27889 60413.1
28224 62338.8
28561 63394.4
28900 64501.2
29241 66414.1
29584 67385.3
29929 68783
30276 70489.2
30625 71380.6
30976 72876
31329 74761.3
31684 76138.3
32041 77772.3
32400 79831.8
32761 81088.7
33124 82649.2
33489 84387.3
33856 85775.5
34225 86953.2
34596 89810.9
34969 90673.8
35344 91915.5
35721 94620.5
36100 96305.3
36481 97485.1
36864 99501.3
37249 101676
37636 103460
38025 105565
38416 107618
38809 109696
39204 111846
39601 113571
40000 104878
40401 106999
40804 109286
41209 111466
41616 112897
42025 114726
42436 116926
42849 119078
43264 120498
43681 121968
44100 124262
44521 127052
44944 129496
45369 131292
45796 134251
46225 136054
46656 139198
47089 141960
47524 144202
47961 146070
48400 142590
48841 147923
49284 154258
49729 156773
50176 157945
50625 158327
51076 164906
51529 166297
51984 166206
52441 173434
52900 175204
53361 174928
53824 181682
54289 181380
54756 186688
55225 193139
55696 196650
56169 199013
56644 199869
57121 197874
57600 208790
58081 207658
58564 216953
59049 220565
59536 225005
60025 228359
60516 232685
61009 236154
61504 240280
62001 243260
62500 249136
63001 253207
63504 257778
64009 260493
64516 266524
65025 270315
65536 273446
66049 277972
66564 285626
67081 286936
67600 292334
68121 298109
68644 302033
69169 306399
69696 312744
70225 317629
70756 320897
71289 326619
71824 333816
72361 339004
72900 343026
73441 348758
73984 355317
74529 362893
75076 364734
75625 370091
76176 378424
76729 379753
77284 387727
77841 393264
78400 399481
78961 405211
79524 411814
80089 418597
80656 425152
81225 431200
81796 438126
82369 444958
82944 451592
83521 458170
84100 466861
84681 472773
85264 479355
85849 486354
86436 495376
87025 500748
87616 510456
88209 517553
88804 523516
89401 530954
90000 538758
90601 546981
91204 554129
91809 563750
92416 572409
93025 579582
93636 588009
94249 596752
94864 604812
95481 612911
96100 621634
96721 630876
97344 639710
97969 649839
98596 658327
99225 668464
99856 675507
100489 709668
101124 717946
101761 726502
102400 738270
103041 747416
103684 758874
104329 768408
104976 756420
105625 784321
106276 796543
106929 807032
107584 821499
108241 816543
108900 819129
109561 836340
110224 864727
110889 867705
111556 875770
112225 892030
112896 892490
113569 924402
114244 934989
114921 947217
115600 956365
116281 972308
116964 969808
117649 975497
118336 990645
119025 1.00662e+06
119716 1.031e+06
120409 1.0295e+06
121104 1.06024e+06
121801 1.07567e+06
122500 1.08243e+06
123201 1.10232e+06
123904 1.11643e+06
124609 1.12718e+06
125316 1.14337e+06
126025 1.1529e+06
126736 1.15319e+06
127449 1.1855e+06
128164 1.19455e+06
128881 1.19476e+06
129600 1.19995e+06
130321 1.24122e+06
131044 1.23987e+06
131769 1.25382e+06
132496 1.26953e+06
133225 1.29995e+06
133956 1.29459e+06
134689 1.31188e+06
135424 1.32722e+06
136161 1.36708e+06
136900 1.34901e+06
137641 1.39083e+06
138384 1.41508e+06
139129 1.39873e+06
139876 1.44969e+06
140625 1.45837e+06
141376 1.48212e+06
142129 1.49124e+06
142884 1.4896e+06
143641 1.53316e+06
144400 1.5409e+06
145161 1.558e+06
145924 1.5629e+06
146689 1.58346e+06
147456 1.62345e+06
148225 1.64238e+06
148996 1.65041e+06
149769 1.6784e+06
150544 1.69641e+06
151321 1.70483e+06
152100 1.70108e+06
152881 1.7264e+06
153664 1.77494e+06
154449 1.7879e+06
155236 1.81282e+06
156025 1.83301e+06
156816 1.82502e+06
157609 1.86291e+06
158404 1.86805e+06
159201 1.91284e+06
160000 1.9332e+06
160801 1.95346e+06
161604 1.97551e+06
162409 1.99461e+06
163216 2.01725e+06
164025 2.03869e+06
164836 2.05991e+06
165649 2.08003e+06
166464 2.10301e+06
167281 2.1282e+06
168100 2.15017e+06
168921 2.17113e+06
169744 2.19469e+06
170569 2.21696e+06
171396 2.24186e+06
172225 2.26267e+06
173056 2.28569e+06
173889 2.30783e+06
174724 2.33231e+06
175561 2.35493e+06
176400 2.38148e+06
177241 2.39954e+06
178084 2.42804e+06
178929 2.46032e+06
179776 2.47836e+06
180625 2.45328e+06
181476 2.51258e+06
182329 2.54583e+06
183184 2.5774e+06
184041 2.55443e+06
184900 2.61529e+06
185761 2.64559e+06
186624 2.68136e+06
187489 2.69817e+06
188356 2.71271e+06
189225 2.7446e+06
190096 2.78048e+06
190969 2.76503e+06
191844 2.79219e+06
192721 2.85161e+06
193600 2.87087e+06
194481 2.89604e+06
195364 2.93197e+06
196249 2.97632e+06
197136 3.00556e+06
198025 3.00173e+06
198916 3.05304e+06
199809 3.06981e+06
200704 3.07936e+06
201601 3.14445e+06
202500 3.1535e+06
203401 3.18663e+06
204304 3.22044e+06
205209 3.26119e+06
206116 3.27893e+06
207025 3.29762e+06
207936 3.31206e+06
208849 3.3642e+06
209764 3.39106e+06
210681 3.4139e+06
211600 3.44252e+06
212521 3.48335e+06
213444 3.52905e+06
214369 3.5603e+06
215296 3.57376e+06
216225 3.61395e+06
217156 3.64269e+06
218089 3.6406e+06
219024 3.68565e+06
219961 3.76448e+06
220900 3.8335e+06
221841 3.83669e+06
222784 3.86615e+06
223729 3.90072e+06
224676 3.93577e+06
225625 3.95647e+06
226576 4.00342e+06
227529 3.97173e+06
228484 4.02476e+06
229441 4.07853e+06
230400 4.12341e+06
231361 4.13639e+06
232324 4.203e+06
233289 4.24077e+06
234256 4.28575e+06
235225 4.31135e+06
236196 4.35191e+06
237169 4.39781e+06
238144 4.43363e+06
239121 4.46905e+06
240100 4.49735e+06
241081 4.5154e+06
242064 4.56714e+06
243049 4.61442e+06
244036 4.65683e+06
245025 4.68866e+06
246016 4.73232e+06
247009 4.86841e+06
248004 4.81754e+06
249001 4.86054e+06
250000 4.90003e+06
251001 4.94173e+06
252004 4.98982e+06
253009 5.04959e+06
254016 5.05437e+06
255025 5.08277e+06
256036 5.11888e+06
257049 5.17191e+06
258064 3.73917e+06
259081 3.2542e+06
260100 3.44329e+06
261121 3.52294e+06
262144 3.9099e+06
