1 2.031
4 1.232
9 1.902
16 3.618
25 6.109
36 9.544
49 13.775
64 18.908
81 25.541
100 32.696
121 40.631
144 50.077
169 60.734
196 70.123
225 78.837
256 91.166
289 105.711
324 129.302
361 147.16
400 157.583
441 179.102
484 191.303
529 222.791
576 240.896
625 257.983
676 297.792
729 308.338
784 334.612
841 362.136
900 390.365
961 419.9
1024 449.996
1089 483.958
1156 518.883
1225 565.898
1296 596.017
1369 630.752
1444 677.468
1521 718.905
1600 760.573
1681 793.907
1764 851.837
1849 881.782
1936 926.1
2025 946.71
2116 957.044
2209 983.6
2304 1073.11
2401 1139.07
2500 1132.49
2601 1155.57
2704 1205.45
2809 1261.65
2916 1266.02
3025 1307.58
3136 1435.52
3249 1547.71
3364 1583.06
3481 1620.07
3600 1787.71
3721 1958.11
3844 2029.02
3969 2125.37
4096 2160.12
4225 2222.92
4356 2338.26
4489 2446.07
4624 2507.01
4761 2637.63
4900 2663.77
5041 2740.84
5184 2809.31
5329 2920.07
5476 3446.97
5625 3338.11
5776 3368.61
5929 3545.53
6084 3503.89
6241 3702.47
6400 3784.64
6561 4219.21
6724 4030.09
6889 4050.67
7056 4140.68
7225 4303.56
7396 4399.76
7569 4501.43
7744 5103.32
7921 4983.4
8100 4834.85
8281 5031.61
8464 5185.3
8649 5567.16
8836 5299.04
9025 5585.29
9216 5534.82
9409 5708.27
9604 6280.19
9801 6211.68
10000 6086.98
10201 6295.32
10404 6783.25
10609 6733.86
10816 6847.38
11025 7233.95
11236 6952.21
11449 7128.96
11664 7064.3
11881 7074.34
12100 7188.92
12321 7328.22
12544 7463.91
12769 7615.4
12996 7786.77
13225 7911.16
13456 8071
13689 8231.99
13924 8389.76
14161 8517.79
14400 8681.01
14641 8875.13
14884 8995.24
15129 9145.68
15376 9311.5
15625 9491.73
15876 9633.06
16129 9803.28
16384 10050.4
16641 10153.5
16900 10353.6
17161 10543.3
17424 10690.6
17689 10890.4
17956 11073.6
18225 11275.1
18496 11482.4
18769 11654.4
19044 11855.8
19321 12042.9
19600 12240.7
19881 12594.2
20164 13175.2
20449 12922.9
20736 14009.1
21025 13915.4
21316 14155.2
21609 13643.7
21904 13824
22201 14027.8
22500 14227.3
22801 14427.6
23104 14655
23409 14883.1
23716 15082.2
24025 15265.8
24336 15492.1
24649 15719.3
24964 15976.8
25281 16139.9
25600 16432.7
25921 16653.8
26244 16838.7
26569 17109.5
26896 17848.2
27225 17757.5
27556 17701
27889 18066.7
28224 18198.2
28561 18426.2
28900 18795.7
29241 18950.8
29584 19166.8
29929 19448.8
30276 22362
30625 23660.3
30976 21328.4
31329 20513.3
31684 20698.5
32041 20890
32400 24646.1
32761 25884.8
33124 21749.9
33489 21958.6
33856 22320.4
34225 22771
34596 24042.3
34969 24792.6
35344 24887.4
35721 25458.8
36100 25469.9
36481 25839
36864 24769
37249 24674.6
37636 24962
38025 25210.1
38416 25540.9
38809 25816.8
39204 26116.5
39601 26906.2
40000 26718.2
40401 26973
40804 27394.5
41209 27563.1
41616 27878.9
42025 28884.3
42436 28609.4
42849 30736.8
43264 29144.7
43681 29438.2
44100 29685
44521 29804.6
44944 30440.4
45369 30678.3
45796 30967.5
46225 31304.9
46656 31596.3
47089 31918.8
47524 32215.1
47961 32549.4
48400 32960
48841 33196.9
49284 33498
49729 33846.5
50176 34166.6
50625 34732.4
51076 34861.9
51529 35194
51984 35535.4
52441 35962.4
52900 36230.2
53361 36559.4
53824 36915.5
54289 37214.5
54756 37559.9
55225 37891.8
55696 38221.8
56169 38615.2
56644 39042.9
57121 39252.2
57600 39611.8
58081 39979.5
58564 40297.3
59049 40710
59536 41048.5
60025 41444.5
60516 41879
61009 42195.9
61504 42526.9
62001 42893.7
62500 43268.7
63001 43652.4
63504 44026.2
64009 44350.7
64516 44782.6
65025 45099.2
65536 45476.3
66049 45911.5
66564 46352.2
67081 46714.8
67600 47315.1
68121 45862.4
68644 48305.7
69169 48328.9
69696 48732.6
70225 49179.1
70756 49629.4
71289 50077.7
71824 50440.1
72361 50864.9
72900 51263.4
73441 51717.7
73984 52074
74529 52529.2
75076 52908.1
75625 53741.2
76176 55151.2
76729 55600.7
77284 54680.8
77841 55162
78400 55663.3
78961 56330.8
79524 51349
80089 52046
80656 56882.7
81225 58384
81796 58278.9
82369 58621.2
82944 59017.9
83521 59566.9
84100 59925.2
84681 60367.9
85264 61305.6
85849 62158.1
86436 66439.9
87025 64429
87616 62797.3
88209 63426.6
88804 63926.8
89401 64390.3
90000 64543.5
90601 65070.8
91204 65469.9
91809 66043.5
92416 66642.1
93025 66914.6
93636 67362
94249 67977.6
94864 68784.8
95481 68832.8
96100 69256.5
96721 70150.7
97344 70298.7
97969 70891.2
98596 71190
99225 71721.8
99856 72133.6
100489 73196.3
101124 73246.5
101761 73965.7
102400 74202.8
103041 75549.9
103684 75904.6
104329 76777.1
104976 76067.1
105625 72494.3
106276 77432.2
106929 75019.1
107584 78713.8
108241 79052.1
108900 83646.8
109561 79839.2
110224 80296
110889 82222.5
111556 81392.2
112225 81930.2
112896 82420
113569 82967.9
114244 84086.3
114921 84177.1
115600 84482.6
116281 84974.2
116964 85610.5
117649 86409.4
118336 86729.8
119025 87875.8
119716 88153.7
120409 88218.6
121104 88792.8
121801 93179.4
122500 91471.9
123201 90440.8
123904 91290.2
124609 91521.2
125316 91989.4
126025 92908.8
126736 93239.4
127449 93789.9
128164 94229.1
128881 96860.9
129600 96545.2
130321 95979.6
131044 96497.3
131769 97058.6
132496 97623.9
133225 98348.3
133956 98857.7
134689 99471.7
135424 100031
136161 100624
136900 101438
137641 101880
138384 102515
139129 103080
139876 103988
140625 104508
141376 104964
142129 105542
142884 106188
143641 106729
144400 107440
145161 108050
145924 108726
146689 109369
147456 110078
148225 110652
148996 111230
149769 111917
150544 112465
151321 113530
152100 113773
152881 114423
153664 115004
154449 115793
155236 116251
156025 116949
156816 120606
157609 118459
158404 116672
159201 121484
160000 120357
160801 123291
161604 121988
162409 122275
163216 122921
164025 123545
164836 124325
165649 124888
166464 125660
167281 131930
168100 126871
168921 128238
169744 130261
170569 128935
171396 127463
172225 130268
173056 131263
173889 131796
174724 135570
175561 133096
176400 133751
177241 134513
178084 135435
178929 135845
179776 142070
180625 141582
181476 138287
182329 138561
183184 139376
184041 139201
184900 140767
185761 141387
186624 142293
187489 142859
188356 143535
189225 144364
190096 144239
190969 145781
191844 146444
192721 147220
193600 147888
194481 148630
195364 149373
196249 149982
197136 150743
198025 151606
198916 152232
199809 153027
200704 153755
201601 152584
202500 155141
203401 155922
204304 156873
205209 157350
206116 158100
207025 158857
207936 156662
208849 160367
209764 161351
210681 161842
211600 162557
212521 163123
213444 162097
214369 164823
215296 165678
216225 166357
217156 167286
218089 168112
219024 164468
219961 169519
220900 170418
221841 171022
222784 171950
223729 172898
224676 168153
225625 174198
226576 174931
227529 175660
228484 176403
229441 177178
230400 178107
231361 178969
232324 179797
233289 180518
234256 181186
235225 180821
236196 182586
237169 183585
238144 179829
239121 185304
240100 186169
241081 187443
242064 187947
243049 188534
244036 189424
245025 190629
246016 188870
247009 191747
248004 200515
249001 193461
250000 194281
251001 195115
252004 195739
253009 196748
254016 197558
255025 198894
256036 186868
257049 185262
258064 200908
259081 201701
260100 210308
261121 193311
262144 196119
