1 0.868
4 6.308
9 3.567
16 6.34
25 10.013
36 14.172
49 20.194
64 26.597
81 33.801
100 42.437
121 52.361
144 62.453
169 73.97
196 86.927
225 100.929
256 117.337
289 131.852
324 148.796
361 166.276
400 187.206
441 206.615
484 228.197
529 252.401
576 275.319
625 297.947
676 325.033
729 350.817
784 380.927
841 411.336
900 441.086
961 473.168
1024 510.414
1089 542.672
1156 584.018
1225 626.776
1296 646.697
1369 685.454
1444 723.963
1521 766.864
1600 811.02
1681 856.356
1764 899.714
1849 945.442
1936 993.972
2025 1048.01
2116 1100.68
2209 1140.63
2304 1196.55
2401 1242.69
2500 1294.64
2601 1352.56
2704 1406.64
2809 1465.87
2916 1531.28
3025 1586.67
3136 1650.39
3249 1715.25
3364 1786.93
3481 1845.34
3600 1918.06
3721 1975.89
3844 2055.59
3969 2127.09
4096 2213.49
4225 2281.91
4356 2350.06
4489 2431.8
4624 2501.7
4761 2576.74
4900 2640.23
5041 2718.36
5184 2804.95
5329 2882.69
5476 2962.5
5625 3056.14
5776 3141.6
5929 3228.15
6084 3315.42
6241 3419.34
6400 3508.96
6561 3612.85
6724 3708.51
6889 3796.38
7056 3895.41
7225 3984.59
7396 4086.58
7569 4199.37
7744 4303.68
7921 4405.6
8100 4528.86
8281 4649.61
8464 4744.75
8649 4856.28
8836 4950.69
9025 5065.45
9216 5177.69
9409 5275.94
9604 5370.69
9801 5491.48
10000 5598.91
10201 5716.69
10404 5843.66
10609 5956.64
10816 6082.91
11025 6204.9
11236 6341.93
11449 6459.16
11664 6598.38
11881 6724.31
12100 6850.49
12321 7003.13
12544 7132.75
12769 7273.99
12996 7405.81
13225 7570.81
13456 7701.58
13689 7839.86
13924 7974.3
14161 8114.11
14400 8258.8
14641 8405
14884 8561.27
15129 8706.42
15376 8861.36
15625 9011.01
15876 9190.56
16129 9365.33
16384 9538.36
16641 9697.5
16900 9843.51
17161 9985.86
17424 10152.6
17689 10291.4
17956 10451.1
18225 10619.6
18496 10776.2
18769 10931.8
19044 11065
19321 11223.3
19600 11395.5
19881 11663.6
20164 11727.4
20449 11905.7
20736 12112
21025 12267.9
21316 12430.7
21609 12626.3
21904 12785.5
22201 12979.3
22500 13199.4
22801 13366.5
23104 13539.6
23409 13736.6
23716 13929
24025 14123.1
24336 14317.1
24649 14522.3
24964 14909.9
25281 14980.8
25600 15443.7
25921 16018.8
26244 15930.3
26569 20371.6
26896 15993.8
27225 16169.8
27556 16342.5
27889 16557.3
28224 16836.7
28561 17003
28900 17190.2
29241 17431
29584 17625.6
29929 17844.7
30276 18068.2
30625 18289.5
30976 18539.5
31329 18747.8
31684 18990.5
32041 19249
32400 19523.5
32761 19776.7
33124 19973.4
33489 20207.1
33856 20432.6
34225 20635.9
34596 20865.8
34969 21113.1
35344 21325.7
35721 21569
36100 21797.7
36481 22042
36864 22292.4
37249 22494.3
37636 22711.6
38025 22970.3
38416 23126.2
38809 23367.9
39204 23613.9
39601 23824.4
40000 24106.2
40401 24367.3
40804 24623.6
41209 24995.5
41616 25139.5
42025 25391
42436 25662.2
42849 25925.3
43264 26198.6
43681 26454
44100 26714.1
44521 26986.7
44944 27296.9
45369 27585.4
45796 27803.5
46225 28117.4
46656 28362.3
47089 28715.2
47524 28945.8
47961 29185.5
48400 29323.4
48841 29779.8
49284 29757
49729 30156.7
50176 30340.3
50625 30643.9
51076 31218.8
51529 31393.7
51984 31918.8
52441 32247.6
52900 32579.9
53361 32896
53824 33136.5
54289 33416.6
54756 33709.1
55225 34009.1
55696 34314.5
56169 34586.8
56644 34925.3
57121 35212.4
57600 35536.6
58081 35847.5
58564 36146.3
59049 36450.1
59536 37218.8
60025 36766
60516 37307.9
61009 38209.4
61504 38198.6
62001 38470.4
62500 38816.5
63001 39164.9
63504 39513.7
64009 39887.1
64516 40238
65025 40658.9
65536 41036.7
66049 41373.3
66564 42095.6
67081 41964.5
67600 42301.2
68121 42597.3
68644 42937.3
69169 43250.6
69696 43558.7
70225 43839.2
70756 44185.5
71289 44541.4
71824 44919.6
72361 45309.5
72900 46031.8
73441 46296
73984 46172.1
74529 46323.2
75076 47060.4
75625 46922.7
76176 47467.9
76729 47872.9
77284 48265
77841 48642.1
78400 49323.3
78961 49239
79524 49544.6
80089 50404.2
80656 50344.1
81225 50716.8
81796 51122.3
82369 51675.2
82944 51966.9
83521 52901.8
84100 52874.5
84681 53443.9
85264 53381.7
85849 53832.4
86436 54175.3
87025 54560.1
87616 54946.5
88209 55358.5
88804 55746
89401 56582.1
90000 56621.6
90601 56906.7
91204 57332.6
91809 57754.4
92416 58096.3
93025 58566.5
93636 58987.3
94249 59454.4
94864 60156.8
95481 60504.8
96100 60565.9
96721 61011.8
97344 61338.1
97969 61871.1
98596 62294.4
99225 62755.6
99856 63182.7
100489 63498.5
101124 63947.8
101761 64406.4
102400 64911.7
103041 65363.8
103684 65691
104329 66294.2
104976 66713.9
105625 67114.6
106276 67539.9
106929 67997.8
107584 68214.9
108241 68815.6
108900 69251
109561 69718.9
110224 70065.8
110889 70668.3
111556 70896.2
112225 71414.5
112896 71891
113569 72383.8
114244 72833.8
114921 73169.5
115600 73636.5
116281 74125.6
116964 74526.1
117649 75029.6
118336 75441.2
119025 75895.1
119716 76400.8
120409 76878.4
121104 77341
121801 77934.4
122500 78432.1
123201 79495.6
123904 79835.2
124609 79696.8
125316 80060.3
126025 80690
126736 81262.1
127449 82153.5
128164 82479.1
128881 82859
129600 83380.6
130321 83982.9
131044 84604.2
131769 85428.9
132496 85977.8
133225 85725.6
133956 86376.3
134689 86952.4
135424 87398.5
136161 88206.2
136900 88391.7
137641 88869.5
138384 89321.4
139129 89823.4
139876 90959.3
140625 91329
141376 91191.6
142129 91618.8
142884 92203.3
143641 92740.7
144400 93562.8
145161 93465.9
145924 93696.8
146689 94534.4
147456 95008.3
148225 95790.9
148996 94207.9
149769 93390.2
150544 96835.6
151321 97557.3
152100 98144.2
152881 98657.9
153664 99044.5
154449 99572
155236 100041
156025 100065
156816 100342
157609 101659
158404 102100
159201 102743
160000 103295
160801 104204
161604 104247
162409 104854
163216 105354
164025 106851
164836 107257
165649 106989
166464 107192
167281 108079
168100 109101
168921 109108
169744 109670
170569 110326
171396 110137
172225 108576
173056 106686
173889 111627
174724 113089
175561 113615
176400 114309
177241 114715
178084 115304
178929 116003
179776 116708
180625 117256
181476 117837
182329 118346
183184 118962
184041 119562
184900 120024
185761 120638
186624 120033
187489 116326
188356 117053
189225 122287
190096 123704
190969 124255
191844 124852
192721 125281
193600 126047
194481 126717
195364 127190
196249 127950
197136 128636
198025 129088
198916 129730
199809 130537
200704 130130
201601 125626
202500 128457
203401 133083
204304 133776
205209 134232
206116 134939
207025 135677
207936 136435
208849 137086
209764 137907
210681 138547
211600 139141
212521 139984
213444 140611
214369 139345
215296 141650
216225 142159
217156 142838
218089 142906
219024 143941
219961 144750
220900 143515
221841 139367
222784 144950
223729 147173
224676 147840
225625 148453
226576 149045
227529 146981
228484 150398
229441 151181
230400 151580
231361 151798
232324 152867
233289 153908
234256 148544
235225 147524
236196 154186
237169 156397
238144 156966
239121 157634
240100 155783
241081 155177
242064 159885
243049 160350
244036 161053
245025 162076
246016 162598
247009 163529
248004 164039
249001 164859
250000 165345
251001 166180
252004 166692
253009 160902
254016 165362
255025 169223
256036 169671
257049 170936
258064 169181
259081 171895
260100 173653
261121 174555
262144 175482
