1 1.418
4 2.457
9 4.361
16 7.699
25 13.155
36 18.458
49 26.035
64 32.573
81 43.852
100 54.583
121 65.222
144 80.572
169 96.008
196 111.963
225 127.615
256 142.551
289 196.078
324 195.884
361 218.448
400 237.368
441 262.371
484 296.797
529 337.01
576 350.733
625 380.819
676 416.394
729 449.48
784 483.539
841 523.603
900 565.603
961 586.966
1024 618.16
1089 675.062
1156 727.627
1225 774.835
1296 838.526
1369 876.934
1444 921.302
1521 970.545
1600 1025.87
1681 1083.01
1764 1139.4
1849 1194.36
1936 1228.64
2025 1304.89
2116 1346.43
2209 1425.82
2304 1523.07
2401 1585.32
2500 1650.26
2601 1718.66
2704 1814.2
2809 1858.83
2916 1940.19
3025 2048.4
3136 2094.97
3249 2167.61
3364 2249.7
3481 2327.75
3600 2395.28
3721 2459.89
3844 2577.27
3969 2629.29
4096 2690.86
4225 2786.07
4356 2905.89
4489 3033.72
4624 3251.35
4761 3233.01
4900 3343.43
5041 3436.5
5184 3562.93
5329 3744.45
5476 3759.11
5625 3844.64
5776 3999.7
5929 4076.47
6084 4200.82
6241 4279.26
6400 4495.08
6561 4553.6
6724 4688.12
6889 4752.33
7056 4862.17
7225 4978.9
7396 5066.73
7569 5177.39
7744 5291.36
7921 5373.33
8100 5500.7
8281 5622.99
8464 5795.7
8649 5957.03
8836 6143.31
9025 6288.37
9216 6452.43
9409 6602.69
9604 6754.11
9801 6893.14
10000 7043.77
10201 7195.59
10404 7364.19
10609 7551.8
10816 7686.06
11025 7819.24
11236 8007.43
11449 8121.98
11664 8297.73
11881 8438.06
12100 8588.76
12321 8731.97
12544 8899.99
12769 9102.94
12996 9284.38
13225 9479.53
13456 9624.49
13689 9780.03
13924 9935.26
14161 10079
14400 10231.4
14641 10379.6
14884 10539.8
15129 10693.8
15376 10841.6
15625 11004.7
15876 11123
16129 10835.7
16384 10983.5
16641 11227.5
16900 11451.5
17161 11692.9
17424 11921
17689 12156.4
17956 12385.2
18225 12712.6
18496 12910.7
18769 13223.4
19044 13829.2
19321 14043.8
19600 14247.1
19881 14172.5
20164 14069.7
20449 14354.1
20736 15165.7
21025 15443.3
21316 15596
21609 15840.1
21904 15507
22201 15596.1
22500 15776.3
22801 16030.7
23104 16239
23409 16441.9
23716 16688.8
24025 16868.2
24336 17123.2
24649 17323
24964 17560.4
25281 17902.6
25600 18046.9
25921 18381.2
26244 18613.8
26569 18903.8
26896 19108.6
27225 19318.5
27556 19591.6
27889 19755.5
28224 19928.6
28561 20193.6
28900 20369.9
29241 20588.5
29584 20784.1
29929 21219.3
30276 21213.2
30625 21402.9
30976 21781.8
31329 23027.1
31684 23230.9
32041 24292.1
32400 23515.4
32761 23776.5
33124 23127.3
33489 23491.3
33856 24465.3
34225 25589
34596 25717.6
34969 26304.5
35344 26550.1
35721 26950.3
36100 27646.6
36481 28133.3
36864 27683.4
37249 26911.4
37636 27026.6
38025 27336.8
38416 27640.6
38809 27988.6
39204 29317.7
39601 30653.8
40000 31059.9
40401 31926.3
40804 31785.2
41209 31169.8
41616 31185.6
42025 30485.3
42436 30814.5
42849 31144.4
43264 31466.6
43681 31977.6
44100 32738.1
44521 32632
44944 32725.3
45369 32944.2
45796 33248.7
46225 33646.5
46656 35489.4
47089 36234.8
47524 36312.9
47961 36456.1
48400 36699.8
48841 37874.7
49284 38030.7
49729 40159.2
50176 38246
50625 37432.1
51076 37212.1
51529 37854.2
51984 37983
52441 38650.1
52900 38985.9
53361 39264.4
53824 39508
54289 39761.3
54756 40018.3
55225 40308.1
55696 40621.9
56169 40965.4
56644 41477.7
57121 43872
57600 44479
58081 44808.4
58564 44775.2
59049 43317.3
59536 43491.1
60025 43763.4
60516 43877.7
61009 44154.5
61504 44517.8
62001 45433.8
62500 53028.6
63001 47739.1
63504 49818.6
64009 58496.3
64516 48300.9
65025 49697.1
65536 49917
66049 49658.2
66564 49416.7
67081 48634.5
67600 49127.2
68121 49486.6
68644 51024.8
69169 52885.7
69696 52433.6
70225 51422.8
70756 53629
71289 54639.1
71824 52862
72361 57853.3
72900 56064.1
73441 56817
73984 57135.5
74529 57551.1
75076 57348.1
75625 58657.9
76176 57085.9
76729 57059.9
77284 57387.2
77841 57817.8
78400 58266.8
78961 58934.5
79524 59205.3
80089 60220
80656 60218.7
81225 60955.4
81796 60923.9
82369 61367.7
82944 61855.5
83521 62443.6
84100 63018
84681 63948.9
85264 63885.6
85849 64319.1
86436 65345.9
87025 65246.7
87616 65637
88209 66060.7
88804 66486.3
89401 66958.1
90000 67380.4
90601 67923.7
91204 68213.5
91809 68648.1
92416 69186.5
93025 69736.8
93636 70212.4
94249 70627.5
94864 71032.3
95481 71462.4
96100 71922.3
96721 72362.6
97344 72802.9
97969 73251.8
98596 73638.5
99225 74229.9
99856 74901.8
100489 75392.4
101124 75910.5
101761 76491.2
102400 76908.6
103041 77522.3
103684 78071.9
104329 78649.9
104976 79174.4
105625 79768.9
106276 80521.8
106929 80746.4
107584 81159.2
108241 81633.3
108900 86727.5
109561 82543.5
110224 83138.9
110889 83473
111556 83853.7
112225 84345.9
112896 85578.7
113569 85454.1
114244 85780.8
114921 85617.5
115600 83130
116281 85947.8
116964 88206.9
117649 88055.2
118336 88764.5
119025 89001.9
119716 89493.6
120409 90328.8
121104 90436.7
121801 96161
122500 91378.7
123201 91884
123904 96497.2
124609 97033.2
125316 97487
126025 93658.2
126736 94193.4
127449 103474
128164 95108.9
128881 95512.7
129600 100498
130321 100720
131044 101578
131769 97647.6
132496 102766
133225 99183.1
133956 104148
134689 109215
135424 101223
136161 110672
136900 108078
137641 107743
138384 104147
139129 109035
139876 109739
140625 114956
141376 111197
142129 107649
142884 108551
143641 109203
144400 119947
145161 122203
145924 117090
146689 117404
147456 112486
148225 113124
148996 113775
149769 114419
150544 115713
151321 116477
152100 124923
152881 118302
153664 121309
154449 138766
155236 141150
156025 143835
156816 124660
157609 128183
158404 131821
159201 133368
160000 154179
160801 135898
161604 131038
162409 133697
163216 133658
164025 131320
164836 132074
165649 129501
166464 133195
167281 134428
168100 135230
168921 132774
169744 130964
170569 131574
171396 132200
172225 132796
173056 133596
173889 135810
174724 141276
175561 140449
176400 136129
177241 138078
178084 140007
178929 138463
179776 138806
180625 139558
181476 141115
182329 140772
183184 141398
184041 142109
184900 142779
185761 143367
186624 144353
187489 145547
188356 145335
189225 145943
190096 146743
190969 147375
191844 147970
192721 149403
193600 149118
194481 149835
195364 150451
196249 151190
197136 151879
198025 152684
198916 154266
199809 154241
200704 155013
201601 155738
202500 156542
203401 157353
204304 159037
205209 158985
206116 159835
207025 160665
207936 188924
208849 165810
209764 165006
210681 165045
211600 187152
212521 168156
213444 167314
214369 167403
215296 168575
216225 168191
217156 168778
218089 169476
219024 170107
219961 170721
220900 174403
221841 173827
222784 172757
223729 173581
224676 174035
225625 175026
226576 196284
227529 176219
228484 188739
229441 197683
230400 181406
231361 179989
232324 179556
233289 180218
234256 180839
235225 181817
236196 182789
237169 182865
238144 183515
239121 184124
240100 184931
241081 185568
242064 186397
243049 186895
244036 187510
245025 188284
246016 188737
247009 195811
248004 202069
249001 191658
250000 197239
251001 192441
252004 194962
253009 195363
254016 204152
255025 207310
256036 196042
257049 197090
258064 197491
259081 198157
260100 198600
261121 199402
262144 202130
