1 0.873
4 2.411
9 4.181
16 7.694
25 12.622
36 18.276
49 26.44
64 35.655
81 45.382
100 66.945
121 71.426
144 88.427
169 105.941
196 123.943
225 145.394
256 167.273
289 189.641
324 216.558
361 241.355
400 272.295
441 301.046
484 336.049
529 371.576
576 406.289
625 445.544
676 486.106
729 524.443
784 571.785
841 618.349
900 663.589
961 711.636
1024 762.587
1089 818.937
1156 874.972
1225 935.957
1296 990.939
1369 1050.37
1444 1107.85
1521 1176.44
1600 1245.88
1681 1316.91
1764 1380.52
1849 1459.24
1936 1530.04
2025 1606.69
2116 1688.25
2209 1775.27
2304 1857.8
2401 1943.6
2500 2024.19
2601 2114.33
2704 2203.63
2809 2289.24
2916 2389.96
3025 2480.79
3136 2579.25
3249 2688.47
3364 2836.89
3481 2898.01
3600 3001.26
3721 3115.53
3844 3225.03
3969 3336.96
4096 3465.47
4225 3586.39
4356 3706.15
4489 3834.09
4624 3956.21
4761 4077.74
4900 4204
5041 4323.38
5184 4468.85
5329 4599.24
5476 4722.85
5625 4852.35
5776 4993.12
5929 5137.58
6084 5291.99
6241 5434.85
6400 5591.12
6561 5788.61
6724 5940.63
6889 6103.92
7056 6210.39
7225 6386.32
7396 6546.26
7569 6702.27
7744 6883.2
7921 7055.45
8100 7219.61
8281 7422.19
8464 7589.2
8649 7769.45
8836 7949.45
9025 8117.85
9216 8323.82
9409 8493.84
9604 8677
9801 8870.54
10000 9040.52
10201 9247.87
10404 9455.84
10609 9636.55
10816 9608.29
11025 9655.35
11236 9839.72
11449 10034.8
11664 10245.9
11881 10438.9
12100 10636.5
12321 10850.5
12544 11086.4
12769 11298
12996 11532.1
13225 11762.7
13456 11976.2
13689 12172.3
13924 12401.8
14161 12621.5
14400 12845.3
14641 13062.7
14884 13313.4
15129 13550.8
15376 13793.7
15625 14033.8
15876 14433.6
16129 15123.5
16384 15426
16641 15699.9
16900 15965.9
17161 16238.1
17424 16510.6
17689 16782.3
17956 17047.1
18225 17335.5
18496 17611.7
18769 17845.9
19044 18111.9
19321 18380.5
19600 18675
19881 18926.2
20164 19249.8
20449 19496.2
20736 19864.7
21025 20119.7
21316 20379.4
21609 20676.8
21904 20952.1
22201 21260.8
22500 21591.1
22801 21788.9
23104 22240.1
23409 22561
23716 22802.4
24025 23117.9
24336 23488.9
24649 23810.5
24964 24154.2
25281 24529.7
25600 24908.3
25921 25227.9
26244 25556.8
26569 25424
26896 25155.2
27225 25518.7
27556 25823
27889 26955.8
28224 27595.2
28561 27925.3
28900 28275.3
29241 28652.9
29584 28981.4
29929 29398.6
30276 29745.3
30625 30117.2
30976 30523.3
31329 30849.9
31684 31226
32041 31641.9
32400 32003.1
32761 32405.5
33124 32853.6
33489 33175.4
33856 33596.2
34225 33967.4
34596 34378.4
34969 34797.2
35344 35226.8
35721 35543.5
36100 36057.7
36481 36457.2
36864 36874
37249 37249.5
37636 37625.8
38025 38039.3
38416 38489.8
38809 38898.5
39204 39306.3
39601 39669
40000 40048.6
40401 40456.2
40804 40901.8
41209 41407.3
41616 41842.7
42025 42251.3
42436 42750.7
42849 43288
43264 43609.6
43681 43993
44100 44361
44521 44801.1
44944 45207.1
45369 45924.6
45796 46420.9
46225 46892.2
46656 47149.9
47089 45565.9
47524 46212.7
47961 46636.1
48400 46888
48841 47378.5
49284 48496.1
49729 50529.9
50176 51029.3
50625 51507.5
51076 52040.8
51529 52596.9
51984 53078.6
52441 53463.5
52900 53882.8
53361 54535.5
53824 54475.7
54289 55103.8
54756 56039.7
55225 56622.8
55696 57007.3
56169 57132.6
56644 55516.4
57121 55601.3
57600 56277.9
58081 56999.2
58564 58080.7
59049 60731.1
59536 61274.2
60025 61827.1
60516 62185.5
61009 62764.4
61504 63428.4
62001 64078.3
62500 64556.2
63001 65184.3
63504 65723.4
64009 66078.7
64516 66675.9
65025 67271.8
65536 67970.1
66049 68541
66564 69191.8
67081 69750.7
67600 70424
68121 70678.8
68644 71254.4
69169 71691
69696 72646.8
70225 73383.1
70756 73899.8
71289 74300.1
71824 74926.3
72361 75649.8
72900 76319.7
73441 76941.7
73984 77566.3
74529 78178.7
75076 78638.4
75625 79065
76176 79039.9
76729 79829.9
77284 80938.4
77841 81910.4
78400 82151.8
78961 82766.4
79524 83245.7
80089 84008.8
80656 84828.5
81225 85512
81796 86279.2
82369 86868.6
82944 87302
83521 88106.8
84100 88925.6
84681 89495.7
85264 88771.4
85849 86358.8
86436 89322.4
87025 91983.3
87616 92688.1
88209 93352.8
88804 93588
89401 94155.1
90000 94772.4
90601 95931.3
91204 96440.3
91809 95131
92416 93052.7
93025 93911.4
93636 97496.2
94249 99950.9
94864 100365
95481 101039
96100 101386
96721 102835
97344 103196
97969 102203
98596 99582.5
99225 101043
99856 106428
100489 107241
101124 107572
101761 108208
102400 109414
103041 110149
103684 110516
104329 109261
104976 112586
105625 113352
106276 113977
106929 114251
107584 114763
108241 115553
108900 116907
109561 117256
110224 112262
110889 117812
111556 119739
112225 120419
112896 120927
113569 121858
114244 122683
114921 123316
115600 122008
116281 125212
116964 125866
117649 126764
118336 127083
119025 128227
119716 128071
120409 129875
121104 125182
121801 130401
122500 132354
123201 133189
123904 133278
124609 134351
125316 135583
126025 134564
126736 129677
127449 135593
128164 139696
128881 139458
129600 140929
130321 141985
131044 142340
131769 144326
132496 145032
133225 146585
133956 146205
134689 147167
135424 147437
136161 149052
136900 150285
137641 155042
138384 157929
139129 157745
139876 160452
140625 160202
141376 154961
142129 159894
142884 164923
143641 164241
144400 164984
145161 166068
145924 163141
146689 160835
147456 161723
148225 162566
148996 163662
149769 164652
150544 164363
151321 174321
152100 167071
152881 167968
153664 168763
154449 169774
155236 171236
156025 173928
156816 172926
157609 177834
158404 179309
159201 178595
160000 182199
160801 184338
161604 186229
162409 188399
163216 189191
164025 189906
164836 192459
165649 193985
166464 192166
167281 193215
168100 193427
168921 194593
169744 189540
170569 188405
171396 189176
172225 190119
173056 191064
173889 192231
174724 193173
175561 194184
176400 195095
177241 196478
178084 197261
178929 197793
179776 198776
180625 200076
181476 201073
182329 201562
183184 202845
184041 204435
184900 200489
185761 198893
186624 209895
187489 211756
188356 211082
189225 210228
190096 211588
190969 212403
191844 214013
192721 213013
193600 213706
194481 217373
195364 219304
196249 219387
197136 219970
198025 220584
198916 223408
199809 222568
200704 223771
201601 224441
202500 225976
203401 227703
204304 228428
205209 229680
206116 231156
207025 231583
207936 234712
208849 234807
209764 235127
210681 237709
211600 242321
212521 239078
213444 239268
214369 248471
215296 276470
216225 246541
217156 246677
218089 256050
219024 266805
219961 259324
220900 262205
221841 262142
222784 262326
223729 257894
224676 259219
225625 283467
226576 258428
227529 255966
228484 269071
229441 258207
230400 262870
231361 260695
232324 261687
233289 262836
234256 263701
235225 264814
236196 266993
237169 267823
238144 268614
239121 278588
240100 292150
241081 284148
242064 296124
243049 284627
244036 286459
245025 291019
246016 288482
247009 332797
248004 287815
249001 282413
250000 284555
251001 284598
252004 307897
253009 295660
254016 289198
255025 291838
256036 315580
257049 305014
258064 310653
259081 356146
260100 347024
261121 316930
262144 314931
