1 0.948
4 1.382
9 2.27
16 4.222
25 7.441
36 11.063
49 16.428
64 21.272
81 29.521
100 38.376
121 45.588
144 57.164
169 70.393
196 84.951
225 96.135
256 109.27
289 129.08
324 149.642
361 171.593
400 193.209
441 211.029
484 230.581
529 255.093
576 284.975
625 315.832
676 349.06
729 383.989
784 418.943
841 446.968
900 475.407
961 505.815
1024 541.091
1089 585.487
1156 630.867
1225 683.269
1296 725.68
1369 777.539
1444 830.94
1521 888.18
1600 934.482
1681 977.891
1764 1023.13
1849 1067.94
1936 1117.18
2025 1168.14
2116 1237.59
2209 1304.18
2304 1378.89
2401 1443.12
2500 1516.97
2601 1589.39
2704 1667.53
2809 1755.3
2916 1830.75
3025 1916.95
3136 1995.14
3249 2059.77
3364 2133.74
3481 2196.11
3600 2263.01
3721 2337.04
3844 2415.65
3969 2485.02
4096 2734.34
4225 2677.25
4356 2795.52
4489 2886.48
4624 2994.13
4761 3098.65
4900 3204.7
5041 3320.7
5184 3434.48
5329 3547.17
5476 3667.27
5625 3799.29
5776 3914.31
5929 4035.23
6084 4186.35
6241 4290.01
6400 4397.19
6561 4496.38
6724 4600.23
6889 4699.08
7056 4818.66
7225 4911.86
7396 5028.07
7569 5138.53
7744 5255.1
7921 5364.4
8100 5498.24
8281 5643.68
8464 5799.16
8649 5950.11
8836 6114.45
9025 6268.4
9216 6433.7
9409 6579.29
9604 6742.84
9801 6900.2
10000 7090.94
10201 7282.34
10404 7437.55
10609 7593.65
10816 7777.37
11025 7984.03
11236 8131.64
11449 8323.92
11664 8505.26
11881 8703.05
12100 8892.18
12321 9120.24
12544 9269.3
12769 9423.07
12996 9574.51
13225 9735.43
13456 9893.78
13689 10051.5
13924 10214.5
14161 10377.8
14400 10530.2
14641 10697.9
14884 10876.7
15129 11056.4
15376 11233.6
15625 11409.2
15876 11566.4
16129 11759.1
16384 12002.9
16641 12210.3
16900 12446.5
17161 12698.5
17424 12927.2
17689 13253.9
17956 13386.9
18225 13618.8
18496 13863.1
18769 14069
19044 14303.4
19321 15271.2
19600 14293.4
19881 14589.4
20164 14719
20449 15030.4
20736 15236.4
21025 15465.1
21316 15705.4
21609 16000.4
21904 16243.8
22201 16510.8
22500 17145.9
22801 17724.6
23104 18023.7
23409 18296.9
23716 18597.2
24025 18861.3
24336 19182.7
24649 19516.3
24964 19728.8
25281 19947
25600 20198.9
25921 20419.3
26244 20680.4
26569 20995.7
26896 21159.2
27225 21412.5
27556 21641.9
27889 21883.6
28224 22121.8
28561 22378.5
28900 22615.9
29241 22880.1
29584 23129.3
29929 23400.2
30276 23683.7
30625 23959.3
30976 24221.1
31329 24423.2
31684 24732.4
32041 24999.8
32400 25265
32761 25658.6
33124 25984.8
33489 26247.5
33856 22982.2
34225 22630.4
34596 26219.4
34969 27488.7
35344 26950.7
35721 27267.3
36100 27615.1
36481 27956.3
36864 28331.8
37249 28633.8
37636 28945.1
38025 29290.9
38416 29633.2
38809 30014.7
39204 31446.5
39601 31995.9
40000 32456.4
40401 32817.6
40804 33336.2
41209 33633.7
41616 33998.3
42025 34325.3
42436 34722.2
42849 35115.6
43264 35550.1
43681 35957.6
44100 36393.2
44521 36809.6
44944 37181.1
45369 37584
45796 38086.2
46225 38442.1
46656 38818.6
47089 39571.4
47524 39425.1
47961 38480.1
48400 38921.3
48841 39463.4
49284 39880.5
49729 40195.7
50176 40511.1
50625 41750.1
51076 42919.9
51529 43273
51984 43687.3
52441 44046.8
52900 44385.4
53361 44733.7
53824 45072
54289 45405.6
54756 45599.7
55225 46126.3
55696 46522.5
56169 46894.6
56644 47301.1
57121 43783.6
57600 47315.1
58081 47964.8
58564 46854.6
59049 47231
59536 49521.7
60025 49973
60516 50404.2
61009 50824.7
61504 51130.6
62001 51507
62500 51955.5
63001 52374.4
63504 52745.2
64009 53155.8
64516 53601.9
65025 54061.6
65536 54728.1
66049 55187.4
66564 55734.2
67081 56218.7
67600 56906
68121 54916.6
68644 55408.2
69169 55938.4
69696 56444
70225 57875.1
70756 59829.8
71289 60354
71824 60973.8
72361 61446.4
72900 62003.8
73441 62504.1
73984 61880.2
74529 62214.5
75076 63898.9
75625 64449.5
76176 65789.3
76729 64333.3
77284 63504.8
77841 64084.7
78400 65439.3
78961 67830.3
79524 68382.1
80089 69049
80656 69679.1
81225 70341.7
81796 70977.3
82369 71418.7
82944 71833.2
83521 72527.7
84100 73067
84681 74090
85264 71218.8
85849 71779.4
86436 74039.4
87025 76017.3
87616 76659.4
88209 77281.4
88804 77820.6
89401 78493.3
90000 79190.3
90601 79688.6
91204 80297.6
91809 72961.8
92416 79896.4
93025 78949.5
93636 79385
94249 80012
94864 83076.6
95481 84674.8
96100 85323.8
96721 85875.6
97344 86769.3
97969 87520.5
98596 88154
99225 88691.7
99856 88361.7
100489 86109.9
101124 90187.7
101761 90689.8
102400 91262.4
103041 91849.9
103684 92380.3
104329 92942.9
104976 93470.3
105625 93990.2
106276 86177.8
106929 92954.2
107584 91875.7
108241 93248.8
108900 96738.5
109561 97287.4
110224 97853.2
110889 98381
111556 98890.8
112225 99380.4
112896 100036
113569 100679
114244 97214.4
114921 97694.9
115600 101678
116281 102899
116964 103515
117649 103962
118336 104669
119025 105283
119716 99064.6
120409 104102
121104 102871
121801 103442
122500 106749
123201 108825
123904 109430
124609 109845
125316 110541
126025 111190
126736 112227
127449 112237
128164 112967
128881 113626
129600 114365
130321 115399
131044 116082
131769 116755
132496 114503
133225 118658
133956 118906
134689 119737
135424 120529
136161 121336
136900 122101
137641 122860
138384 123670
139129 124396
139876 121997
140625 125946
141376 126789
142129 127545
142884 128002
143641 128974
144400 129680
145161 130289
145924 126357
146689 130720
147456 132880
148225 130866
148996 129221
149769 129777
150544 135014
151321 134243
152100 137175
152881 138305
153664 139071
154449 135634
155236 140937
156025 141771
156816 141886
157609 137655
158404 140755
159201 145288
160000 140785
160801 141058
161604 145576
162409 147564
163216 147333
164025 150915
164836 151538
165649 151493
166464 152942
167281 145434
168100 152984
168921 155428
169744 156332
170569 155407
171396 158125
172225 159144
173056 159953
173889 160632
174724 161363
175561 161729
176400 163435
177241 164421
178084 165453
178929 166760
179776 167312
180625 167531
181476 162694
182329 164495
183184 170711
184041 171972
184900 172176
185761 173489
186624 174754
187489 175378
188356 174355
189225 177273
190096 178196
190969 177335
191844 172759
192721 178779
193600 177517
194481 180344
195364 184504
196249 185740
197136 185195
198025 187438
198916 188012
199809 183490
200704 186920
201601 182695
202500 185796
203401 166613
204304 164902
205209 192232
206116 194688
207025 195186
207936 192502
208849 192690
209764 197475
210681 198335
211600 198725
212521 197216
213444 200658
214369 201697
215296 202317
216225 203278
217156 192806
218089 199154
219024 205899
219961 202334
220900 206835
221841 204507
222784 205407
223729 204855
224676 204699
225625 206636
226576 213467
227529 213204
228484 214583
229441 206572
230400 214136
231361 214066
232324 217105
233289 215942
234256 214128
235225 215884
236196 218614
237169 221857
238144 222778
239121 223650
240100 218621
241081 220709
242064 224980
243049 221648
244036 225845
245025 228532
246016 229646
247009 230253
248004 232197
249001 223836
250000 233308
251001 233743
252004 231752
253009 206337
254016 200900
255025 238038
256036 238538
257049 232802
258064 225754
259081 241873
260100 243132
261121 245379
262144 237758
