1 0.829
4 1.389
9 2.182
16 4.05
25 7.169
36 10.746
49 15.999
64 20.702
81 28.842
100 37.53
121 44.626
144 55.769
169 68.947
196 83.263
225 94.039
256 107.321
289 126.388
324 146.243
361 168.222
400 195.607
441 206.994
484 225.757
529 249.972
576 279.886
625 310.72
676 342.651
729 376.712
784 411.824
841 439.19
900 466.151
961 496.609
1024 531.724
1089 575.093
1156 619.263
1225 665.603
1296 714.344
1369 764.573
1444 817.419
1521 875.324
1600 924.98
1681 962.13
1764 1006.5
1849 1049.6
1936 1098.09
2025 1153.11
2116 1214.74
2209 1281.65
2304 1351.91
2401 1429.64
2500 1493.29
2601 1568.39
2704 1641.14
2809 1722.59
2916 1802.07
3025 1894.68
3136 1965.83
3249 2029.65
3364 2095.84
3481 2161.94
3600 2234.27
3721 2298.32
3844 2375.35
3969 2444.18
4096 2542.03
4225 2637.68
4356 2741.42
4489 2844.68
4624 2949.49
4761 3043.43
4900 3153.37
5041 3275.72
5184 3385.22
5329 3492.15
5476 3614.19
5625 3737.42
5776 3863.99
5929 3976.26
6084 4114.01
6241 4233.25
6400 4327.1
6561 4427.62
6724 4530.35
6889 4637.76
7056 4741.56
7225 4838
7396 4952.55
7569 5060.32
7744 5182.73
7921 5290.2
8100 5417.73
8281 5574.92
8464 5715.21
8649 5874.09
8836 6026.28
9025 6183.43
9216 6341.55
9409 6492.19
9604 6643.34
9801 6808.27
10000 6969.99
10201 7183.38
10404 7338.05
10609 7503.77
10816 7678.5
11025 7857.38
11236 8045.99
11449 8226.96
11664 8411.74
11881 8689.53
12100 8789.41
12321 9032.48
12544 9162.36
12769 9325.07
12996 9457.66
13225 9613.84
13456 9764.35
13689 9914.15
13924 10072
14161 10242.7
14400 10392.9
14641 10553.8
14884 10719
15129 10579.2
15376 9250.03
15625 9295.44
15876 9440.94
16129 9605.91
16384 9789.97
16641 9975.49
16900 10260.3
17161 12061.6
17424 12239.6
17689 12449.2
17956 12686
18225 12906.5
18496 13143.1
18769 13479.4
19044 14061.5
19321 14369.7
19600 14629.1
19881 14882.6
20164 15149
20449 15462
20736 15762
21025 15919.1
21316 16171.8
21609 16428.5
21904 16728.7
22201 16994.7
22500 17281.3
22801 17524.9
23104 17791.3
23409 18060.8
23716 18341.2
24025 18625.4
24336 18969.1
24649 19277.3
24964 19478.2
25281 19722.7
25600 19952.4
25921 20213.4
26244 20429.5
26569 20682.5
26896 20901.2
27225 21155.7
27556 21392.2
27889 21620.8
28224 21854.1
28561 22115.7
28900 22345.3
29241 22610.9
29584 22855.9
29929 23092.9
30276 23397
30625 23665.7
30976 24057.7
31329 24172.2
31684 24402.7
32041 24677.3
32400 24949.8
32761 25351.4
33124 25664.8
33489 25241.5
33856 25291.2
34225 25906.8
34596 27040
34969 27391
35344 27740.8
35721 28073.6
36100 28498
36481 28815
36864 29187.2
37249 29508.1
37636 29787.7
38025 30141.4
38416 30530.4
38809 30907.8
39204 31309.4
39601 31661.4
40000 32064.5
40401 32438.3
40804 32902.1
41209 33299.4
41616 33628.2
42025 33972.8
42436 34328
42849 34719.5
43264 35173.6
43681 35565.3
44100 35981.3
44521 36376
44944 36775.8
45369 37183.7
45796 37177.3
46225 36490
46656 36872.1
47089 37241.8
47524 37955.2
47961 39624.8
48400 40448.4
48841 40657.9
49284 41099
49729 41402.2
50176 41729.1
50625 42078
51076 42440.9
51529 42770.6
51984 43149
52441 43485.7
52900 43897.4
53361 44209.4
53824 44601.5
54289 44905.2
54756 45270
55225 45711.9
55696 46006
56169 41750.2
56644 38726.5
57121 39044.8
57600 39306.6
58081 39612
58564 39922.4
59049 47728
59536 49026.2
60025 49433.8
60516 49825.2
61009 50244.2
61504 50574
62001 50911.7
62500 51366.1
63001 51702.3
63504 52167.1
64009 52595.1
64516 53031.2
65025 53520
65536 54134.7
66049 54544
66564 47646.9
67081 45978.4
67600 46401.8
68121 46837.9
68644 47253.3
69169 49455.6
69696 55819.1
70225 57609.2
70756 59160.2
71289 59696.7
71824 60191.2
72361 60730.1
72900 61256.4
73441 61869.6
73984 62429
74529 62977.9
75076 63341.8
75625 63119.7
76176 53462.4
76729 53661.8
77284 54128.8
77841 57363.8
78400 65786.7
78961 67053.1
79524 67736.4
80089 68238.4
80656 67063.5
81225 66737.5
81796 67364.6
82369 67850.6
82944 68326.2
83521 71443.8
84100 72208
84681 68121.2
85264 60748.6
85849 67519
86436 71670.5
87025 72278.4
87616 72869.6
88209 73902.4
88804 77031.1
89401 77624.9
90000 78336
90601 78929.5
91204 79516.8
91809 76184
92416 76098.8
93025 77172.6
93636 78577.8
94249 79191.2
94864 82953.7
95481 83775.9
96100 84391.6
96721 84968.7
97344 85813.7
97969 86617.7
98596 87201.9
99225 87742.5
99856 86429
100489 84621.9
101124 85693.1
101761 88959
102400 90345.7
103041 90801.2
103684 90561.8
104329 91918.4
104976 92465.1
105625 92978.2
106276 93728
106929 93344
107584 89629.3
108241 91333.1
108900 92464.9
109561 96204.6
110224 96805.5
110889 97301.3
111556 97867.9
112225 98419.6
112896 99075.3
113569 99723.9
114244 95853.1
114921 96812.1
115600 97213.4
116281 101444
116964 102360
117649 102950
118336 103559
119025 104177
119716 104746
120409 105307
121104 98474.3
121801 104645
122500 106950
123201 107604
123904 108259
124609 108843
125316 109393
126025 109971
126736 110693
127449 103440
128164 107421
128881 108590
129600 113320
130321 114175
131044 112231
131769 110934
132496 113971
133225 117044
133956 109387
134689 113792
135424 117090
136161 120041
136900 120784
137641 121548
138384 122324
139129 121721
139876 121117
140625 103386
141376 106558
142129 123994
142884 127074
143641 127816
144400 128646
145161 129503
145924 130391
146689 120149
147456 126545
148225 131376
148996 133013
149769 133773
150544 134596
151321 135575
152100 128860
152881 117603
153664 136121
154449 138623
155236 147799
156025 140356
156816 141140
157609 133909
158404 137223
159201 143781
160000 144783
160801 145458
161604 146125
162409 147394
163216 148436
164025 133867
164836 131573
165649 150798
166464 151469
167281 152390
168100 153092
168921 153946
169744 150330
170569 152111
171396 156380
172225 157471
173056 158278
173889 159248
174724 150787
175561 142557
176400 162001
177241 162718
178084 157671
178929 163518
179776 153416
180625 164050
181476 167332
182329 168289
183184 169087
184041 169772
184900 169982
185761 166749
186624 172583
187489 173629
188356 168175
189225 169999
190096 174772
190969 172680
191844 178549
192721 178013
193600 172944
194481 179641
195364 169376
196249 161651
197136 184916
198025 185333
198916 185989
199809 187035
200704 180697
201601 186706
202500 189381
203401 189448
204304 190858
205209 189931
206116 192257
207025 193420
207936 193959
208849 195320
209764 191855
210681 194630
211600 197473
212521 197798
213444 196313
214369 196647
215296 196507
216225 201463
217156 201724
218089 202980
219024 200884
219961 204299
220900 205639
221841 205744
222784 207098
223729 203465
224676 204143
225625 209779
226576 210193
227529 212131
228484 209445
229441 213011
230400 213991
231361 213755
232324 214163
233289 210756
234256 217248
235225 217996
236196 217121
237169 194553
238144 215018
239121 221411
240100 222280
241081 223200
242064 206168
243049 211421
244036 226031
245025 226966
246016 203702
247009 200712
248004 229104
249001 230064
250000 230997
251001 227102
252004 229491
253009 233694
254016 233646
255025 206812
256036 220567
257049 237416
258064 238443
259081 239384
260100 234199
261121 242285
262144 243109
