1 0.615
4 1.373
9 2.965
16 5.264
25 12.414
36 17.186
49 20.312
64 30.031
81 43.547
100 58.709
121 69.51
144 79.666
169 95.162
196 121.508
225 139.933
256 191.571
289 191.732
324 210.226
361 235.974
400 268.413
441 291.91
484 337.697
529 374.067
576 399.945
625 457.369
676 519.402
729 496.788
784 705.968
841 739.159
900 702.702
961 739.828
1024 836.764
1089 851.872
1156 944.938
1225 998.144
1296 1065.25
1369 1104.84
1444 1195.31
1521 1307.63
1600 1359.35
1681 1444.22
1764 1490.87
1849 1535.82
1936 1717.37
2025 1721.77
2116 1815.11
2209 1920.7
2304 1935.37
2401 2151.83
2500 2247.17
2601 2230.19
2704 2404.94
2809 2739.13
2916 2597.57
3025 2944.74
3136 2715.78
3249 3251.9
3364 3236.16
3481 3369.7
3600 3281.1
3721 3314.78
3844 3689.69
3969 3815.69
4096 3729.08
4225 4093.51
4356 4572.82
4489 4212.21
4624 4389.25
4761 4742.31
4900 4724.76
5041 4941.46
5184 5024.3
5329 5137.13
5476 5304.36
5625 5355.3
5776 5833.35
5929 5894.35
6084 6033.45
6241 6577.65
6400 5987.4
6561 6496.43
6724 6530.36
6889 7341.28
7056 7214.08
7225 6983.21
7396 7313.36
7569 8390.27
7744 8349.58
7921 8588.68
8100 8113.22
8281 8238.53
8464 7404.26
8649 7224.57
8836 7646.4
9025 8021.4
9216 8024.87
9409 7876.38
9604 8541.1
9801 8186.68
10000 8418.97
10201 10169.6
10404 9285.86
10609 9095.91
10816 9285.77
11025 9872.43
11236 9705.14
11449 10435.4
11664 11154
11881 11990.6
12100 10308
12321 11268
12544 10904.6
12769 11987.1
12996 13694.5
13225 14025.3
13456 14223.2
13689 14165.1
13924 14593.9
14161 14758.5
14400 15413.8
14641 16103.7
14884 16662.5
15129 16812.8
15376 16586.7
15625 17165.4
15876 16955.8
16129 19983.4
16384 17950.1
16641 19019.4
16900 20625.6
17161 19656.1
17424 19185.4
17689 19747.1
17956 19439.3
18225 19722.7
18496 22447.9
18769 20992
19044 20580.1
19321 22269.6
19600 20911.4
19881 22027.2
20164 22080
20449 23474.4
20736 22963.3
21025 24379.9
21316 24067.6
21609 24112.8
21904 25532.7
22201 25100.4
22500 25282
22801 26755.8
23104 25754.1
23409 27642.3
23716 26526.8
24025 25852.8
24336 27403.4
24649 26565.7
24964 29064.1
25281 30833.8
25600 29751.1
25921 29401.5
26244 29504.1
26569 31148.4
26896 31978.4
27225 32468.8
27556 32737.2
27889 33565.7
28224 33837.7
28561 32585.6
28900 35137.6
29241 34116.2
29584 33839.7
29929 34737.9
30276 35192.4
30625 35442.1
30976 34738.2
31329 36648.2
31684 36534.5
32041 37722.1
32400 38363.1
32761 37176
33124 39976
33489 39416.4
33856 33737.8
34225 33128.5
34596 34649.5
34969 39186.8
35344 40738.9
35721 43139.9
36100 44666.6
36481 46133.5
36864 44061.6
37249 45710.8
37636 43817.2
38025 46782.6
38416 46454.1
38809 47908.6
39204 46828.2
39601 50687.1
40000 49139
40401 51670.1
40804 52575.4
41209 49528.6
41616 49453.9
42025 49512.8
42436 50804.7
42849 50079.4
43264 49434.1
43681 50982.7
44100 53458.5
44521 53450.1
44944 54768.4
45369 54766.2
45796 56212
46225 55835.2
46656 56893.9
47089 59082.7
47524 58962
47961 59056.3
48400 59516.7
48841 61075.5
49284 61266.7
49729 61338.9
50176 51100.7
50625 51509.9
51076 52735.2
51529 53509.2
51984 63742.7
52441 66088
52900 65832
53361 64094.5
53824 66887
54289 69599
54756 70480.9
55225 66377.4
55696 68284.4
56169 70260.6
56644 70066.7
57121 72702.2
57600 69298.1
58081 67972.9
58564 70866.3
59049 72826.4
59536 78197.6
60025 72455.4
60516 76753.6
61009 76753.3
61504 79514.4
62001 79579.3
62500 78778.2
63001 79990.2
63504 79726.5
64009 69299.4
64516 67563.3
65025 74669.6
65536 82570.1
66049 84423
66564 82654.8
67081 82466.9
67600 87541.6
68121 87934.6
68644 86320.9
69169 87817.5
69696 89156.6
70225 75266.3
70756 77266.9
71289 82794.7
71824 80477.7
72361 90080.8
72900 89441.9
73441 92980.5
73984 93137.1
74529 95228
75076 97220.2
75625 103561
76176 95281.6
76729 99623.5
77284 102857
77841 97305.1
78400 103531
78961 100598
79524 108309
80089 97895.6
80656 102851
81225 105819
81796 107112
82369 99093.9
82944 106673
83521 112531
84100 117567
84681 107759
85264 115625
85849 112614
86436 101538
87025 104966
87616 95383.7
88209 95092.1
88804 105791
89401 120167
90000 116256
90601 124647
91204 118435
91809 120842
92416 109913
93025 95592.9
93636 114130
94249 120973
94864 134008
95481 128551
96100 118908
96721 118162
97344 113557
97969 106441
98596 125648
99225 132873
99856 129542
100489 135953
101124 136727
101761 133388
102400 125464
103041 128752
103684 132419
104329 136847
104976 135539
105625 151088
106276 143570
106929 134482
107584 117668
108241 124311
108900 144090
109561 144427
110224 144802
110889 133533
111556 148005
112225 142383
112896 146872
113569 153430
114244 157099
114921 151721
115600 154347
116281 153181
116964 133179
117649 138417
118336 164357
119025 156736
119716 159917
120409 163142
121104 144131
121801 150314
122500 162886
123201 165930
123904 166513
124609 165391
125316 144135
126025 139750
126736 151580
127449 180942
128164 168577
128881 179916
129600 168858
130321 149086
131044 160845
131769 169101
132496 188756
133225 177950
133956 160664
134689 143412
135424 182199
136161 180878
136900 193766
137641 181421
138384 168989
139129 151383
139876 183257
140625 192096
141376 187771
142129 190252
142884 165123
143641 191829
144400 192606
145161 191831
145924 193943
146689 177627
147456 176970
148225 195997
148996 203980
149769 203646
150544 188538
151321 173763
152100 205302
152881 217235
153664 203859
154449 194580
155236 178759
156025 206688
156816 220508
157609 213701
158404 192207
159201 187744
160000 213416
160801 220099
161604 213913
162409 193402
163216 217638
164025 222392
164836 219040
165649 210507
166464 187836
167281 221620
168100 222159
168921 228554
169744 215297
170569 209341
171396 240638
172225 237987
173056 248923
173889 203177
174724 220682
175561 234252
176400 249919
177241 221928
178084 214933
178929 255984
179776 263681
180625 221138
181476 244439
182329 249143
183184 252343
184041 236895
184900 256127
185761 254997
186624 254892
187489 244931
188356 231879
189225 262603
190096 258603
190969 258954
191844 267104
192721 263332
193600 268278
194481 233633
195364 237783
196249 271357
197136 262827
198025 245592
198916 273753
199809 283328
200704 268857
201601 244456
202500 272824
203401 280577
204304 274987
205209 248415
206116 285305
207025 292692
207936 254013
208849 265735
209764 292027
210681 287098
211600 280514
212521 292906
213444 289341
214369 272383
215296 289595
216225 312537
217156 299321
218089 298882
219024 322109
219961 315137
220900 270854
221841 323484
222784 309002
223729 302283
224676 316486
225625 314116
226576 306233
227529 304570
228484 327204
229441 312165
230400 308909
231361 327451
232324 316775
233289 275045
234256 317895
235225 328550
236196 315228
237169 335095
238144 339868
239121 286347
240100 328990
241081 338954
242064 344173
243049 354699
244036 366567
245025 350515
246016 344357
247009 339607
248004 360282
249001 348594
250000 369532
251001 348044
252004 350948
253009 363323
254016 363947
255025 367634
256036 346641
257049 363321
258064 362120
259081 368861
260100 375997
261121 371831
262144 357511
