4 0.23157256880616828
16 0.5825851785417422
36 0.6997641633535092
64 0.7959302959561859
100 0.8620997558988183
144 0.8811652784845551
196 0.9147524175919498
256 0.9069700863184518
324 0.9327668762533817
400 0.9456085962997577
484 0.947320516629576
576 0.9532468720958716
676 0.9615489831841331
784 0.9578488255051597
900 0.9689211549796085
1024 0.9676300946896247
1156 0.9714433458184163
1296 0.9686363233093023
1444 0.9735814262769149
1600 0.9723574187873147
1764 0.9826509339963797
1936 0.9804065852982948
2116 0.9787088281859343
2304 0.9870975816474087
2500 0.9793243882008594
2704 0.9891579865653514
2916 0.9926080332456124
3136 0.9932195663512008
3364 0.9954427570235872
3600 0.9942099137424671
3844 0.9990651427053843
4096 0.9932627449938362
4356 0.9978683944830399
4624 0.9970818809374519
4900 1.0026214418151438
5184 1.0025703758500673
5476 1.0065972909685443
5776 1.0043399032149563
6084 1.0093112698947984
6400 1.0067739109475071
6724 1.0079821785720295
7056 1.0119161584217327
7396 1.00977963994431
7744 1.0089357518452047
8100 1.0135914646991857
8464 1.0125141147058474
8836 1.015606339826147
9216 1.0146645304137645
9604 1.0144471259224357
10000 1.01746101907611
10404 1.0191871118276536
10816 1.0188520590758823
11236 1.019206559326096
11664 1.0220455317748611
12100 1.024321858485639
12544 1.0199970757533048
12996 1.0219514184031528
13456 1.0211193948506398
13924 1.0223825347765814
14400 1.0218491885729448
14884 1.022648162945799
15376 1.02436069934193
15876 1.0214587667312518
16384 1.0204593374779882
16900 1.0241125100491282
17424 1.0239615022218347
17956 1.0281874159459907
18496 1.0263794655469225
19044 1.0244953709795284
19600 1.0247978578848722
20164 1.0254362665780634
20736 1.026393356006151
21316 1.0286656828045888
21904 1.0274726817211552
22500 1.0288800286430988
23104 1.0283752201359337
23716 1.0301051335472449
24336 1.031776103971697
24964 1.0310643897825529
25600 1.030648800064398
26244 1.0339864579337277
26896 1.031790946376909
27556 1.033896667195596
28224 1.0323295036519309
28900 1.0322323845267363
29584 1.0323197088386193
30276 1.0301408058009387
30976 1.029402060231946
31684 1.030479386192011
32400 1.0299160639516316
33124 1.030435475156357
33856 1.0300753362192947
34596 1.0316896799655693
35344 1.030642341857474
36100 1.0309927569780735
36864 1.0311831806730092
37636 1.0319148030015866
38416 1.0324988730760614
39204 1.0337015564987868
40000 1.0333376610922724
40804 1.0335821034824395
41616 1.0317121014991915
42436 1.0346120704697803
43264 1.0347192347515957
44100 1.0357761834078087
44944 1.033506978104565
45796 1.0368894353921745
46656 1.0340958970841851
47524 1.0366288705135966
48400 1.0357022027709473
49284 1.0350618901236823
50176 1.0369957890338635
51076 1.0353111713323613
51984 1.0341707140480096
52900 1.0366500264621183
53824 1.0342843348483712
54756 1.035755373045667
55696 1.0345833383680791
56644 1.035768430128396
57600 1.0378346119222206
58564 1.0363218107918237
59536 1.0412364410861743
60516 1.0348446740137338
61504 1.0351745989874883
62500 1.0337002445384555
63504 1.0331541526077264
64516 1.03340456927981
65536 1.0328987252969044
66564 1.0322692393402217
67600 1.0330106414411209
68644 1.033324882396729
69696 1.0318975271234676
70756 1.0320773991939178
71824 1.03142753734521
72900 1.0323575251849857
73984 1.0316427736191227
75076 1.032055569625327
76176 1.0324981463845224
77284 1.0329159201049385
78400 1.030827291510059
79524 1.0317541928277296
80656 1.031617138209943
81796 1.0322370295161771
82944 1.0327708056083935
84100 1.032458106402573
85264 1.0308580806473824
86436 1.0310409479631173
87616 1.0315065516195394
88804 1.0317419796589244
90000 1.0315769930783312
91204 1.0308765291684598
92416 1.0306353412734457
93636 1.0303160617853448
94864 1.0295738297705892
96100 1.0299673817603703
97344 1.029134924589559
98596 1.0288934375626575
99856 1.0295102218655034
101124 1.0282148097856865
102400 1.0284150982471594
103684 1.0274726222908168
104976 1.0267797058104613
106276 1.0262767231569143
107584 1.026344805811662
108900 1.0262146789923867
110224 1.0255382442597216
111556 1.025510676880479
112896 1.0252830938050483
114244 1.0229924006336928
115600 1.0226227966600836
116964 1.0232141383243447
118336 1.0231568520812484
119716 1.022583571091536
121104 1.0217710738547927
122500 1.0215873921448544
123904 1.020372337561266
125316 1.0196580414000043
126736 1.0203426330567418
128164 1.018808075725069
129600 1.0180197971251974
131044 1.0184629021516733
132496 1.018367039090609
133956 1.0177649624121252
135424 1.01725384145391
136900 1.0171580019643855
138384 1.0167182847753602
139876 1.0176218054708759
141376 1.0165399146251097
142884 1.0160881806159832
144400 1.0163254099081909
145924 1.0160445800865632
147456 1.0149988498180065
148996 1.0150698253167583
150544 1.0151814987272794
152100 1.0145622902883482
153664 1.014546278322431
155236 1.0140283153034213
156816 1.0133166379516305
158404 1.014319772911791
160000 1.0137484464767546
161604 1.0130494834140675
163216 1.0112462546967522
164836 1.013230320816379
166464 1.0128234591637215
168100 1.0127385955125259
169744 1.0116474671022477
171396 1.0123008220071894
173056 1.012102248272545
174724 1.0119239663105162
176400 1.0138178936693067
178084 1.0112324296100148
179776 1.0106655686626365
181476 1.010343152478799
183184 1.0097693567424733
184900 1.0105244324288292
186624 1.0117425795428938
188356 1.0114949786830822
190096 1.0116987022574602
191844 1.0068865479116536
193600 1.012958039282245
195364 1.0138122039256166
197136 1.0106584595672006
198916 1.0121534218805432
200704 1.011633908191146
202500 1.0110174837362242
204304 1.01086401366141
206116 1.0102530383798547
207936 1.0100421325368836
209764 1.009492740331923
211600 1.0088265035917243
213444 1.0086134543913943
215296 1.009610449073292
217156 1.0090316087987146
219024 1.0077557503126549
220900 1.00672548653485
222784 1.0077008036181088
224676 1.0063331231398154
226576 1.0066598411176326
228484 1.0062517784762406
230400 1.0064439232612903
232324 1.0071460587142556
234256 1.00573553650019
236196 1.005285476353221
238144 1.004287562430445
240100 1.0043201392013517
242064 1.0034620738015232
244036 1.0039653092330831
246016 1.003350078277655
248004 1.0022730675103855
250000 1.0011461588176875
252004 1.0017028537263897
254016 1.0017183369357596
256036 1.006080563385637
258064 1.0000358736977673
260100 1.0009684531612053
262144 1
