1 -0.149125
4 -0.16763741910807292
9 -0.12701763117288226
16 -0.23441535286458337
25 -0.25427509539061244
36 -0.2818092966641854
49 -0.36272154967878767
64 -0.5481801171875
81 -0.4716273611118802
100 -0.735295859264272
121 -0.7917235888117631
144 -0.993772274547366
169 -0.6816172283910467
196 -1.2044917350107216
225 -1.194391637837569
256 -1.5387072916666664
289 -1.4430409691818316
324 -1.7773283922014294
361 -2.268123440434664
400 -2.0028853478643853
441 -1.7219678745803222
484 -2.4575100673238772
529 -2.1900283122795656
576 -2.9875094497519648
625 -2.087504769530618
676 -3.803624742828518
729 -2.735834375010384
784 -3.5588490852251837
841 -2.362331036164555
900 -3.477585850666671
961 -3.0287596626305273
1024 -3.7610364583333222
1089 -2.737035671224632
1156 -5.303909998960407
1225 -3.6844434161097155
1296 -3.3058493598213516
1369 -3.1336690689421545
1444 -3.161770059752982
1521 -2.2213447237365216
1600 -3.5131090346866927
1681 -2.1919013540778565
1764 -3.709281324981447
1849 -2.9304288459884305
1936 -8.122543117602817
2025 -3.5708417544366284
2116 -5.14555995728881
2209 -1.7359497398393557
2304 -4.060279205257871
2401 -3.589831868521202
2500 -4.950906020668015
2601 -5.033814131599485
2704 -5.945882288371337
2809 -2.5634496662200092
2916 -4.561868029826684
3025 -2.60050126255814
3136 -6.512724921629911
3249 -5.493925817322491
3364 -8.236501614547592
3481 -5.095860455208424
3600 -9.310420599932371
3721 -8.075610087871723
3844 -10.516866413380171
3969 -6.0016362184638865
4096 -14.161375000000021
4225 -8.567546830789695
4356 -11.944624093589937
4489 -9.402087227328934
4624 -12.914424484773917
4761 -8.968131700970787
4900 -13.943712071828088
5041 -8.495675942260277
5184 -14.228540603347824
5329 -9.497830098010013
5476 -12.591075034720461
5625 -10.147812408827008
5776 -13.813585431069214
5929 -5.837943362909698
6084 -10.140441358325063
6241 -5.988640311721269
6400 -11.392106711663473
6561 -6.531412500124588
6724 -11.373134936981955
6889 -5.6428564695008845
7056 -17.022164606566434
7225 -6.999651797432875
7396 -20.0069153147806
7569 -9.150557141875083
7744 -9.20418386364031
7921 -0.04440656146857691
8100 -9.154840711594147
8281 -5.269106086876491
8464 -17.10182666183755
8649 -5.173630520814527
8836 -13.422149769090538
9025 -1.3230204468776492
9216 -4.418882446031375
9409 2.721620570619052
9604 -3.443158752567797
9801 9.828128611709644
10000 1.6448281471455175
10201 11.088281865059571
10404 0.5178283735043578
10609 15.495802944330194
10816 14.096537578285506
11025 25.148361068231907
11236 18.072599060543098
11449 26.533574114757812
11664 21.052605761552627
11881 30.34301055909623
12100 20.21110214784676
12321 34.43219130384489
12544 25.384585990563664
12769 35.544591409359555
12996 22.838510048581156
13225 36.997641731376916
13456 27.6492836622524
13689 43.70373047241742
13924 36.59127426396435
14161 42.522204652920664
14400 36.72680881120823
14641 45.3553715075534
14884 40.33817514737393
15129 48.80549981168406
15376 39.947623295046924
15625 55.12482114260183
15876 47.73736668620268
16129 57.42553107969138
16384 46.64958333333334
16641 52.04979034744474
16900 37.22641694523327
17161 51.75972590487845
17424 39.91997799087471
17689 65.49743198465922
17956 55.84234471454488
18225 69.96497108498397
18496 57.58556410517508
18769 75.17437491703981
19044 56.251652822581946
19321 71.52764531065145
19600 56.91259808312998
19881 64.02675508054881
20164 45.52035850716311
20449 74.7036488554952
20736 72.76686493035845
21025 87.73024387238115
21316 79.22402118103923
21609 101.91843073721884
21904 76.27370482531092
22201 94.03007415486195
22500 81.81776788178172
22801 95.10701362913233
23104 79.18803750749407
23409 104.67106413493775
23716 86.936316656597
24025 106.69401676385814
24336 94.42438471318428
24649 115.11763934456712
24964 100.69399809963215
25281 126.04367703939397
25600 106.32689086167966
25921 112.96385291822253
26244 105.67477523143498
26569 106.77986851087189
26896 68.93934216938987
27225 71.46340433900741
27556 85.74226188648208
27889 107.10612042859566
28224 72.03518434717216
28561 111.97965680382595
28900 79.99973975444209
29241 124.74563396340363
29584 98.76753901757002
29929 127.43565334001096
30276 115.4701742034963
30625 135.5712977437579
30976 113.40921897252156
31329 146.20413179032084
31684 121.04622899908054
32041 150.3857023145024
32400 120.68274237823289
32761 143.5775387698327
33124 118.13028001854218
33489 149.07115361485967
33856 127.1603460219203
34225 152.74804268669823
34596 134.01442805101942
34969 173.35968556239823
35344 148.563997684706
35721 178.22754590865497
36100 141.6505107621315
36481 178.2230718203532
36864 167.49540771587453
37249 184.46769614842788
37636 161.9601138946182
38025 189.52283681746485
38416 149.6060398757959
38809 184.82989713349525
39204 146.64458176861626
39601 174.43026608234732
40000 152.85712150785275
40401 202.32531861897087
40804 167.8350271387867
41209 206.18641594807605
41616 183.47965309362735
42025 206.054905796434
42436 169.1823404597758
42849 204.20212267716988
43264 191.7044172402252
43681 220.9993881463588
44100 181.41719860642343
44521 214.62801105221388
44944 195.76198714386555
45369 233.8892877771582
45796 188.3400730907042
46225 198.83450247304654
46656 152.18273456964835
47089 225.94492728978867
47524 189.82123781337032
47961 234.07182259762067
48400 198.98683738370437
48841 217.59643720325766
49284 179.58077638481336
49729 238.79000856015864
50176 203.0442866705871
50625 265.07376297309474
51076 223.128589046456
51529 271.368915797254
51984 246.14489346580922
52441 280.70667163204143
52900 220.73439922124362
53361 185.55822450979304
53824 206.58829513078035
54289 256.9047580795632
54756 220.8777597192602
55225 260.30744578615395
55696 238.62396139505017
56169 275.4474510445507
56644 257.4780586222614
57121 286.43592740994154
57600 244.18120008858295
58081 302.5240187434265
58564 236.60452486891882
59049 269.50285937359786
59536 253.89916258493759
60025 284.61357425411006
60516 251.46623356070086
61009 301.27727911737384
61504 253.72684897445924
62001 284.37508062450524
62500 263.7321110067678
63001 272.6480765116412
63504 263.1731129850459
64009 296.60735573274997
64516 275.4109395246578
65025 334.14399859903006
65536 274.5566666666664
66049 344.36907691503257
66564 291.5713620123379
67081 354.7536541115751
67600 285.37608485450073
68121 318.93878537557885
68644 291.41188630587476
69169 369.8755177769035
69696 314.5998094244369
70225 363.00489039226886
70756 289.1208893359353
71289 338.7879344263829
71824 307.5661533536222
72361 408.625673330308
72900 361.6266210953063
73441 345.4591229172038
73984 325.4833045977839
74529 404.9292914754742
75076 346.5572084287387
75625 328.48717987944383
76176 326.82932979618545
76729 392.6737816975847
77284 332.8306586555291
77841 428.86008329841025
78400 356.7321778142914
78961 385.0570639540729
79524 332.97486303459846
80089 455.29569594174427
80656 351.92968313347046
81225 428.09694464283893
81796 347.4976000809984
82369 401.0317686401431
82944 366.80956909643555
83521 418.94111981290007
84100 370.3265387422907
84681 427.1759434299238
85264 374.73945101647587
85849 440.587178240773
86436 358.01924144252825
87025 424.9157565650685
87616 367.0968391580154
88209 466.14260437996745
88804 331.3531670011216
89401 426.2086414058904
90000 397.11914159548724
90601 434.14478119048727
91204 368.64567343335875
91809 417.7819311909625
92416 384.8236669570597
93025 401.2109928547379
93636 412.7940206388739
94249 471.10286169852225
94864 428.4976270593306
95481 455.79842738586376
96100 416.75537298398376
96721 488.01857380313595
97344 398.89813943867557
97969 437.70417913411075
98596 373.706801783379
99225 474.2361159330594
99856 378.87222978459613
100489 442.3452511964715
101124 414.7752876863833
101761 463.62244643339545
102400 417.4468342800519
103041 513.9485577344913
103684 420.31772297253156
104329 425.15443583973865
104976 382.28880185347407
105625 458.6209262049215
106276 429.8409137610997
106929 483.8088690668519
107584 460.1248963468297
108241 479.8890995074289
108900 431.2015821387449
109561 466.16244751648446
110224 480.3717986038682
110889 483.22973805352194
111556 450.13636820933607
112225 454.5917911083179
112896 340.2961084824383
113569 468.44942176043696
114244 439.7518320696345
114921 487.5034402377023
115600 401.10434679446007
116281 507.5546519736017
116964 483.35445571445416
117649 497.4038576636922
118336 401.4029571770534
119025 516.6518533210256
119716 453.1506448745313
120409 508.99943033059026
121104 434.7983078979705
121801 532.0473755028197
122500 424.1467307902949
123201 371.49647112617095
123904 465.09669359841973
124609 484.2474950188116
125316 338.4489719244666
126025 441.90122057941517
126736 418.3043369761399
127449 530.9584168370984
128164 419.1635556162437
128881 463.51984850052395
129600 432.7273904113699
130321 532.2862760061707
131044 456.1965996797535
131769 529.9584555658093
132496 442.87193753836254
133225 542.0371392131747
133956 458.9541539491838
134689 502.6230748498929
135424 442.143994764765
136161 570.8170062906211
136900 450.04220177299794
137641 506.11967330750485
138384 451.64951274118357
139129 544.0318116738472
139876 441.7666614593909
140625 551.5541532071311
141376 427.19437778309293
142129 581.5874258113199
142884 474.03338767514833
143641 506.13235351848743
144400 467.48441324709347
145161 516.5896565298044
145924 441.0481727998067
146689 529.6600512558507
147456 452.82538086349814
148225 554.1442503563176
148996 450.116748237102
149769 507.34296277907015
150544 489.0229820270415
151321 538.8568937986238
152100 452.84478568538907
152881 551.3867450540165
153664 444.28285904745644
154449 600.0332145860757
155236 529.937898368782
156025 547.7969968741581
156816 495.6105963615737
157609 613.378782872298
158404 474.10164223059473
159201 555.8792600448178
160000 485.21172170849604
160801 565.3991124014046
161604 506.5415170906308
162409 575.1390205316438
163216 512.9917072693424
164025 590.4996616390781
164836 494.16296776772833
165649 561.8817095746963
166464 521.5559707729444
167281 533.9858348700036
168100 433.7713851689696
168921 585.812704769527
169744 512.6098765689167
170569 628.2629832629282
171396 501.9721073468645
172225 593.9373311165436
173056 474.7587366692351
173889 673.3364059046071
174724 471.6704205257047
175561 577.6608620398692
176400 408.7078117596793
177241 530.1113508038907
178084 311.8715600983378
178929 603.1885203768652
179776 487.76231218223256
180625 609.9930158670031
181476 462.58071159447354
182329 577.5254793395143
183184 474.6273988895118
184041 582.3865498451851
184900 468.00301162151663
185761 588.9768634485554
186624 474.20818437234266
187489 619.097053255693
188356 459.94354877911246
189225 582.3477494415783
190096 507.50973356143004
190969 586.3295792771387
191844 493.0073645481971
192721 628.2431671558807
193600 429.9370647040887
194481 509.48913462015844
195364 415.09945415563925
196249 589.6681003871199
197136 400.89515021698753
198025 416.5806803742453
198916 376.82476741527717
199809 500.7274877246018
200704 184.18891751568663
201601 436.1091328316834
202500 300.0882095461893
203401 413.42622336400746
204304 247.92324982189166
205209 300.57936428930043
206116 64.79464196912522
207025 156.9691578984275
207936 -391.9970130508227
208849 224.19620382896028
209764 145.04888308171576
210681 383.3610990884408
211600 206.13292606791947
212521 358.7644380773927
213444 208.05570901329702
214369 418.3068126119397
215296 269.2178224502095
216225 441.48881194622663
217156 310.21985436008254
218089 275.11102279448096
219024 229.26239019539935
219961 376.0740293527997
220900 154.34601290128194
221841 316.1784133207293
222784 238.77130293696973
223729 378.3247539224467
224676 302.4388382968573
225625 431.01362792777945
226576 265.44919453136026
227529 434.0456096729067
228484 241.10294476753552
229441 393.92127108079876
230400 219.00065972933226
231361 370.2411816814347
232324 262.8429077577239
233289 364.80590863172256
234256 266.9302548304913
235225 301.416016735202
236196 125.36326458179246
237169 323.0720684615044
238144 181.04249832151982
239121 358.7746239655389
240100 70.0685150543577
241081 330.124241106485
242064 115.44187149866775
243049 206.2214754665183
244036 -58.03687789492324
245025 110.66688036935011
246016 -164.8671809250809
247009 -602.0389931015234
248004 -197.34848762160618
249001 58.304403915273724
250000 -121.1802502274877
251001 123.89761807684408
252004 -77.76192318113317
253009 125.34119385362283
254016 -571.9929630988809
255025 25.43567354685365
256036 -50.27282875763922
257049 249.08159730574698
258064 -24.500981077802862
259081 97.47950314452828
260100 18.423116893678525
261121 19.82992695924986
262144 0
