4 0.10280972206867467
16 0.3109963530828875
36 0.39573519700717313
64 0.44607379126101476
100 0.48736954014208556
144 0.5242114415248273
196 0.545019264166822
256 0.5402836391560691
324 0.5631148421527404
400 0.5677163403234396
484 0.5716315485419579
576 0.579131100136888
676 0.5920366089032529
784 0.6003150481976024
900 0.6054728168307476
1024 0.6181522241548248
1156 0.6265198306325822
1296 0.6286985914017478
1444 0.6498161880063889
1600 0.6477269434924408
1764 0.6604105811769398
1936 0.66191210700273
2116 0.6686209240545848
2304 0.6724011190116188
2500 0.6836812493800619
2704 0.6879913063346504
2916 0.706413838077304
3136 0.7149935597392022
3364 0.7207522889173343
3600 0.7330273816669117
3844 0.7410683619354652
4096 0.7520725924511489
4356 0.7529498633371805
4624 0.7567764223963546
4900 0.760351399124242
5184 0.7646135849457196
5476 0.7711573123887103
5776 0.7736862535777282
6084 0.782021662147742
6400 0.7829623173355038
6724 0.7865860716347713
7056 0.7948644842439503
7396 0.7971530342773184
7744 0.8035296573150987
8100 0.8090384335300718
8464 0.8094056950499791
8836 0.8129975733289849
9216 0.8160157130158664
9604 0.8146542489265689
10000 0.8168450322755167
10404 0.8165575870486868
10816 0.8210084027856871
11236 0.821790195239988
11664 0.8241385095855471
12100 0.827193030594191
12544 0.8270454911822057
12996 0.8314431216452577
13456 0.83273194791039
13924 0.8376158170516934
14400 0.8378802990024582
14884 0.8383543977418617
15376 0.8418932765492052
15876 0.8427903418575117
16384 0.847069819258092
16900 0.8464205827370637
17424 0.847258258977686
17956 0.8521314305339264
18496 0.8548752775050154
19044 0.8598696518774989
19600 0.8626173873711194
20164 0.8662907525871627
20736 0.8597334820505168
21316 0.8608220372629782
21904 0.8622020529268807
22500 0.8723510237883713
23104 0.8699020649798092
23716 0.8725280347725749
24336 0.8757725705079412
24964 0.8708078711932833
25600 0.8755311963401786
26244 0.8749492169716961
26896 0.8804979006635445
27556 0.878382444763491
28224 0.8806773940427184
28900 0.8841276465479935
29584 0.887411826964139
30276 0.8848404896897593
30976 0.8891394909966529
31684 0.8870697862996841
32400 0.8892628852575486
33124 0.8910538756413046
33856 0.8891606002735735
34596 0.8936101616409167
35344 0.8956072155940316
36100 0.8966405461470743
36864 0.894941145433466
37636 0.8950138128840291
38416 0.8988102911103261
39204 0.9020033982111074
40000 0.9078184302765191
40804 0.9057930116060421
41616 0.9078511171058702
42436 0.9071979689168145
43264 0.9130048913360278
44100 0.912490921548237
44944 0.9116422875742961
45796 0.911688718098918
46656 0.9173127703199727
47524 0.9128408882107183
48400 0.9166193368783364
49284 0.918501830150604
50176 0.9160733216518971
51076 0.9205780945615571
51984 0.919412449522959
52900 0.9234141914812534
53824 0.9203807578489903
54756 0.9195927740876587
55696 0.9223640461574386
56644 0.9225443446335693
57600 0.9233315848686376
58564 0.9275166306038165
59536 0.924352757267906
60516 0.9267566653922172
61504 0.9285324848441995
62500 0.9270161490971377
63504 0.9308455089526706
64516 0.9325051721674028
65536 0.9353100005005548
66564 0.93288520464075
67600 0.9337220713423492
68644 0.9346832213051469
69696 0.9357354227945373
70756 0.9367638683591456
71824 0.9378429094844507
72900 0.9377358081391484
73984 0.940128387939803
75076 0.9396403541311953
76176 0.9404354260681979
77284 0.9420902766333648
78400 0.9427730389419339
79524 0.9454946587928866
80656 0.9493099941548017
81796 0.9436775820975633
82944 0.9471930669726298
84100 0.9487571148848961
85264 0.9475991051475728
86436 0.9495116005128061
87616 0.9496751458477243
88804 0.9504205657860799
90000 0.9519016548899158
91204 0.9515751464125246
92416 0.952630757563263
93636 0.9564627977753629
94864 0.9611486055196964
96100 0.9593055828315014
97344 0.9579688715100528
98596 0.957435762644534
99856 0.9585984671494397
101124 0.9601522502915399
102400 0.9602351819411387
103684 0.9605841553948271
104976 0.962480430542362
106276 0.9624585834979498
107584 0.9627187477088479
108900 0.9643209678205256
110224 0.9634660465622282
111556 0.966214648084616
112896 0.9676695581860807
114244 0.9664184321593972
115600 0.9670717876081679
116964 0.9686621001392628
118336 0.9692214010391565
119716 0.9709090762513569
121104 0.9711138697425071
122500 0.9734012937159051
123904 0.9735004818789346
125316 0.9751778590414182
126736 0.9751821723821507
128164 0.9769251917752564
129600 0.9781589824631041
131044 0.9796334706449067
132496 0.9787123106645849
133956 0.9768994150514412
135424 0.9754978192726501
136900 0.9772275641337579
138384 0.979138865113103
139876 0.977964965019894
141376 0.9782347663792881
142884 0.9779747356155074
144400 0.9793414822907284
145924 0.979881122109322
147456 0.9794077494066388
148996 0.9802015856794122
150544 0.9814331789510945
152100 0.9817699046587252
153664 0.9808738465296613
155236 0.9803676116738822
156816 0.9804111033640384
158404 0.9801759563979217
160000 0.9811435335644157
161604 0.9816407016488384
163216 0.9827736674401641
164836 0.9827480576228037
166464 0.9834670898294893
168100 0.9836824575930184
169744 0.9837296385788663
171396 0.9849112667282349
173056 0.9885705947388718
174724 0.9832814594751298
176400 0.9841741515847151
178084 0.9846940169051214
179776 0.9849273644741847
181476 0.984733795246405
183184 0.9880693016606821
184900 0.9852150737033204
186624 0.9862599809525685
188356 0.9873513404118966
190096 0.9870295174512295
191844 0.9886240315772912
193600 0.9877001407106535
195364 0.9882777439552971
197136 0.989098157186095
198916 0.9878592123577677
200704 0.9874718035568673
202500 0.9874365700162254
204304 0.9878709633139152
206116 0.988685256864234
207936 0.9882456838332302
209764 0.9891757693679453
211600 0.9894956280239062
213444 0.9891019807935414
215296 0.9900533395575983
217156 0.9899011130642754
219024 0.9898189458385037
220900 0.9909278194505227
222784 0.9899411665875287
224676 0.9909795238930482
226576 0.9926408251255283
228484 0.9923014842821398
230400 0.9918605854220189
232324 0.9927467655868938
234256 0.9940444632578748
236196 0.9920912630511439
238144 0.9931241641635047
240100 0.9945256482430914
242064 0.9941726706018812
244036 0.9956019146149458
246016 0.9944156412101121
248004 0.9959603921739069
250000 0.9961595254275876
252004 0.9964550711111075
254016 0.9970244797801052
256036 0.9972506262152052
258064 0.9982827470244685
260100 0.9989453988458656
262144 1
