4 0.09826414754341448
16 0.3427120915497699
36 0.42727279949154984
64 0.47942135327482877
100 0.5149864196162446
144 0.5261643908021415
196 0.541414216331958
256 0.5629930431974021
324 0.5760442191245289
400 0.5775243940164315
484 0.5960830595781123
576 0.6002372007124781
676 0.5993317245362345
784 0.6102173895938169
900 0.6174714562913715
1024 0.6206431833774462
1156 0.6364937033776982
1296 0.632046746950115
1444 0.6507368578749148
1600 0.6517445439065114
1764 0.6681474660609823
1936 0.6706352797691089
2116 0.6827705229892557
2304 0.6879125201940322
2500 0.6928175917212566
2704 0.69752233514725
2916 0.7048905180197712
3136 0.7130463621923202
3364 0.7109657216582264
3600 0.7187023673708781
3844 0.7249394174326467
4096 0.7297613665982472
4356 0.7364533763864799
4624 0.7412232109364083
4900 0.7421103847110843
5184 0.7523545113315394
5476 0.7527289549939038
5776 0.7584742433176779
6084 0.7665976208798457
6400 0.7701290962306367
6724 0.7714239531497217
7056 0.7751670043623766
7396 0.7742685220956599
7744 0.7842978719523571
8100 0.7860949566796338
8464 0.7872653527513486
8836 0.793487890818684
9216 0.8010193095185438
9604 0.7974591035179452
10000 0.8087481096717578
10404 0.8071763413738708
10816 0.8110051828104202
11236 0.8116381436297985
11664 0.8162102356315394
12100 0.8215423545121612
12544 0.8252420729925413
12996 0.8216968140492309
13456 0.822549789682153
13924 0.8249917666529067
14400 0.8331009719312993
14884 0.8294986933723298
15376 0.8381301882070592
15876 0.8368649092271669
16384 0.8407261345569684
16900 0.840649215384691
17424 0.8462358148168391
17956 0.8474659759936529
18496 0.8495751598821291
19044 0.8487239859696398
19600 0.8554639362193434
20164 0.8567169860375571
20736 0.8636407707304026
21316 0.8586094155796122
21904 0.8647880654768542
22500 0.8656376573681822
23104 0.8668897799013205
23716 0.8657440160921138
24336 0.8748054021786098
24964 0.8695385921862542
25600 0.8799442515525253
26244 0.8729004162196156
26896 0.8775407458179586
27556 0.8781095664906876
28224 0.8841618611860859
28900 0.879546242735761
29584 0.8886173920479441
30276 0.8802349022275361
30976 0.8940734503518273
31684 0.8826834107962005
32400 0.8935591953954488
33124 0.8853134500013813
33856 0.8979215541980167
34596 0.8901277895053165
35344 0.8959508571690629
36100 0.8948161234899404
36864 0.900746610968826
37636 0.8938125389134454
38416 0.9020811437240187
39204 0.8978719011605604
40000 0.9021065489662289
40804 0.9002808069197296
41616 0.8995761511057502
42436 0.8998294498580119
43264 0.9028388965579549
44100 0.9008487747197895
44944 0.904383743345002
45796 0.9053686302512314
46656 0.9085279086819785
47524 0.9091201002181825
48400 0.9071237545497373
49284 0.912828574818092
50176 0.9101572974923615
51076 0.9125826936382885
51984 0.9103448382388611
52900 0.9122627683549179
53824 0.909439528418274
54756 0.9121526152116514
55696 0.9123939432226549
56644 0.9162343518731835
57600 0.9194573850391796
58564 0.916800235030816
59536 0.9166414059791063
60516 0.9182411924257065
61504 0.9228056459910268
62500 0.9197411222927447
63504 0.9228876404076706
64516 0.9246169499630458
65536 0.9299271015275433
66564 0.9273867953916807
67600 0.9262022471387613
68644 0.9246111886209385
69696 0.932166716127684
70756 0.9283158387568674
71824 0.9265879074185219
72900 0.9311217212068152
73984 0.9291705791373694
75076 0.9309183726104866
76176 0.9312942560767546
77284 0.933021641768022
78400 0.9340649603745493
79524 0.9358161253022345
80656 0.93235928477542
81796 0.9413632311187294
82944 0.9411453524440204
84100 0.9417885298917495
85264 0.9374352130197802
86436 0.9393196245270492
87616 0.937765270188508
88804 0.9412141062995207
90000 0.9435333527341362
91204 0.9440877377691488
92416 0.9443469951203185
93636 0.9472935911105828
94864 0.9451071129719634
96100 0.947880045530474
97344 0.9464731371506171
98596 0.947559598758317
99856 0.9502656897173984
101124 0.9494023748072521
102400 0.9480871987362812
103684 0.9484307746912314
104976 0.9502418435851748
106276 0.9491157377221425
107584 0.9499866884193929
108900 0.9522094334825564
110224 0.9519676001554517
111556 0.9540733976965013
112896 0.9567901005154434
114244 0.9560028081970954
115600 0.9567848767687174
116964 0.9564092670197019
118336 0.9551903037293473
119716 0.9558217453546181
121104 0.9573768731962238
122500 0.9580858154884957
123904 0.9608157098868813
125316 0.9615395555207081
126736 0.9604113874966651
128164 0.9583141737700448
129600 0.9627394898038317
131044 0.962787048215792
132496 0.9641383820541326
133956 0.9644580887350819
135424 0.9672252390699482
136900 0.9622619116449977
138384 0.9657615583308938
139876 0.9612131021000213
141376 0.9677694280876352
142884 0.96532391436685
144400 0.9705797101157896
145924 0.9674668760141696
147456 0.9750909581095769
148996 0.9697916334555079
150544 0.9733013053882801
152100 0.9695757300196267
153664 0.97282054075671
155236 0.9695657002631055
156816 0.9749683103001198
158404 0.9707046663636971
160000 0.9762210173374133
161604 0.9725567848274584
163216 0.977791657616894
164836 0.9740887073372552
166464 0.9767333150170211
168100 0.9751164130081517
169744 0.9758045064068595
171396 0.9755850090545828
173056 0.9784835812351765
174724 0.973945053358721
176400 0.9784519292757246
178084 0.9751598228610204
179776 0.9793896637322409
181476 0.9775896811222138
183184 0.9795133069418431
184900 0.9791408562281289
186624 0.981340243052953
188356 0.9799443479174703
190096 0.9819673543298203
191844 0.9799442142873254
193600 0.98182913069654
195364 0.983033739995664
197136 0.9864674705057581
198916 0.9850219648915801
200704 0.9871279672163028
202500 0.9839799444259084
204304 0.9855160266412478
206116 0.9829737764118384
207936 0.9851134126686566
209764 0.9836293278500157
211600 0.9832905986118858
213444 0.9833241841177692
215296 0.9869121813444336
217156 0.9863285297203493
219024 0.9861362531582067
220900 0.9865553136928225
222784 0.9877177849923175
224676 0.9858520840327782
226576 0.9854847242483263
228484 0.9890124272650663
230400 0.9912868684277093
232324 0.9900207450405953
234256 0.9894373436716465
236196 0.9882367463936905
238144 0.9896919104573286
240100 0.9882790203942433
242064 0.9894562217730093
244036 0.9915447879742302
246016 0.9936176361833832
248004 0.991830059873048
250000 0.991468768551212
252004 0.9927551013557856
254016 0.9933425319798352
256036 0.9935338781696005
258064 0.9933530564041522
260100 0.9971975486143402
262144 1
