4 -0.21067498779296873
16 -0.40889990234375007
36 -0.8238221380306684
64 -1.3818994140625005
100 -2.0503032611524374
144 -2.682588112669548
196 -3.7478558159971422
256 -5.088296875000001
324 -6.2191244733215605
400 -7.918211823906624
484 -9.47934561841231
576 -10.894050692865694
676 -12.489460842382933
784 -14.00422087141045
900 -15.675410547720674
1024 -17.548484375000008
1156 -19.858223076887498
1296 -21.26069393820812
1444 -22.981217969413812
1600 -25.201842412814003
1764 -26.66281749077781
1936 -29.120076565446112
2116 -32.64221907334169
2304 -34.80199574021279
2500 -36.5322956870164
2704 -34.86913511757861
2916 -36.89064733930395
3136 -43.732073915329295
3364 -40.8497567832531
3600 -41.0351312045546
3844 -42.98071943189268
4096 -42.04312500000003
4356 -47.82102756087872
4624 -52.94517819622186
4900 -52.56639515001126
5184 -54.999559932519986
5476 -55.47361375382772
5776 -62.76955425070213
6084 -60.911432475523895
6400 -57.85135012000603
6724 -65.35745694991078
7056 -69.78594842990816
7396 -67.93506352023468
7744 -77.0280826289719
8100 -70.06532570562473
8464 -89.28215046328864
8836 -81.14695071809712
9216 -83.95815483585113
9604 -92.29422427680203
10000 -88.73765223048747
10404 -89.99996233333889
10816 -94.10770746250199
11236 -91.69646859994725
11664 -96.99285376151272
12100 -98.18449698602217
12544 -112.28405738006722
12996 -111.72321821444007
13456 -107.7296860685592
13924 -126.91119001954678
14400 -122.56448087290573
14884 -117.25933043199518
15376 -122.07853080374275
15876 -124.81689373823212
16384 -110.36725000000013
16900 -126.88944876904225
17424 -114.23635706968673
17956 -121.10985922563157
18496 -137.35585633957487
19044 -131.90226579597459
19600 -127.3190207855921
20164 -124.06906985056276
20736 -137.40737644882995
21316 -131.60291853685646
21904 -135.33468816960783
22500 -134.9416911168662
23104 -144.12294649499586
23716 -128.34748641334568
24336 -136.26435563451741
24964 -145.4426112477895
25600 -146.01132235502405
26244 -156.64956976842495
26896 -161.37644571956503
27556 -148.74105357912413
28224 -150.22250758682026
28900 -150.0799325910425
29584 -147.4624637977356
30276 -150.01924652808907
30976 -149.08943598463816
31684 -173.1521970253782
32400 -174.9267039455458
33124 -185.63214026670676
33856 -169.40769853284223
34596 -179.51258011311938
35344 -195.35599501106026
36100 -197.4971616798323
36864 -183.53530684340444
37636 -187.31966532332513
38416 -196.3194798708803
39204 -205.0640010044192
40000 -210.98248685163753
40804 -225.81420299661113
41616 -194.6784223314021
42436 -225.81442491204598
43264 -198.51149781875802
44100 -186.32893502018987
44944 -180.92603724158607
45796 -191.99211183668558
46656 -196.93647266323796
47524 -204.3184399619886
48400 -188.18734023901106
49284 -207.08250615126644
50176 -213.59327639526919
51076 -171.30899559874433
51984 -219.45901421518192
52900 -214.2726884211702
53824 -204.2793800164245
54756 -222.49845632641154
55696 -207.67929010748458
56644 -221.3012594544307
57600 -203.8337477103737
58564 -206.6561433789234
59536 -220.40784003852787
60516 -214.31823625892594
61504 -214.0467355196579
62500 -212.73274613054718
63504 -221.92568115409995
64516 -226.15495832976967
65536 -214.23000000000047
66564 -197.00023303802436
67600 -207.01508877734113
68644 -236.6040029428268
69696 -218.57641558343403
70756 -219.511771006421
71824 -205.29951771307333
72900 -221.0491083358702
73984 -232.24999957704995
75076 -228.35165214853805
76176 -234.8535307131956
77284 -228.575103827347
78400 -213.43584388455565
79524 -197.17522706060845
80656 -206.02273325967326
81796 -216.05784606159705
82944 -233.68005267031913
84100 -223.56884386335787
85264 -244.41371394234739
86436 -210.4941606845914
87616 -218.79968529561847
88804 -209.54979236269082
90000 -212.02398980926137
91204 -215.40178885033492
92416 -200.4727039487334
93636 -200.63625277221217
94864 -213.27195615142955
96100 -237.83933803873515
97344 -211.01792546775778
98596 -210.6672485137724
99856 -190.31684025483082
101124 -192.5562367336288
102400 -182.39497692009627
103684 -217.22260267468937
104976 -194.03865871237122
106276 -190.16269256726355
107584 -208.03425455794786
108900 -194.47289775339686
110224 -207.71817793954415
111556 -176.2796535864445
112896 -198.4668858160303
114244 -162.65943837045052
115600 -175.58687758096676
116964 -190.7787723374022
118336 -175.1646940581295
119716 -151.94421666058133
121104 -141.0569165322786
122500 -127.31237250235063
123904 -159.35016581355194
125316 -171.36988009476136
126736 -171.8411013339346
128164 -125.5734178515313
129600 -138.8164202743701
131044 -148.35970150994035
132496 -157.81285672112426
133956 -126.96548330134283
135424 -235.30718085011813
136900 -181.40755114902458
138384 -128.50619813802678
139876 -145.76272789222094
141376 -169.7967485989293
142884 -155.15787053517306
144400 -104.36570604549979
145924 -153.16986952015577
147456 -130.94997737361882
148996 -241.36564802344492
150544 -147.08650186947307
152100 -190.2221612733174
153664 -133.08225053820752
155236 -101.04639588912141
156816 -169.2442254532234
158404 -146.53536924060245
160000 -154.24945912529984
161604 -124.75612882662244
163216 -149.21501389074183
164836 -133.15575167254792
166464 -136.01798131779833
168100 -143.28134374550427
169744 -120.73548163060514
171396 -146.26003938686517
173056 -136.014663150032
174724 -198.0790007612468
176400 -124.39270175067941
178084 -118.60541732141246
179776 -116.11680033352968
181476 -133.97650528846316
183184 -102.68418831354029
184900 -124.73950714674174
186624 -119.24212112170426
188356 -107.3916911528886
190096 -131.48787972100035
191844 -92.53035085856209
193600 -93.21877013573067
195364 -138.9528046462674
197136 -132.232122993737
198916 -146.85639527786043
200704 -101.42529308107623
202500 -144.53848945525897
204304 -139.4956589086487
206116 -119.39647739291468
207936 -147.3406222904141
209764 -80.62777240162723
211600 -85.05760793272566
213444 -105.02981048333822
215296 -188.14406303444594
217156 -72.50004993646508
219024 -62.59745689744523
220900 -216.6359709714634
222784 -84.2152805471269
224676 -140.6350753362458
226576 -123.49504636264646
228484 -67.09488595111361
230400 -75.93428771649269
232324 -130.0129465529044
234256 -93.43055862311303
236196 -87.78682134802693
238144 -113.78143339629787
240100 -63.014094674104854
242064 -44.48450631500236
244036 -24.49237066994101
246016 -66.53739129738278
248004 -37.71927295353635
250000 -62.93772158273532
252004 -1.8924443078849436
254016 -51.28314942108773
256036 -12.809546374321144
258064 -33.071345770251355
260100 31.431740646830804
262144 -1.8189894035458565e-12
