1 -0.154188
4 -0.19593402777777777
9 -0.22631140669334987
16 -0.4032852222222222
25 -0.5373972101404794
36 -0.8072188767733995
49 -0.9295747572334546
64 -1.3325833333333337
81 -1.5252393204802972
100 -1.9613745350063612
121 -2.13670049809503
144 -2.905870507093598
169 -3.2549443219465193
196 -4.141581390044929
225 -4.314660058598061
256 -5.145511111111113
289 -5.760024505258029
324 -7.35418853192119
361 -7.052360839395618
400 -8.092760917803227
441 -8.924663743075236
484 -9.58529435349123
529 -10.225523184753108
576 -11.796362028374393
625 -11.769460507023968
676 -14.37600298223052
729 -13.255005826484009
784 -16.30401500462417
841 -14.941503919448138
900 -17.00867148439224
961 -16.55444039245031
1024 -19.611755555555554
1089 -19.3276826927506
1156 -20.658907048809894
1225 -21.473332227719865
1296 -23.042279127684758
1369 -24.168484966206947
1444 -24.99140238536026
1521 -27.253198628694797
1600 -28.202554782324015
1681 -27.639365073689312
1764 -29.59723622230095
1849 -33.299986837441566
1936 -31.92234685840937
2025 -32.070157033386266
2116 -33.17496843345687
2209 -33.656341998686386
2304 -35.576848113497576
2401 -37.34206620887856
2500 -40.62658438920697
2601 -40.21399908170038
2704 -44.00091470669986
2809 -44.04394336716797
2916 -47.66070455593605
3025 -45.68682487937373
3136 -47.92893779627444
3249 -49.70068337085988
3364 -53.16570803890369
3481 -50.636664386060886
3600 -57.16021093756899
3721 -53.46901195855452
3844 -60.317737264245665
3969 -57.437062039444385
4096 -62.039666666666704
4225 -61.10823656240399
4356 -66.99946202100242
4489 -63.023038065694124
4624 -68.94866430635068
4761 -66.87104480355998
4900 -71.39088793865719
5041 -67.74590628936701
5184 -72.87581651073901
5329 -77.05933922107982
5476 -84.72419889260559
5625 -78.3501237465594
5776 -85.5148456525522
5929 -82.21010003190446
6084 -85.03562576477924
6241 -85.7801651009097
6400 -87.47246357374058
6561 -88.37726991780812
6724 -96.47733598920166
6889 -87.94241668895143
7056 -92.8042698892038
7225 -93.03765636204929
7396 -103.05033971087738
7569 -98.43808630414048
7744 -104.12866521141518
7921 -101.59584814165669
8100 -110.30240938354507
8281 -104.50012574783335
8464 -113.86577651160525
8649 -107.61214336436194
8836 -115.03801035585656
9025 -108.24816384560353
9216 -121.16039245399026
9409 -126.59448701492539
9604 -135.62924052995862
9801 -129.64944812381344
10000 -137.7659070012723
10201 -130.87041640536495
10404 -133.24577757680152
10609 -119.76179371460773
10816 -131.85026993791058
11025 -124.79301324883227
11236 -139.7688324964497
11449 -120.5905383417786
11664 -134.17294322374426
11881 -126.65386132610217
12100 -133.3521085452727
12321 -113.03050245905854
12544 -137.67586229620895
12769 -121.51700890680627
12996 -143.9727647334396
13225 -127.18995378314116
13456 -146.17040160005922
13689 -122.41993523883832
13924 -146.696383238688
14161 -124.9675755981117
14400 -133.9263437502758
14641 -118.22552053899722
14884 -144.3819401953291
15129 -124.31143831472491
15376 -142.74285183476047
15625 -125.7520190133987
15876 -151.6207794077776
16129 -124.84997385350482
16384 -144.89644444444457
16641 -127.79503451297808
16900 -149.0415886107271
17161 -125.54595248972328
17424 -145.27397308400964
17689 -127.5534984916626
17956 -150.09137795722097
18225 -135.45946185450964
18496 -156.4496016698473
18769 -137.10164998562334
19044 -152.27546046424004
19321 -135.07088783240044
19600 -154.9677878657401
19881 -133.51601737378724
20164 -151.28543418524578
20449 -136.28589713358883
20736 -145.92726604295626
21025 -146.6394017143466
21316 -163.92216591209717
21609 -135.44542135064012
21904 -152.03903168153352
22201 -139.18286148075185
22500 -151.62677623623745
22801 -148.18064233569862
23104 -159.8643270546529
23409 -167.78769854470647
23716 -179.47062582206217
24025 -165.11297875625837
24336 -167.58462805911677
24649 -155.91544527391352
24964 -167.1253027647499
25281 -159.8940737061314
25600 -177.4616320727398
25921 -171.42785262939992
26244 -186.30261092123283
26569 -164.69578326399323
26896 -170.62724673458456
27225 -155.24687916174707
27556 -170.26455911691664
27889 -174.4401659052512
28224 -161.20357955681516
28561 -174.45468081792342
28900 -180.7033511426414
29241 -162.09947268443238
29584 -175.5029282879541
29929 -169.443601480996
30276 -183.0513764665618
30625 -170.61613811508323
30976 -167.15777195677242
31329 -169.70616417409906
31684 -181.31120159440434
32041 -157.15277168263128
32400 -173.6707625341803
32761 -172.2950628678866
33124 -203.4255620191111
33489 -187.75214993294549
33856 -197.62471715753213
34225 -193.46315483749004
34596 -205.20735470744762
34969 -175.29720908568515
35344 -189.3226108678707
35721 -168.43345352090523
36100 -203.23963107685904
36481 -184.3710381270073
36864 -195.58756981596116
37249 -176.2691218358857
37636 -207.1555904208126
38025 -171.22687234103932
38416 -197.23286489761313
38809 -173.09346591690314
39204 -212.99857374525345
39601 -181.17808724371662
40000 -201.51190578286742
40401 -182.46992923769494
40804 -217.10205798257084
41209 -170.19819288629424
41616 -221.81823530720567
42025 -194.86208708837876
42436 -229.4296505528755
42849 -179.84082849907918
43264 -219.01552419608697
43681 -199.8336413791758
44100 -229.03508424532902
44521 -191.41975744882802
44944 -223.2075660969099
45369 -193.41841574547925
45796 -233.26221239489223
46225 -189.6688624857852
46656 -207.4882728949765
47089 -162.02035093141512
47524 -225.4550043321865
47961 -183.9121412585796
48400 -230.0616702922025
48841 -191.60350043115113
49284 -234.34754108623383
49729 -202.40370207724254
50176 -231.52189362928038
50625 -191.19202636912723
51076 -229.07401132166933
51529 -184.1277599063651
51984 -237.32318393375817
52441 -193.81019560204413
52900 -262.10870749367587
53361 -188.43863257201156
53824 -238.05988417801427
54289 -180.32237602698706
54756 -246.53602220535277
55225 -186.12073716747818
55696 -259.52643573253
56169 -196.5830330813833
56644 -260.5704447535586
57121 -187.67858664420146
57600 -238.0973750011035
58081 -207.14672642175447
58564 -255.2665578504334
59049 -182.6267865753416
59536 -247.33733022576143
60025 -199.52810676925446
60516 -248.8690345089003
61009 -191.01003208055272
61504 -219.9510184501528
62001 -188.35191291105048
62500 -249.20263508137305
63001 -211.63310490142476
63504 -270.6432426311103
64009 -190.90296884739655
64516 -232.59220444179755
65025 -218.23087061789647
65536 -234.6088888888894
66049 -201.9261810751659
66564 -231.16266930191205
67081 -226.59827599673963
67600 -262.7029238873524
68121 -211.22653599922933
68644 -285.1390356533375
69169 -193.60034646387567
69696 -246.39039233603853
70225 -238.0790974638062
70756 -257.47638632776125
71289 -213.082183692934
71824 -298.8864146066617
72361 -197.41900439648043
72900 -267.9498786680397
73441 -230.86896330303261
73984 -274.8861844571675
74529 -231.99146855812978
75076 -255.79474230360483
75625 -226.93593265929394
76176 -249.06496685696038
76729 -193.97177239250414
77284 -275.31627702404694
77841 -197.99840877004044
78400 -236.57809590740453
78961 -218.76526696966903
79524 -257.55985074514865
80089 -175.4117762751339
80656 -303.0809728520944
81225 -212.06737001791407
81796 -235.66089756213387
82369 -198.84148552021452
82944 -262.5590641718236
83521 -212.32356403914127
84100 -245.9249158851644
84681 -210.36305071205697
85264 -286.09789975949843
85849 -217.32939450305457
86436 -277.87746665256054
87025 -172.9620481505308
87616 -260.4830711705781
88209 -223.94046811584212
88804 -257.77417161745143
89401 -194.76411453298442
90000 -281.49022994495044
90601 -206.01245115929487
91204 -240.2307117039063
91809 -223.2949453271458
92416 -304.7350859963899
93025 -213.85106789658676
93636 -258.89282542882484
94249 -167.75029320892463
94864 -286.4434060660269
95481 -192.62209904121755
96100 -271.4463073861443
96721 -203.35596656165762
97344 -285.32101223646714
97969 -179.88138028580397
98596 -300.8170067900983
99225 -197.8178280336724
99856 -283.4137805034443
100489 -201.70480088763998
101124 -293.27082607452576
101761 -215.62179315114554
102400 -262.27763940207115
103041 -195.76830230816904
103684 -270.32371954537666
104329 -204.35382898348325
104976 -273.7985686849315
105625 -221.61787690362507
106276 -274.44169208375115
106929 -232.20995285860863
107584 -306.42259804945024
108241 -227.37956666433365
108900 -267.1707978969889
109561 -184.91623112568323
110224 -282.9958059121127
110889 -196.249462000289
111556 -260.09713931544957
112225 -207.7487779629646
112896 -277.94431822726074
113569 -197.0937005707574
114244 -266.4468656328045
114921 -211.09375422864196
115600 -331.85430734834426
116281 -176.85846615581067
116964 -290.12617198773023
117649 -168.24736635257432
118336 -280.0219909295929
119025 -174.529987567822
119716 -253.28129828509554
120409 -201.90586526706738
121104 -249.69363086624708
121801 -234.82453760103726
122500 -246.6785281547791
123201 -182.9855453748105
123904 -248.79553227153338
124609 -167.53843201747986
125316 -284.6441879463964
126025 -284.1127435523322
126736 -279.074042488729
127449 -194.81802856753438
128164 -261.54464575830207
128881 -162.91383818731902
129600 -297.1655501367204
130321 -161.66972604363855
131044 -256.36631049932384
131769 -134.75524824831155
132496 -282.0964841875557
133225 -243.54996336560998
133956 -337.15563098178154
134689 -224.38343238531615
135424 -285.44331307457287
136161 -193.04521869621567
136900 -262.6390950444047
137641 -279.34488806000445
138384 -277.8425438297927
139129 -166.41200858565935
139876 -244.79322870385113
140625 -191.49615070417894
141376 -258.08072124926184
142129 -193.34688714375807
142884 -296.2745953336216
143641 -132.11379290534387
144400 -213.38442708521325
145161 -199.92644523858507
145924 -243.6897948691385
146689 -185.6244236181701
147456 -236.16027926384595
148225 -175.61730972051373
148996 -244.43546303798757
149769 -149.0846874008348
150544 -232.94493112769487
151321 -142.736142670572
152100 -256.5182706141568
152881 -130.55126367514458
153664 -236.01507070156185
154449 -106.23964067208726
155236 -274.4949226953904
156025 -73.97086600947478
156816 -220.1174199810157
157609 -160.59453410471178
158404 -219.88215800264334
159201 -133.02024142362825
160000 -191.77873424257996
160801 -77.64758645988695
161604 -222.8667482007786
162409 -118.0461697147075
163216 -253.66580137472738
164025 -68.29559367689035
164836 -204.73549723962242
165649 -74.89546280313698
166464 -270.9054412288242
167281 -80.8653834986635
168100 -257.2752407146272
168921 -55.634964098095224
169744 -292.344504989278
170569 -132.40381484664067
171396 -249.11284524631628
172225 -46.77154788154803
173056 -222.07987456212504
173889 -82.13777721381484
174724 -263.64520787781476
175561 -147.80211871018582
176400 -179.1084619813173
177241 -60.56419007537443
178084 -248.5692554897596
178929 -82.92361083457399
179776 -178.92720883208312
180625 -53.68000231619408
181476 -208.18194423191744
182329 -39.732987634857636
183184 -148.73308569067922
184041 -156.38219167461102
184900 -275.8802589709194
185761 -66.02724107240829
186624 -256.5230915799075
187489 -86.66776420178576
188356 -240.06121275343685
189225 -81.00339115680072
190096 -195.69425343985495
190969 -83.43375373615527
191844 -217.62184628431714
192721 -83.35848542757049
193600 -189.4436256132558
194481 -46.07722139235739
195364 -174.3592274190487
196249 -36.589598450200356
197136 -224.66828934493606
198025 -121.99525506415375
198916 -247.5704506700822
199809 -61.49383132582443
200704 -166.76535229489855
201601 -49.18496894078635
202500 -182.35263672650763
203401 -61.568311214154164
204304 -235.93194806445536
205209 -53.64350303635911
206116 -234.50293198656982
207025 -61.81019086914057
207936 -229.96523573503146
208849 -18.968022731689416
209764 -192.1185081026215
210681 -71.01664818698373
211600 -247.06239941914646
212521 -81.95571832830501
213444 -255.69656153804863
214369 -175.28488576594827
215296 -232.12064782316702
216225 -80.60380461405475
217156 -199.53431313572764
218089 -41.912130477683604
219024 -212.73721382141048
219961 12.190479560007589
220900 -244.4290076976922
221841 -55.39563304960211
222784 -221.60935404123302
223729 32.229871691859444
224676 -174.67791357553324
225625 64.56733234208514
226576 -211.03434845867923
227529 83.61708603023908
228484 -198.37832227125
229441 98.17946846896484
230400 -149.40950000441262
231361 48.35481396623982
232324 -185.32754804812612
233289 79.3434554370815
234256 -155.73213417950865
235225 82.94572441509445
236196 -165.62292755136696
237169 76.36195106391096
238144 -143.39959868082406
239121 19.192464188448866
240100 -183.16181943813353
241081 63.03759124604767
242064 -132.909263035599
243049 49.197658357483306
244036 -157.44160401665613
245025 50.27299031782968
246016 -104.85851824505517
247009 -19.13608939282858
248004 -182.35968289419907
249001 102.07074140125042
250000 -162.34477643660284
251001 113.59380358190356
252004 -128.6134786334751
253009 24.63341674743606
254016 -141.76547052444403
255025 116.08989922284854
256036 -126.50043441736489
257049 170.56356806992517
258064 -73.91805387830027
259081 133.45473909723842
260100 -169.91801372158625
261121 108.86372687000949
262144 -1.8189894035458565e-12
