4 60.81663266161039
16 163.9284689469771
36 152.59913893512677
64 149.06437889262708
100 143.91166467811237
144 189.06559983399717
196 182.55670405458812
256 179.63365575324443
324 159.3413689322605
400 152.09929217803958
484 138.62498311155153
576 126.4149825038396
676 115.6739509479713
784 108.81123704617549
900 103.18750747571615
1024 98.40705370014336
1156 94.03004299458517
1296 89.85213784874873
1444 85.38411445434043
1600 81.34765621558181
1764 77.99150692040034
1936 74.3058093707526
2116 70.95277580229764
2304 68.05001485601153
2500 65.49136903335372
2704 63.28607597045483
2916 60.9080728967033
3136 58.43202894070824
3364 56.31222384599048
3600 54.64677889392913
3844 52.85765014507039
4096 51.03459326800696
4356 49.44720008953829
4624 47.93623595939673
4900 46.68747378504999
5184 45.24349004188728
5476 43.73284462701953
5776 42.418280744414695
6084 41.062525520311254
6400 39.702227942490275
6724 38.60576741918358
7056 37.34732589150796
7396 36.29012947988418
7744 35.268837925392596
8100 34.329302596940636
8464 33.414432358744065
8836 32.46293481079792
9216 31.621509681194954
9604 30.767652206679546
10000 29.960077199416954
10404 29.145061880172214
10816 28.34239619263207
11236 27.5531313132012
11664 26.810126487113465
12100 26.06418811240269
12544 25.356274491344138
12996 24.590384990572957
13456 23.9908903763647
13924 23.309318418782595
14400 22.719653688734674
14884 22.135051690914565
15376 21.59548154452574
15876 20.94886060590542
16384 20.480586727464512
16900 19.92824384779812
17424 19.40998664880396
17956 18.91816902441815
18496 18.433995883704892
19044 17.830868604138537
19600 17.500944003266696
20164 17.076860606337352
20736 16.66506873506917
21316 16.229538187623724
21904 15.866914878694807
22500 15.408425909443244
23104 15.01657526626128
23716 14.687145877197267
24336 14.408514516976354
24964 14.016945008093945
25600 13.717832528986047
26244 13.464750966615464
26896 13.232953297395744
27556 12.914988668846496
28224 12.665314189561526
28900 12.332018955254437
29584 12.137336779729603
30276 11.807570750312635
30976 11.597648125485824
31684 11.322765943624558
32400 11.152945759508352
33124 10.869016942304247
33856 10.640661171323135
34596 10.45483879112633
35344 10.225049110526964
36100 10.067782931129468
36864 9.845697183997133
37636 9.721758910218488
38416 9.494579395728088
39204 9.322552677521811
40000 9.07962452570737
40804 9.001037077862641
41616 8.813249449063722
42436 8.64283663545328
43264 8.485152447225952
44100 8.346557384889989
44944 8.182816426522445
45796 8.00420501164472
46656 7.801630533367522
47524 7.689163189951685
48400 7.564732085894856
49284 7.424451117495403
50176 7.26299660774355
51076 7.174238945779496
51984 7.083568889522733
52900 6.914540883738853
53824 6.77954299976301
54756 6.700953259536222
55696 6.575216955519787
56644 6.451245659015275
57600 6.308917505297093
58564 6.197246985057567
59536 6.103459200917608
60516 5.995245958400271
61504 5.871769191290062
62500 5.808216103449045
63504 5.727845597138334
64516 5.616454612814251
65536 5.530344906726088
66564 5.446352525631014
67600 5.378000111876089
68644 5.281946247127333
69696 5.178224079452005
70756 5.065721542748196
71824 4.986681180441267
72900 4.916292074317642
73984 4.826280894201298
75076 4.736674772825269
76176 4.653394069084938
77284 4.568605401149833
78400 4.500125217462198
79524 4.428274835052813
80656 4.361065172744202
81796 4.290017446487478
82944 4.213724551832846
84100 4.142881670178367
85264 4.080626534625678
86436 4.023330761643736
87616 3.9343528289460803
88804 3.8745542118242806
90000 3.8256740471872055
91204 3.7464876766268507
92416 3.6972247412214347
93636 3.639767780726403
94864 3.5833783314097984
96100 3.50926814208567
97344 3.4681546286761673
98596 3.408513312411871
99856 3.3465692621157
101124 3.2878054555754472
102400 3.242375088942338
103684 3.189952511374999
104976 3.128963117496243
106276 3.080189766463111
107584 3.0375272640864672
108900 2.9794639141315336
110224 2.9288298587562616
111556 2.8839380658927256
112896 2.8363630456903817
114244 2.7992349754350023
115600 2.758925865705789
116964 2.7174656831793653
118336 2.675082024274463
119716 2.6362481778406397
121104 2.60024224950279
122500 2.56192308794534
123904 2.5252099414234506
125316 2.4900055815141777
126736 2.4522117418754803
128164 2.412621420444717
129600 2.38685357453551
131044 2.348583877583966
132496 2.3207974849828212
133956 2.2871802413812947
135424 2.253973635936777
136900 2.223117866248797
138384 2.193140341211796
139876 2.1642682432197495
141376 2.132812690527477
142884 2.1039387800655116
144400 2.0743953749368385
145924 2.0457549199073295
147456 2.017725305752831
148996 1.9934939161312906
150544 1.9660555601805962
152100 1.9409203797982524
153664 1.9167261425977036
155236 1.8891830651388961
156816 1.8663296873115514
158404 1.8425632411488526
160000 1.8201968624555236
161604 1.7955911802993167
163216 1.7714712558080288
164836 1.7502271250129595
166464 1.728028514992247
168100 1.70612790190425
169744 1.6749455968672091
171396 1.661261074720489
173056 1.6440859535771661
174724 1.6245969472811734
176400 1.6052135034140027
178084 1.5852353801144108
179776 1.562754600442715
181476 1.5446031201944854
183184 1.5206342762558427
184900 1.503482969807216
186624 1.488778028043272
188356 1.470139794263879
190096 1.4541342660361927
191844 1.4398147547357074
193600 1.4731156714905782
195364 1.4570174286524578
197136 1.4365138910596962
198916 1.4207210511603758
200704 1.4041218675431288
202500 1.3848599260913548
204304 1.3682107142418993
206116 1.3555447218475105
207936 1.3404983873926715
209764 1.3260619002863887
211600 1.3104069447910192
213444 1.297585308316125
215296 1.2830095944068258
217156 1.2672507773475192
219024 1.2517510547682649
220900 1.2346644650714778
222784 1.2213558537333926
224676 1.215532294586452
226576 1.2017059805068306
228484 1.189684800631084
230400 1.1766346612589813
232324 1.164825237182294
234256 1.151937500922417
236196 1.1407434692069078
238144 1.1288347224756035
240100 1.1179124736221293
242064 1.106892941283737
244036 1.0916454503718058
246016 1.0788414358951444
248004 1.0694243262646597
250000 1.0586681332803136
252004 1.047677874042776
254016 1.0377667196635194
256036 1.0282080076645956
258064 1.0187439507065426
260100 1.0091536921144864
262144 1
