4 154.314191420083
16 737.4825490194942
36 771.0599829566399
64 927.4985904024109
100 841.5008487023174
144 814.4335115811318
196 708.6606811870292
256 703.1397664819975
324 641.1608302088969
400 581.9902398163136
484 527.997786845093
576 477.1723665018551
676 433.7605472537199
784 395.72187550326817
900 361.85373392109847
1024 331.26716792446734
1156 302.5734584715424
1296 276.9671303632534
1444 254.71864354661918
1600 234.56894965111363
1764 217.54605640603677
1936 202.33256243221786
2116 188.0418218106513
2304 175.39600026581698
2500 163.85325216311045
2704 153.10297644182094
2916 143.8010849165961
3136 133.85885611726118
3364 126.24122197960092
3600 118.577697151359
3844 111.97774760743086
4096 105.62233456004492
4356 99.83255189748981
4624 94.58574211421792
4900 89.73431767550314
5184 85.18904554127073
5476 80.88350145932534
5776 77.19062533877104
6084 73.52941469255929
6400 70.19645595732032
6724 67.01761962665067
7056 64.0746739957145
7396 61.350455037995346
7744 58.792867548711854
8100 56.37410112213784
8464 54.105800554479536
8836 51.98060885124597
9216 49.85851724855975
9604 47.666863930725185
10000 45.76993236779487
10404 43.77108736201462
10816 41.96615658160287
11236 40.46054732195712
11664 38.675748244567245
12100 36.849353366169055
12544 35.6707591569506
12996 34.38126932143068
13456 33.38934272487014
13924 32.1794488010632
14400 30.85767148150214
14884 29.826173029986204
15376 28.81523629499622
15876 27.71292129164778
16384 26.990809081803718
16900 26.115354561519677
17424 25.28407317896691
17956 24.368622130235337
18496 23.687937486704477
19044 23.131108847922494
19600 22.27877488724098
20164 21.830110286911342
20736 21.176942434063093
21316 20.58948242898631
21904 19.872730951400708
22500 19.321481518372746
23104 18.817588697582536
23716 18.317403321912256
24336 17.875268264042184
24964 17.323115794019007
25600 16.929838714218263
26244 16.54866647962338
26896 16.185050968790176
27556 15.789342876838386
28224 15.368183079675587
28900 14.979415808402516
29584 14.639206196173198
30276 14.315417254499465
30976 13.89530783480402
31684 13.683039584379554
32400 13.372362218145923
33124 13.035744812906731
33856 12.799607309258285
34596 12.462509317999437
35344 12.135018387672963
36100 11.865947168138744
36864 11.48682880650135
37636 11.142478083547916
38416 11.022409159805472
39204 10.740947623820366
40000 10.6011541545819
40804 10.322643595171328
41616 10.111324240739995
42436 9.822059942561497
43264 9.551462026366904
44100 9.41399290680146
44944 9.22890071811133
45796 8.983476241216694
46656 8.799476177256544
47524 8.657529547041955
48400 8.440208480151878
49284 8.26649126542783
50176 8.079464969074744
51076 7.9166221107198576
51984 7.73169263057369
52900 7.613097399883835
53824 7.415342885941313
54756 7.330500798861563
55696 7.151586917120706
56644 6.974419755405115
57600 6.8423335245383905
58564 6.712086162675714
59536 6.576797528562613
60516 6.434423178064368
61504 6.290333139343973
62500 6.191398188547628
63504 6.041194144144151
64516 5.938344296329985
65536 5.805372482305239
66564 5.700551393862111
67600 5.582638485413865
68644 5.483686403421566
69696 5.368431131217564
70756 5.243624857112014
71824 5.135395739497774
72900 5.031926921286714
73984 4.932539099036022
75076 4.843771760336073
76176 4.737500543109793
77284 4.641245966792004
78400 4.558717403685742
79524 4.45939371257799
80656 4.382356187011973
81796 4.2998939725087775
82944 4.196244783325929
84100 4.129862989248865
85264 4.0525638174167185
86436 3.9751614469635173
87616 3.895056258428168
88804 3.825391446974247
90000 3.7521659757018266
91204 3.6808596237214024
92416 3.6174393669056832
93636 3.5508748329710036
94864 3.479175404657541
96100 3.4239075235459695
97344 3.3488535669997144
98596 3.300841515332727
99856 3.2445717288225557
101124 3.182866188780515
102400 3.132917754907972
103684 3.0710154845710758
104976 3.028886797903504
106276 2.973070372567248
107584 2.9207949056643394
108900 2.8756639506697654
110224 2.8317585615251804
111556 2.7771438636623564
112896 2.7385530815805312
114244 2.698098583154848
115600 2.656251844841685
116964 2.6126360521218515
118336 2.571601454306911
119716 2.5347999537443333
121104 2.495074110054875
122500 2.4562101228058126
123904 2.418515638606681
125316 2.385016202568045
126736 2.348438995460336
128164 2.3165233167952675
129600 2.2808600714469
131044 2.2491201869937507
132496 2.216801124524933
133956 2.185072528817534
135424 2.1546159470776693
136900 2.1250155752038378
138384 2.0977108403634217
139876 2.0702124479003654
141376 2.0419334342786835
142884 2.014557533841059
144400 1.9879635341710478
145924 1.9603467000362098
147456 1.935061547861484
148996 1.9115296100423416
150544 1.8869215719024899
152100 1.8638808318482543
153664 1.8401515103035235
155236 1.8173111072039252
156816 1.7955236712978748
158404 1.773082087814121
160000 1.751768114391678
161604 1.7312635161105965
163216 1.7101341970422756
164836 1.6901878816353761
166464 1.6705408415806564
168100 1.6508275677123478
169744 1.6313157149066397
171396 1.6136017264160405
173056 1.5943327397318494
174724 1.5774113515875996
176400 1.5592335562413542
178084 1.541045231514277
179776 1.524663758551917
181476 1.5076438886410566
183184 1.4920331819864376
184900 1.473714903658696
186624 1.4604428650707761
188356 1.4439733185387755
190096 1.427911702546778
191844 1.413586576274791
193600 1.4028156030354413
195364 1.388882752720879
197136 1.374080313284452
198916 1.3603091990729468
200704 1.3454650779071557
202500 1.3320865770198407
204304 1.3173320853545858
206116 1.3051742967952527
207936 1.293560212680653
209764 1.2785453882536673
211600 1.2664726144073564
213444 1.2541337233788092
215296 1.2429024863004818
217156 1.2301464179152
219024 1.2185638085082842
220900 1.2073341972273735
222784 1.1964517209994259
224676 1.1849481318617843
226576 1.1741870925636333
228484 1.1632458606824223
230400 1.1521797319977178
232324 1.1419152034170825
234256 1.1314211454170249
236196 1.12155454695297
238144 1.1105968974898774
240100 1.100993406351453
242064 1.0912193220653605
244036 1.0811309127158524
246016 1.07153086307972
248004 1.0624908629013405
250000 1.0533890848241136
252004 1.043844221513336
254016 1.035005267368466
256036 1.0253386012081696
258064 1.0175386710201564
260100 1.0085835374010492
262144 1
