4 0.0000035790708493585734
16 0.00009552416680701848
36 0.0002723134318321437
64 0.0005161364005642687
100 0.000853735465176139
144 0.0012570659262167306
196 0.0017812673301033448
256 0.002378772039833309
324 0.0028895528925603495
400 0.0035790708493585732
484 0.004287368970446635
576 0.004889588403506956
676 0.0056554471849236876
784 0.006495363486919814
900 0.007384236383401116
1024 0.008301988388516469
1156 0.009097591386472976
1296 0.010048535007162183
1444 0.011021350083382165
1600 0.012062707761391404
1764 0.013140919778015441
1936 0.014269232757966549
2116 0.015310182338741613
2304 0.016443966095870528
2500 0.01762451060475514
2704 0.018817863269611698
2916 0.020026639232105948
3136 0.021359298601509168
3364 0.02271664253309693
3600 0.024115109172651365
3844 0.02556855671270414
4096 0.02704573577104011
4356 0.028390536721753592
4624 0.02985466786764699
4900 0.031316162174024297
5184 0.032785648400600186
5476 0.03442565824754693
5776 0.036030823841337996
6084 0.03767915169669269
6400 0.0393935971367558
6724 0.041171437903025576
7056 0.04294508257662455
7396 0.04481166141358742
7744 0.04599122376802287
8100 0.048642390802450516
8464 0.05036403206417794
8836 0.052156838234013146
9216 0.053961919198596504
9604 0.05580244934225333
10000 0.05775217393867822
10404 0.0596720608897596
10816 0.06165835032777396
11236 0.06369798129620138
11664 0.06579326417020698
12100 0.06790790181728147
12544 0.07007080518169168
12996 0.07227552264698082
13456 0.07453073024852423
13924 0.07680722775542735
14400 0.07909314645541667
14884 0.08146517665360349
15376 0.0839002430115397
15876 0.0863178767184612
16384 0.08886439786559133
16900 0.09100110107725183
17424 0.0932687270113792
17956 0.09553634772897167
18496 0.09791753021973712
19044 0.1003039471068545
19600 0.1027506057375933
20164 0.10520162951399618
20736 0.10771631732881229
21316 0.1097975282264755
21904 0.11203656371359776
22500 0.11541393995503478
23104 0.11808499250348065
23716 0.12080149408215216
24336 0.12353726163727254
24964 0.12627805514960974
25600 0.12908459720875254
26244 0.13190748800001367
26896 0.13485263038351455
27556 0.13777793208619257
28224 0.1407129551469705
28900 0.14369661551179827
29584 0.14671074438634393
30276 0.14977769295227852
30976 0.15199236856898582
31684 0.1560302139238618
32400 0.15921587047614733
33124 0.16223744007863486
33856 0.16516245145558814
34596 0.16821065185994433
35344 0.17026307599488774
36100 0.17405563803060423
36864 0.17725038094575896
37636 0.1803990787176987
38416 0.1835431843779754
39204 0.18592368320611374
40000 0.18991096340287106
40804 0.1931390942370451
41616 0.19642558930304202
42436 0.19884879334062028
43264 0.203029912639203
44100 0.20632735639542146
44944 0.20986112918737407
45796 0.2125897041660742
46656 0.21649900426987645
47524 0.22039634717729775
48400 0.22397473929633768
49284 0.22671137185135526
50176 0.23117073620668369
51076 0.2348356346744069
51984 0.23764424207811072
52900 0.24216774852923037
53824 0.2460018318965327
54756 0.2498295782214448
55696 0.2532401769441338
56644 0.25744776187254875
57600 0.26152888631075993
58564 0.26478133280914484
59536 0.26937447670545994
60516 0.27269488448959966
61504 0.27735298985646345
62500 0.28143869100237473
63504 0.2852817107789001
64516 0.2897169305704272
65536 0.2939191392465502
66564 0.2970052912986615
67600 0.30160211898797623
68644 0.30528996373505407
69696 0.3095754958263124
70756 0.3135543651153513
71824 0.3169337591589333
72900 0.321653277736449
73984 0.3254076788267216
75076 0.329850804297686
76176 0.33374335662585053
77284 0.33802510655451834
78400 0.3420357172645837
79524 0.34666554200557487
80656 0.35045064928919156
81796 0.35511481145431456
82944 0.35919579892132686
84100 0.3637388438567857
85264 0.36797094824083315
86436 0.3727239458093606
87616 0.3767091361681305
88804 0.381606062257397
90000 0.3856504964775209
91204 0.39073840682081834
92416 0.3950238492001227
93636 0.39989457543656276
94864 0.40423568809443206
96100 0.4091046137373522
97344 0.41420395041241
98596 0.41848166800785364
99856 0.4235482303465752
101124 0.42789993802600096
102400 0.43303033675884434
103684 0.43831000283718363
104976 0.4424975731783721
106276 0.44764189503072793
107584 0.4530338271746238
108900 0.457695793609037
110224 0.46266800716852136
111556 0.4683040655278605
112896 0.472935158348156
114244 0.47820101212824345
115600 0.4833632584101941
116964 0.4891663364276351
118336 0.493563851746915
119716 0.49931476603907693
121104 0.5042224554129772
122500 0.5099159951122882
123904 0.5151424936401704
125316 0.5204324999176939
126736 0.525636899996029
128164 0.5315883356198766
129600 0.5367842831519474
131044 0.5422594776666652
132496 0.5469041784377722
133956 0.5524221392558047
135424 0.557513148992334
136900 0.5625048074354274
138384 0.5681849457756776
139876 0.5729084496769157
141376 0.5783663747985728
142884 0.5835122721385811
144400 0.5889082192617104
145924 0.593974413947484
147456 0.5995822811426026
148996 0.605000343495566
150544 0.6102704376909751
152100 0.6157304771119637
153664 0.6211525187402037
155236 0.6268117664477026
156816 0.6323179908987857
158404 0.6377999765481746
160000 0.6435388907491396
161604 0.6490426542123884
163216 0.6546671840631205
164836 0.6602204346295698
166464 0.665816854522608
168100 0.6717479852605223
169744 0.6773412181167315
171396 0.6833757393286547
173056 0.6891167984587088
174724 0.6947915913632929
176400 0.7007496005043005
178084 0.7067674093147279
179776 0.7127507587543922
181476 0.7187601720462304
183184 0.7247517048649201
184900 0.7309848007828396
186624 0.7371056535489531
188356 0.7425884178088306
190096 0.7492072498845866
191844 0.7552501372400587
193600 0.7614124750249773
195364 0.7672382395325017
197136 0.7711157821137131
198916 0.777501911471815
200704 0.7831474867849842
202500 0.7898305174826015
204304 0.7960297307536862
206116 0.8029261352182703
207936 0.8087649557294543
209764 0.815355033030143
211600 0.822222391082508
213444 0.8279233965000665
215296 0.8346429285863064
217156 0.8414230546511576
219024 0.8480308657657444
220900 0.8544245542267572
222784 0.8612826820356186
224676 0.8677796237445276
226576 0.8748048561909426
228484 0.881392595026878
230400 0.8885474867488277
232324 0.8947727095434957
234256 0.9015701513458216
236196 0.9087339477204804
238144 0.9154757813497576
240100 0.922676229383881
242064 0.9291850854996556
244036 0.9360936497614403
246016 0.943479331547093
248004 0.9505950596042037
250000 0.9572632390245293
252004 0.9642609046206666
254016 0.9716036797336646
256036 0.9784064972219851
258064 0.9857982525720708
260100 0.9926264616918062
262144 1
