1 -0.3046296956176758
4 -0.02527078247070312
9 0.03376573944091796
16 0.11391687011718751
25 0.20924560955810548
36 0.33206295776367184
49 0.4692449147338867
64 0.63754248046875
81 0.8023286549682618
100 1.0127924382324218
121 1.2433088302612307
144 1.4420018310546874
169 1.6744994406127929
196 1.9789216589355467
225 2.2766484860229492
256 2.585609921875
289 2.8446859664916992
324 3.1660666198730474
361 3.515121882019043
400 3.8948017529296877
441 4.275456232604981
484 4.664925321044922
529 5.036879018249512
576 5.38825732421875
625 5.828690238952637
676 6.254487762451172
729 6.706529894714356
784 7.1532366357421875
841 7.623007985534668
900 8.109763944091796
961 8.610944511413575
1024 9.1164296875
1089 9.540149472351075
1156 10.041863865966798
1225 9.711772868347168
1296 11.09506647949219
1369 11.624424699401855
1444 12.166147528076172
1521 12.701634965515138
1600 13.04138701171875
1681 13.843103666687012
1764 14.457984930419922
1849 15.06483080291748
1936 15.696541284179691
2025 16.332916374206544
2116 16.871256072998047
2209 17.4620603805542
2304 18.069329296874997
2401 17.89206282196045
2500 19.363860955810548
2601 19.979823698425296
2704 20.632951049804685
2809 21.28164300994873
2916 21.959099578857423
3025 22.65162075653076
3136 22.49510654296875
3249 24.083156938171392
3364 24.794971942138673
3481 25.54455155487061
3600 26.28779577636719
3721 26.20770460662842
3844 26.1766780456543
3969 27.36751609344482
4096 29.231818750000002
4225 29.182886015319824
4356 30.730917889404303
4489 31.193014372253423
4624 31.25217546386719
4761 32.9824011642456
4900 33.719591473388675
5041 34.47624639129639
5184 34.09826591796876
5329 35.87505005340576
5476 36.64079879760742
5625 37.43261215057373
5776 38.09889011230468
5929 37.98193268280029
6084 39.732339862060556
6241 39.36101165008546
6400 41.264748046875
6561 41.1436490524292
6724 41.53791466674805
6889 43.67444488983155
7056 43.6781397216797
7225 45.324999162292485
7396 46.08612321166993
7569 46.939711869812015
7744 47.872765136718755
7921 48.66468301239016
8100 48.666865496826176
8281 50.22841259002686
8464 48.133724291992195
8649 48.138300602722154
8836 51.11954152221679
9025 51.71794705047607
9216 51.804017187499994
9409 53.16055193328859
9604 52.231851287841806
9801 53.496015251159676
10000 54.80804382324219
10201 55.94193700408937
10404 52.98669479370119
10609 54.83431719207765
10816 55.73580419921875
11025 57.56315581512452
11236 57.32437203979492
11449 58.019452873229994
11664 59.62839831542968
11881 57.49020836639406
12100 58.266883026123054
12321 59.69342229461671
12544 61.27882617187498
12769 61.89309465789793
12996 61.79622775268555
13225 61.3182254562378
13456 63.2330877685547
13689 64.36281468963622
13924 64.06040621948245
14161 65.50986235809327
14400 65.89518310546876
14641 66.47736846160888
14884 67.10041842651367
15129 66.97633300018313
15376 70.14911218261719
15625 72.27375597381592
15876 72.17326437377929
16129 73.7306373825073
16384 72.91787500000001
16641 74.21397722625733
16900 74.0449440612793
17161 73.90277550506593
17424 72.81347155761722
17689 73.38803221893315
17956 74.03445748901368
18225 73.85674736785887
18496 77.37690185546876
18769 76.11692095184327
19044 78.2078046569824
19321 77.82655297088624
19600 78.39216589355468
19881 80.0436434249878
20164 79.97498556518556
20449 81.79219231414797
20736 82.12726367187503
21025 82.2561996383667
21316 80.56700021362303
21609 80.08566539764405
21904 80.84919519042967
22201 81.00458959197994
22500 81.26684860229494
22801 82.94397222137451
23104 84.08596044921876
23409 83.90481328582763
23716 86.42453073120117
24025 87.18911278533938
24336 87.62155944824224
24649 86.55687071990968
24964 86.52604660034183
25281 86.5490870895386
25600 88.7219921875
25921 88.04276189422609
26244 88.91639620971677
26569 88.82789513397216
26896 89.70325866699221
27225 87.32648680877685
27556 90.40657955932619
27889 89.73353691864014
28224 91.42735888671876
28561 89.27104546356202
28900 92.60659664916994
29241 92.55201244354248
29584 94.18629284667969
29929 94.06343785858155
30276 95.1554474792481
30625 95.02132170867918
30976 95.37706054687504
31329 95.13466399383549
31684 92.43413204956062
32041 97.40446471405033
32400 97.1826619873047
32761 94.13072386932373
33124 97.57965036010745
33489 99.46544145965572
33856 99.05409716796873
34225 101.48961748504638
34596 100.08600241088863
34969 101.24725194549558
35344 100.31436608886719
35721 99.76934484100337
36100 99.4151882019043
36481 96.5158961715698
36864 97.76546874999997
37249 99.90490593719483
37636 100.12920773315432
38025 101.3823741378784
38416 99.42040515136728
38809 100.90030077362064
39204 100.69006100463866
39601 102.20368584442133
40000 102.65217529296876
40401 103.3355293502807
40804 104.49474801635745
41209 106.21583129119881
41616 109.06277917480475
42025 106.1055916671753
42436 106.96326876831063
42849 110.35981047821042
43264 108.68521679687501
43681 104.80648772430425
44100 107.1866232604981
44521 108.92062340545658
44944 107.77748815917971
45369 106.47221752166752
45796 106.85881149292004
46225 104.78227007293697
46656 109.05759326171881
47089 109.25978105926515
47524 113.78383346557621
47961 116.49675048065183
48400 113.77353210449223
48841 118.3591783370972
49284 118.56268917846683
49729 126.5280646286011
50176 122.58230468750003
50625 123.75240935516354
51076 125.78837863159174
51529 128.72421251678475
51984 125.59191101074225
52441 132.49847411346445
52900 133.33090182495118
53361 132.26719414520267
53824 132.24335107421882
54289 137.97137261199953
54756 136.4612587585449
55225 134.91300951385494
55696 132.67662487792973
56169 135.87610485076902
56644 133.6594494323731
57121 144.47565862274178
57600 139.548732421875
58081 141.87567082977296
58564 134.47147384643552
59049 145.08314147186286
59536 144.7376737060547
60025 144.1240705490112
60516 144.0893320007325
61009 149.9084580612183
61504 146.74444873046878
62001 153.6203040084839
62500 153.9990238952637
63001 153.78860839080812
63504 155.5220574951171
64009 155.75337120819097
64516 156.04054953002924
65025 154.92259246063236
65536 155.58450000000005
66049 152.51927214813236
66564 151.89890890502932
67081 152.09141027069109
67600 152.51177624511718
68121 154.25200682830814
68644 157.73610202026373
69169 156.22506182098402
69696 160.3628862304688
70225 164.7645752487183
70756 161.2241288757325
71289 160.60254711151117
71824 163.05382995605476
72361 163.12797740936276
72900 163.90498947143556
73441 158.1448661422728
73984 157.72760742187506
74529 155.0932133102417
75076 160.18168380737302
75625 155.53301891326896
76176 152.2272186279297
76729 157.13428295135486
77284 151.62421188354506
77841 154.94700542449937
78400 163.39266357421866
78961 158.80118633270263
79524 159.63257369995108
80089 160.7268256759644
80656 160.78394226074238
81225 159.95392345428468
81796 160.49676925659196
82369 153.68247966766376
82944 161.9610546875001
83521 154.15249431610118
84100 154.3167985534667
84681 158.12396739959718
85264 159.1440008544921
85849 161.50689891815182
86436 164.8426615905762
87025 161.58128887176508
87616 162.9527807617187
88209 141.22713726043708
88804 167.22435836791988
89401 165.24444408416753
90000 166.4973944091796
90601 164.4432093429566
91204 156.00188888549792
91809 158.02343303680436
92416 164.41784179687488
93025 172.33511516571048
93636 166.81525314331066
94249 163.91825572967537
94864 156.25412292480473
95481 155.89285472869892
96100 158.96445114135736
96721 164.70891216278073
97344 159.23623779296895
97969 158.53642803192156
98596 159.8394828796388
99225 162.5154023361206
99856 163.24418640136741
100489 170.30583507537835
101124 165.79034835815423
101761 152.51772624969476
102400 161.8079687500001
103041 162.58107585906987
103684 169.16704757690445
104329 172.12588390350356
104976 174.18758483886722
105625 171.04215038299571
106276 163.32958053588868
106929 163.79987529754658
107584 161.64303466796878
108241 165.2990586471558
108900 170.94794723510745
109561 166.1497004318237
110224 166.1343182373048
110889 171.68180065155025
111556 173.39214767456065
112225 173.23535930633534
112896 171.971435546875
113569 168.3203763961792
114244 169.31218185424814
114921 176.5768519210817
115600 170.3143865966797
116281 166.03478588104258
116964 160.51804977416987
117649 158.784178276062
118336 166.2631713867188
119025 169.46502910614004
119716 182.48975143432608
120409 182.3773383712769
121104 173.04778991699231
121801 158.9111060714722
122500 159.47728683471678
123201 165.55633220672598
123904 176.20824218750022
124609 168.94301677703857
125316 172.00065597534194
126025 173.7111597824096
126736 182.7445281982425
127449 185.8607612228393
128164 173.64985885620126
128881 171.19182109832764
129600 176.3366479492188
130321 172.14433940887466
131044 176.71489547729493
131769 173.2583161544801
132496 173.1846014404298
133225 168.42375133514406
133956 165.26576583862288
134689 139.3706449508668
135424 175.1283886718752
136161 180.24899700164815
136900 177.1724699401857
137641 178.8188074874879
138384 173.72800964355474
139129 170.370076408386
139876 172.07500778198255
140625 162.1528037643434
141376 156.3034643554688
142129 158.10698955535872
142884 104.95337936401347
143641 150.73263378143338
144400 170.06475280761697
145161 172.29973644256597
145924 160.45758468627946
146689 159.0082975387577
147456 154.0718750000001
148225 168.60831707000716
148996 161.74762374877946
149769 160.64979503631594
150544 165.32483093261726
151321 163.10273143768336
152100 155.98349655151378
152881 74.18712627410878
153664 104.69362060546882
154449 146.12297954559335
155236 149.23520309448259
156025 151.56029125213627
156816 152.97824401855496
157609 153.90906139373828
158404 151.01274337768564
159201 142.0892899703981
160000 156.00870117187515
160801 171.65097698211684
161604 155.17611740112307
162409 131.22412242889413
163216 141.1749920654297
164025 149.58872631073018
164836 138.98532516479509
165649 139.50478862762475
166464 142.91711669921915
167281 102.57230937957775
168100 136.07036666870135
168921 128.62128856658956
169744 126.32507507324226
170569 137.8017261886598
171396 143.5112419128418
172225 145.15362224578848
173056 138.88886718749973
173889 137.79697673797637
174724 126.47795089721694
175561 139.46178966522257
176400 147.4384930419924
177241 126.20806102752704
178084 121.92049362182661
178929 120.31579082488997
179776 131.0439526367186
180625 128.75497905731208
181476 130.9188700866698
182329 121.30562572479221
183184 125.95524597168014
184041 120.92773082733174
184900 107.93308029174796
185761 120.55129436492962
186624 111.59237304687485
187489 117.91631633758561
188356 122.61312423706022
189225 121.84279674530035
190096 130.11533386230485
190969 134.87073558807379
191844 121.23900192260771
192721 111.46013286590596
193600 100.61412841796891
194481 110.56098857879624
195364 113.59071334838882
196249 98.9933027267457
197136 86.03875671386731
198025 91.08707530975335
198916 84.4582585144044
199809 73.74230632782019
200704 70.58921874999987
201601 84.17899578094466
202500 77.1416374206542
203401 80.03714366912845
204304 74.86551452636695
205209 73.97674999237097
206116 68.47085006713905
207025 70.60781475067142
207936 78.04764404296884
208849 67.50033794403089
209764 59.87589645385742
210681 77.57431957244853
211600 80.46560729980456
212521 76.26975963592531
213444 61.95677658081058
214369 80.26665813446061
215296 64.73940429687491
216225 56.92501506805411
217156 63.56349044799799
218089 66.32483043670663
219024 46.169035034179615
219961 70.20610424041752
220900 68.23603805542007
221841 58.41883647918712
222784 49.08449951171906
223729 67.39302715301528
224676 56.32441940307626
225625 41.5986762619018
226576 69.85579772949222
227529 66.3557838058473
228484 56.868634490967
229441 51.29434978485142
230400 44.52292968749998
231361 52.17437419891394
232324 56.918683319092
233289 62.64585704803494
234256 44.705895385742224
235225 22.738798332214174
236196 52.844565887451154
237169 20.453198051452546
238144 -5.055305175781086
239121 31.359056205749766
240100 22.866282196044722
241081 40.60637279510502
242064 41.78932800292978
243049 38.23514781951917
244036 50.02383224487312
245025 31.885381278991645
246016 24.459794921875073
247009 -4.222926826476851
248004 15.077216033935656
249001 19.35022350311283
250000 34.66609558105483
251001 17.664832267761994
252004 1.2964335632323127
253009 26.250899467468116
254016 22.648229980468386
255025 25.30842510223374
256036 14.751484832763708
257049 31.58740917205887
258064 12.386198120117115
259081 -27.422148323059446
260100 7.21236984252937
261121 -21.680247383117603
262144 0
