4 0.002354647696229294
16 0.04501236261105311
36 0.10588897471023193
64 0.2264400855474636
100 0.3210070986565847
144 0.4473816897113151
196 0.5298518887049016
256 0.6866599282050757
324 0.7924503669268897
400 0.888046630579092
484 0.9748494294472693
576 1.0484744381144275
676 1.1185536573162638
784 1.1834943786413659
900 1.2423262044105094
1024 1.2940123747049506
1156 1.3342854232524985
1296 1.3692832983046583
1444 1.4030979968311998
1600 1.4316952493354105
1764 1.463894819260593
1936 1.4942773470641089
2116 1.5178546712926413
2304 1.5415664085862821
2500 1.5626263824759525
2704 1.579248231119857
2916 1.5995939774200219
3136 1.6013388549184078
3364 1.620008357007513
3600 1.6284168615146346
3844 1.642007682048661
4096 1.6503489775007019
4356 1.6588996737116455
4624 1.6684130536504505
4900 1.6773153557203877
5184 1.6846466525495432
5476 1.6895982894564268
5776 1.700794418169943
6084 1.7065161094266155
6400 1.7137806630205157
6724 1.7190035795959437
7056 1.724666212897345
7396 1.7309111231270353
7744 1.7368010188950525
8100 1.7419060481617603
8464 1.7469463191723436
8836 1.7520929710754751
9216 1.7528384970196789
9604 1.7463400313975703
10000 1.7459843585126826
10404 1.7371917454315189
10816 1.7315137847389854
11236 1.734217490041772
11664 1.7208630658135695
12100 1.7008864430642916
12544 1.7069015612212692
12996 1.7044791263630417
13456 1.7138938739999872
13924 1.709238605903641
14400 1.6950625203461869
14884 1.6934690833218182
15376 1.6901514941095805
15876 1.6783536469505318
16384 1.6869255676127324
16900 1.6836147006594946
17424 1.680563701897886
17956 1.6691702994175177
18496 1.6713412923968736
19044 1.6804078556054536
19600 1.6657409202191285
20164 1.6791623833667004
20736 1.6751292355069438
21316 1.6742149637461556
21904 1.660508341825413
22500 1.658376061109111
23104 1.6584837694890857
23716 1.657163761834988
24336 1.6594411028813572
24964 1.649682093360483
25600 1.6533045619353774
26244 1.6567352412843168
26896 1.6605878099692555
27556 1.6597409527365057
28224 1.6546310395842125
28900 1.651401965571719
29584 1.6520930332473291
30276 1.6533415710343393
30976 1.641926023448522
31684 1.6537987754496835
32400 1.6527730402676692
33124 1.6471710631665137
33856 1.6530742838373125
34596 1.6447180647487964
35344 1.6361240001446273
36100 1.6340663634102197
36864 1.6153353009142521
37636 1.5997249799820303
38416 1.6152834712336996
39204 1.6063236642618317
40000 1.6176077506381072
40804 1.6067701311392626
41616 1.6051974090676713
42436 1.5899999073888385
43264 1.5763643383359442
44100 1.5836986053083204
44944 1.5822742991439653
45796 1.5693942182264697
46656 1.5661177083056692
47524 1.5695206992859718
48400 1.558327066190151
49284 1.5541296216024212
50176 1.5464600917369626
51076 1.5424705159268473
51984 1.5332195652303418
52900 1.5363039110330767
53824 1.5225350017276962
54756 1.531177145929198
55696 1.5194503209531969
56644 1.5070306115156835
57600 1.50344242482533
58564 1.4995064316976185
59536 1.493668432847991
60516 1.485388004469846
61504 1.4758325553978413
62500 1.4761443587655134
63504 1.463470432013436
64516 1.4614800286179557
65536 1.4513431205763097
66564 1.4474926108590604
67600 1.4396147217330066
68644 1.4359366206225204
69696 1.4273001713613103
70756 1.4153210464089112
71824 1.407030729651215
72900 1.3993357565376339
73984 1.3920935543177837
75076 1.38721850844952
76176 1.376662602889754
77284 1.3683092243101245
78400 1.3633859422644126
79524 1.352801611324509
80656 1.3483555626664645
81796 1.3416829199803466
82944 1.3277180759742195
84100 1.3249262901147063
85264 1.3181221058968315
86436 1.310718745535807
87616 1.3018388715303129
88804 1.2958910448345224
90000 1.2882039558912828
91204 1.2806286663890334
92416 1.2752886830595231
93636 1.2683476099398532
94864 1.2590350936410253
96100 1.2551785011778551
97344 1.243556219581681
98596 1.2414923478917905
99856 1.235923593724461
101124 1.2278143328637727
102400 1.2237959980109265
103684 1.2146574764338203
104976 1.2129227466458061
106276 1.205314738902881
107584 1.1986953702201548
108900 1.1946098488919734
110224 1.1906728961393414
111556 1.1818201479138102
112896 1.1793963954853655
114244 1.1758482915265749
115600 1.1713512926624254
116964 1.1657118347182471
118336 1.1608620822786813
119716 1.1575931978700889
121104 1.152662105652182
122500 1.147788009810303
123904 1.1431265323101891
125316 1.14013935257346
126736 1.1353750783106276
128164 1.1325641417455623
129600 1.1276224718456964
131044 1.1243198615433085
132496 1.1204425117304058
133956 1.1165755297480835
135424 1.1130779648477414
136900 1.1097512521568504
138384 1.1073670079530782
139876 1.1046334700108016
141376 1.101228260820706
142884 1.098053126012214
144400 1.0950543759700748
145924 1.0912385248416285
147456 1.0884721206720849
148996 1.0864649420847654
150544 1.0836209149188554
152100 1.081452463242033
153664 1.078663031308291
155236 1.076172283317217
156816 1.0740922547845746
158404 1.0714084435962983
160000 1.0691944057566394
161604 1.0672726030637238
163216 1.0647631191423494
164836 1.0627891908922154
166464 1.0608097482791228
168100 1.0585941853807286
169744 1.0563127697414882
171396 1.055011297229018
173056 1.0525087227136039
174724 1.0513748969833059
176400 1.0492279026831624
178084 1.046888347660021
179776 1.0456007074639488
181476 1.0437056821251847
183184 1.0426201111183302
184900 1.0394664218387333
186624 1.0397098131216758
188356 1.037525323435553
190096 1.035462581662492
191844 1.0345005155138436
193600 1.0360149412065942
195364 1.035071144495246
197136 1.0333278527818441
198916 1.0322084985458158
200704 1.0301217002726661
202500 1.0290051721440039
204304 1.0266731810237246
206116 1.0262195791559232
207936 1.0260686354979107
209764 1.0230743210664455
211600 1.0222839554160943
213444 1.0211460817446387
215296 1.020782217752642
217156 1.0190341015960434
219024 1.0181225570477235
220900 1.0173802344037126
222784 1.0168087013669438
224676 1.0155845889060142
226576 1.014872034777442
228484 1.0138819398199561
230400 1.0126579675761194
232324 1.0120174702402889
234256 1.0110557244903968
236196 1.0105388556369923
238144 1.0089187147362877
240100 1.008409564456878
242064 1.0076328810746362
244036 1.0064501320477515
246016 1.0056066009957139
248004 1.0051802977103579
250000 1.0045901153794419
252004 1.0034672515802259
254016 1.0029140395960552
256036 1.0014480365712544
258064 1.0017017349172426
260100 1.0007193682785525
262144 1
