4 0.0009279881692750609
16 0.01000539971600202
36 0.020956302649172073
64 0.03639267062808278
100 0.05489794337391372
144 0.10385683584631192
196 0.13649411771659573
256 0.17542349194652776
324 0.19693986333485566
400 0.23208510159002618
484 0.2559451745071065
576 0.27776729554066315
676 0.2982925065644402
784 0.3254242318885864
900 0.3542661923528463
1024 0.384402553516185
1156 0.41465274697014026
1296 0.4442152811125883
1444 0.4703318072207168
1600 0.49650669076893195
1764 0.5248146751693199
1936 0.5487672689124184
2116 0.5727236694246742
2304 0.5980958336954139
2500 0.6245743659339306
2704 0.6527921654667277
2916 0.6775205252334092
3136 0.6990159712145273
3364 0.7226345864025573
3600 0.7504593048787875
3844 0.7750885282808325
4096 0.7974155198126087
4356 0.821655287132373
4624 0.8455549433755893
4900 0.8726830350751684
5184 0.8947076888166184
5476 0.9135477339842184
5776 0.9346313079061098
6084 0.9530044756529757
6400 0.9692926743772039
6724 0.9902388768256775
7056 1.0052594432467656
7396 1.023871603520292
7744 1.0418772922296153
8100 1.0607427636536377
8464 1.0788717479111092
8836 1.0942172698524872
9216 1.1116936997295102
9604 1.1272145530431763
10000 1.1428862457052975
10404 1.1567124321033926
10816 1.1694006241588915
11236 1.1809806191830776
11664 1.1929066289737376
12100 1.20306654418973
12544 1.2133373535897096
12996 1.2190881474971242
13456 1.2314659916090522
13924 1.2380941378140597
14400 1.2480278515540288
14884 1.2567829489424607
15376 1.2666783303399192
15876 1.2687076987432648
16384 1.280036670466532
16900 1.2847416726218728
17424 1.2901291174650582
17956 1.2958322258089154
18496 1.3006408228492954
19044 1.2953608005417416
19600 1.3085117434083071
20164 1.313544529976602
20736 1.31823297611387
21316 1.319690078763532
21904 1.325793851863598
22500 1.3225158041476173
23104 1.3234823415821098
23716 1.328736692900125
24336 1.3376068469434224
24964 1.3348351104051865
25600 1.3396320829087938
26244 1.3479954695429086
26896 1.3577023005933988
27556 1.3575951681470262
28224 1.3636239154288656
28900 1.359540358760274
29584 1.3697470523510764
30276 1.3637009126146902
30976 1.3704252179529146
31684 1.368524613028719
32400 1.3784616188357186
33124 1.3733875930667336
33856 1.3742455467846528
34596 1.3797592270576722
35344 1.3786092215059855
36100 1.3864401390601113
36864 1.384551166499597
37636 1.3957524045752834
38416 1.3913870318080532
39204 1.3942007262022593
40000 1.3854407540447038
40804 1.4010555912975586
41616 1.3991248667611538
42436 1.3991066568836037
43264 1.4003816050597517
44100 1.4041259028383197
44944 1.4029254969544402
45796 1.3983176144152893
46656 1.3885226217834286
47524 1.3939658792086176
48400 1.3966866796772424
49284 1.3958230929361093
50176 1.390182944450914
51076 1.3978249679360715
51984 1.4046945386999121
52900 1.3953369626990713
53824 1.39199112861345
54756 1.3996787898222556
55696 1.3969928114114
56644 1.393983303486867
57600 1.3862367565350058
58564 1.3844893357578711
59536 1.386167705481837
60516 1.3840038468114884
61504 1.3776294416088255
62500 1.3847866304991352
63504 1.3875622055079375
64516 1.3822600776684733
65536 1.382586226681522
66564 1.3829460507053484
67600 1.386843900920195
68644 1.3831097342979763
69696 1.3767299859675863
70756 1.3673026789806035
71824 1.3662849010620635
72900 1.3671786965093846
73984 1.3621046664298584
75076 1.3565467653069683
76176 1.3522222389473506
77284 1.346893691339354
78400 1.3458626443826154
79524 1.3433613890943141
80656 1.341804781238008
81796 1.3386011774173345
82944 1.3332487839783616
84100 1.3291028917770413
85264 1.327249682801528
86436 1.3266014774835129
87616 1.314972905963668
88804 1.312545441539167
90000 1.3134409494279804
91204 1.303461693035413
92416 1.3034161441220098
93636 1.300099548019781
94864 1.2967437821611751
96100 1.2864710558106722
97344 1.287857224173938
98596 1.2819892065069614
99856 1.2747765359414114
101124 1.2682954364380323
102400 1.2665527691181007
103684 1.2616998145652978
104976 1.2529984749690461
106276 1.2487420945000978
107584 1.2466023757151736
108900 1.2377304849583588
110224 1.2314885801374442
111556 1.2272666735791353
112896 1.2215196319818928
114244 1.2199241658538682
115600 1.2166283801101272
116964 1.2124849554725314
118336 1.2075748688680377
119716 1.2039226030669021
121104 1.2012471671439588
122500 1.197187722295014
123904 1.1935562613759279
125316 1.1903287485238292
126736 1.185544995568584
128164 1.1795471638865533
129600 1.1800240450279318
131044 1.1740410829700976
132496 1.173005613595138
133956 1.16875273290433
135424 1.1644063021587452
136900 1.1609834132746135
138384 1.157743579781544
139876 1.1548201934379794
141376 1.1502400472107415
142884 1.14677119694092
144400 1.142664688647764
145924 1.138781512956837
147456 1.1349704844859676
148996 1.1330513745418465
150544 1.1290659647057635
152100 1.12615199953962
153664 1.1235496748967497
155236 1.118733300399405
156816 1.116448807699006
158404 1.1133933549916948
160000 1.1109599990573265
161604 1.1069286998790389
163216 1.1029527759092834
164836 1.1005418334145973
166464 1.0973149822985435
168100 1.0940555584339309
169744 1.0845640769753553
171396 1.0861721159469333
173056 1.0853536177911762
174724 1.0828250008268576
176400 1.0801683883752062
178084 1.0769083306590832
179776 1.0717230646102507
181476 1.0692916711441591
183184 1.0626063127962124
184900 1.0604629559225245
186624 1.0598820141050247
188356 1.0563264888319672
190096 1.0544781014877933
191844 1.05369499896056
193600 1.0879333267233884
195364 1.085848819470439
197136 1.0802787873380442
198916 1.0780492729668325
200704 1.075030804837708
202500 1.069771328100202
204304 1.066325842904957
206116 1.0658243403942929
207936 1.063300600741892
209764 1.0610963762347185
211600 1.0577473049842057
213444 1.0565254156045036
215296 1.0537217469688873
217156 1.0497707741000286
219024 1.0458508415968493
220900 1.0404105389949394
222784 1.0379735661244969
224676 1.0417973854770877
226576 1.038657128293288
228484 1.0369260482307152
230400 1.0341515577471514
232324 1.0323213897824832
234256 1.0293894623416204
236196 1.0278283861266893
238144 1.0254868169755176
240100 1.0239058872858935
242064 1.0221059148365268
244036 1.0162383618428574
246016 1.0124674022414393
248004 1.0117397713124872
250000 1.0096246083071838
252004 1.0071526144801168
254016 1.0055898706895772
256036 1.0042505853668686
258064 1.002888255672963
260100 1.0012850773581614
262144 1
