1 -0.122687
4 -0.5583960401746962
9 -0.3985839877985232
16 -0.4761053213975694
25 -0.877604482322026
36 -0.9490883127663587
49 -1.3656406733713344
64 -1.3848899283854168
81 -2.2197577803734183
100 -2.064938933655508
121 -2.556140074053312
144 -2.6206606973544972
169 -3.295551615902263
196 -3.45033866204545
225 -3.887570035861316
256 -3.923326284722222
289 -4.624142231373945
324 -5.009540375644065
361 -5.83890543137262
400 -5.959739752091653
441 -6.380119462469651
484 -7.110051157351485
529 -8.548169062476525
576 -7.560332574574236
625 -8.143324116101299
676 -10.69484725313271
729 -9.990725035041148
784 -9.845598522422254
841 -10.435025475835396
900 -11.291879182751902
961 -12.661347403941601
1024 -11.087431423611108
1089 -12.910645190101125
1156 -13.678814535982973
1225 -13.060576468062635
1296 -14.03147851917782
1369 -16.682678154818376
1444 -16.876542228555795
1521 -15.829246481070797
1600 -17.06187507824508
1681 -16.96332018435821
1764 -17.22968156691961
1849 -19.424166230084097
1936 -19.528288073958905
2025 -18.94826757741957
2116 -20.014331502320367
2209 -21.38881261721697
2304 -21.28444943892196
2401 -22.003385990390775
2500 -22.551471573590312
2601 -23.566160556138726
2704 -26.268412170625453
2809 -26.902190325625668
2916 -27.853163427518112
3025 -27.582904212297933
3136 -27.09348958665082
3249 -28.73090047762048
3364 -28.537921690261072
3481 -29.52834177271876
3600 -31.003952888234167
3721 -35.30955069360034
3844 -36.051934223649454
3969 -33.3809057813756
4096 -31.934270833333343
4225 -35.155837909979
4356 -38.11541851064864
4489 -38.06082701288918
4624 -39.51488058588069
4761 -40.3383991077075
4900 -40.40320508625335
5041 -40.09912358351167
5184 -43.05198214311753
5329 -46.68861072092079
5476 -51.18984161843261
5625 -52.17150941898876
5776 -53.8234509264845
5929 -50.351505106543755
6084 -49.379513029996104
6241 -50.621317818541826
6400 -53.52676459249423
6561 -53.41370042049377
6724 -54.02697427109712
6889 -55.26343696614762
7056 -57.80694113584255
7225 -60.09134117541416
7396 -63.78249320334962
7569 -69.18025502107668
7744 -66.71948607404735
7921 -63.473047414157406
8100 -65.17980166343807
8281 -63.47861297896645
8464 -65.2473470189386
8649 -69.2558709098553
8836 -70.83305321477172
9025 -70.15476390256688
9216 -67.96787431818782
9409 -73.76825715382915
9604 -77.77178642100858
9801 -72.62833742350188
10000 -73.08878673110166
10201 -74.48001215416821
10404 -78.15989271893972
10609 -83.20830864357191
10816 -92.39614131488025
11025 -92.12827326575467
11236 -95.49658815322425
11449 -90.8039707371446
11664 -89.96730685948654
11881 -90.67148342420211
12100 -89.97038837764774
12321 -90.60991068954377
12544 -93.70594033445053
12769 -97.32836827374376
12996 -98.02808643806975
13225 -96.35098771026486
13456 -96.89996590872227
13689 -99.71091577119108
13924 -108.36273293899245
14161 -108.39131394163888
14400 -109.22255618184289
14641 -119.3313579209015
14884 -118.78761826444577
15129 -115.94823714854152
15376 -115.74011532612991
15625 -113.91415435379866
15876 -114.1342565788716
16129 -109.89632512680555
16384 -101.90626388888893
16641 -109.9499775102264
16900 -116.26437137800724
17161 -128.8223516100433
17424 -128.37782504357108
17689 -127.20669922431011
17956 -124.10788239576789
18225 -125.96828348878569
18496 -131.52881211131796
18769 -132.33837853843693
19044 -142.55689370255857
19321 -131.44626918387985
19600 -129.8464172010248
19881 -133.01525060189044
20164 -132.56068285469019
20449 -132.01662803918362
20736 -142.03600083809522
21025 -153.37071652870873
21316 -159.26869097463907
21609 -173.39584061777134
21904 -175.31508247036663
22201 -167.79733410732752
22500 -170.952513658621
22801 -165.5215398018512
23104 -171.3713317549831
23409 -154.06880926920746
23716 -154.1278926219486
24025 -147.108502610007
24336 -147.90056054283593
24649 -152.08698823594762
24964 -165.48970800444613
25281 -167.7496426566828
25600 -169.39671548803244
25921 -164.76885027478568
26244 -166.66897126815695
26569 -160.14800318840207
26896 -166.67787121904564
27225 -168.23250100121447
27556 -160.3068186280724
27889 -161.7407506393597
28224 -162.9242240160263
28561 -155.16716617496502
28900 -163.6795049638365
29241 -180.56116865598608
29584 -184.5420859454515
29929 -191.25218594205433
30276 -187.16139816658188
30625 -189.6796525460477
30976 -186.90687940903695
31329 -185.33300948112833
31684 -171.89797388039813
32041 -185.99170411299428
32400 -164.10413206879116
32761 -161.90519001711186
33124 -158.7448106025247
33489 -169.51292684070813
33856 -170.1694721143831
34225 -190.75438016931298
34596 -196.53758511036813
34969 -201.39902139765445
35344 -194.43862384270233
35721 -182.1263276047191
36100 -177.69206818690054
36481 -181.48578143279906
36864 -178.97740352275105
37249 -190.07687097036023
37636 -192.59412061903276
38025 -217.06908963857177
38416 -205.54171552181674
38809 -192.3419360813432
39204 -189.36968944620503
39601 -191.41491405873126
40000 -182.68754867136863
40401 -193.41753234357338
40804 -195.89480443874868
41209 -193.35930462122678
41616 -210.42097285329783
42025 -220.37974939228093
42436 -220.08557478763942
42849 -236.3583898781369
43264 -253.658135789035
43681 -259.2947539293325
44100 -252.28818598904422
44521 -258.70837393651595
44944 -267.0052600157833
45369 -236.63878674396074
45796 -234.49889690867485
46225 -259.58553356552875
46656 -251.25864003560218
47089 -222.2381599029909
47524 -229.95403701237387
47961 -213.71621546661754
48400 -209.6746396244148
48841 -208.15925409795068
49284 -226.72000375060634
49729 -240.5768336946876
50176 -235.30968928919128
50625 -229.0885161375918
51076 -224.92326008567056
51529 -224.97386721936095
51984 -229.16028386263065
52441 -212.65245657538753
52900 -214.5003321514164
53361 -244.0738576163385
53824 -242.2829802256008
54289 -232.80764746249224
54756 -229.51780703617987
55225 -216.54340687977947
55696 -235.80439514843943
56169 -215.30072021745968
56644 -224.80233068042867
57121 -222.6991753473833
57600 -231.72120324299658
58081 -238.5383636047843
58564 -258.9906058813326
59049 -282.9578797305553
59536 -290.12013501796105
60025 -274.80732181495364
60516 -251.89939039714477
61009 -264.0462912426899
61504 -276.4279750306482
62001 -272.6043926393554
62500 -263.72549514482307
63001 -255.25123381915046
63504 -252.73156012896243
64009 -245.1564257338614
64516 -221.34578248489697
65025 -210.63958242305807
65536 -187.6377777777775
66049 -203.41032096546087
66564 -221.36716458802493
67081 -241.7782614314574
67600 -244.35356446439482
68121 -253.11302683671238
68644 -283.04660187813397
69169 -270.3742430968573
69696 -270.29590417819054
70225 -257.2615389832131
70756 -247.07110154744123
71289 -261.41454607951937
71824 -242.34182695991603
72361 -259.10289873964257
72900 -286.89771613898074
73441 -213.26623404622705
73984 -244.56840751645177
74529 -243.46419177026883
75076 -254.9135421926203
75625 -281.1164143315773
76176 -262.35276389714863
76729 -274.58254676010665
77284 -244.60571895082467
77841 -205.5722366581249
78400 -231.3920562281446
78961 -232.17513416320344
79524 -236.92142712069653
80089 -241.52089191199138
80656 -303.9534855013344
81225 -242.96916500477437
81796 -231.69788768909666
82369 -239.6296109707655
82944 -235.56429241488058
83521 -259.0118897341399
84100 -265.7823607878222
84681 -281.3856635807674
85264 -306.8117562623802
85849 -318.97059712563487
86436 -342.01214460609526
87025 -358.34635728094145
87616 -370.8831938680114
88209 -339.6626132248434
88804 -334.6645743477402
89401 -347.89903637083034
90000 -352.21595856514796
90601 -296.55530033771856
91204 -309.1170212306524
91809 -327.8710809202498
92416 -347.5974392161129
93025 -333.38605606026704
93636 -275.9168915262926
94249 -269.1399058184634
94864 -290.14505927088885
95481 -329.58231234668074
96100 -280.3316256371031
96721 -296.7729598607575
97344 -263.54627586274955
97969 -236.62153461388925
98596 -246.8386972098765
99225 -265.56772487051103
99856 -245.76857893889974
100489 -280.4012208806762
101124 -324.8856122832253
101761 -276.9917148549184
102400 -262.21949042435153
103041 -292.70890093959406
103684 -295.0199084674423
104329 -278.7024751926815
104976 -291.5465634173538
105625 -266.11213556003395
106276 -233.84915415511023
106929 -238.73758185207316
107584 -305.617381414811
108241 -279.51851572090936
108900 -264.65094776096066
109561 -256.33464063787915
110224 -232.70955756621834
110889 -263.2856618714982
111556 -261.3629169895403
112225 -244.49128646580448
112896 -222.61073395473022
113569 -231.25122321909384
114244 -249.43271812935745
114921 -231.5551826630376
115600 -244.32858090406535
116281 -275.052877042167
116964 -301.1380353722361
117649 -313.1740202937226
118336 -327.4907963100177
119025 -361.588328027854
119716 -345.09658015669993
120409 -335.7855175081695
121104 -300.1751049954282
121801 -322.47530763261693
122500 -335.8260905342613
123201 -338.90741891470407
123904 -291.1392580875363
124609 -305.4915734650267
125316 -315.13433055757014
126025 -323.66749497312503
126736 -271.001032416666
127449 -285.67490868963887
128164 -281.89908968941836
128881 -217.46354140876974
129600 -200.2982299353207
130321 -219.85312145103126
131044 -177.97818223166905
131769 -180.5533786462929
132496 -193.93867715673605
133225 -228.59404431709663
133956 -231.17944677323248
134689 -222.40485126225758
135424 -237.07022461204542
136161 -249.29553374073203
136900 -273.2407456562287
137641 -271.82582745573654
138384 -264.28074632526295
139129 -258.725469539143
139876 -310.909964459569
140625 -297.6941985361136
141376 -293.028139305271
142129 -294.31175438998525
142884 -251.99501149919888
143641 -312.53787842739257
144400 -245.46032305413428
145161 -402.90231334363216
145924 -229.1238173442871
146689 -201.1148031882558
147456 -251.08523909100495
148225 -220.5350933508853
148996 -279.32433434869836
149769 -251.32293054726233
150544 -240.89085049099685
151321 -285.6580628054953
152100 -310.17453619710795
152881 -293.3802394525319
153664 -239.90514143839573
154449 -215.1392111008463
155236 -218.28241746515596
156025 -211.05472963530974
156816 -234.53611679360802
157609 -253.47654820027765
158404 -269.16599319306715
159201 -227.32442118686868
160000 -288.9418016733216
160801 -201.2881042204317
161604 -198.13329847219393
162409 -192.5673541482065
163216 -186.4702410432974
164025 -209.7919290271584
164836 -273.46238804396216
165649 -250.71158811200803
166464 -254.0794993233476
167281 -238.4460918434279
168100 -292.02133591073107
168921 -271.2252018364161
169744 -295.40766000396434
170569 -320.5986808688358
171396 -286.9582349581051
172225 -358.706292870128
173056 -419.0328252741956
173889 -417.21780291018604
174724 -406.86119658823463
175561 -358.6929771883879
176400 -360.5531156602774
177241 -355.80158302278596
178084 -331.0283503637129
178929 -342.1633888394572
179776 -319.06666967467754
180625 -350.50816416199086
181476 -365.63784366163236
182329 -302.8556796011517
183184 -377.24164347508577
184041 -348.4157068446557
184900 -373.90784133744455
185761 -346.928018647106
186624 -308.8962105330338
187489 -253.64238882007885
188356 -255.24652539823182
189225 -317.9685922223307
190096 -282.1885613117556
190969 -277.9364047501422
191844 -237.88209468507284
192721 -201.13560332780344
193600 -238.28690295295473
194481 -197.97596589823024
195364 -176.3227645641391
196249 -162.72727141369614
197136 -198.73945897215162
198025 -185.37929982670266
198916 -203.95676662621736
199809 -186.85183208096169
200704 -209.79446896231912
201601 -231.24465010251606
202500 -196.00234839436052
203401 -234.1675367909611
204304 -267.3801883054639
205209 -195.87027601078898
206116 -254.83777303936313
207025 -237.60265258285835
207936 -212.9548878919286
208849 -219.17445227595726
209764 -207.3213191027926
210681 -171.64546179849913
211600 -222.91685384709308
212521 -152.0054687903048
213444 -156.38128022731598
214369 -218.72426181451465
215296 -200.70438726525026
216225 -215.60163034958532
217156 -296.33596489405045
218089 -183.79736478140148
219024 -217.90580395038342
219961 -153.6312563954907
220900 -149.33369616671553
221841 -110.81309736932963
222784 -207.10943416363625
223729 -152.24268076475164
224676 -104.9928114423492
225625 -125.90980052045597
226576 -137.98362237720357
227529 -109.89425144461165
228484 -83.98166220835083
229441 -102.03582920753979
230400 -142.97672703448552
231361 -135.39433033450405
232324 -163.9186138056648
233289 -184.9795521985925
234256 -241.40712031623661
235225 -275.2512930136727
236196 -240.11204519785497
237169 -274.53935182744317
238144 -360.14318791255573
239121 -325.99352851458207
240100 -292.52034874595483
241081 -297.74362376995305
242064 -252.33332880049238
243049 -245.86943910191803
244036 -246.10192998879756
245025 -213.4207768257238
246016 -284.7559550271053
247009 -252.63744005696753
248004 -204.47520742875895
249001 -175.41923270514053
250000 -169.14949149780296
251001 -175.97595946725232
252004 -134.9486123226343
253009 -87.85742582153034
254016 -113.72237576975567
255025 -113.56343802119045
256036 -124.350588477575
257049 -72.62380308830689
258064 -31.523057850286932
259081 4.371671192298891
260100 58.09040794814973
261121 -68.08682372095973
262144 0
