4 0.027518888349980737
16 0.17011676434533546
36 0.27793546268835584
64 0.3460729132461325
100 0.3654285737799402
144 0.4236261894971185
196 0.46111708242368804
256 0.4902806933718935
324 0.5002933030487181
400 0.5264401633912539
484 0.5216030394854981
576 0.5548215488589037
676 0.5485056828535145
784 0.5784265734070523
900 0.5947635425093487
1024 0.6109749666497902
1156 0.6224162092914306
1296 0.6261156323751417
1444 0.6197522230935135
1600 0.6410677026452304
1764 0.6488507980909151
1936 0.6521128763573443
2116 0.6612948375232534
2304 0.6838923146398953
2500 0.6697227632776714
2704 0.6727410798559504
2916 0.6774840672899624
3136 0.6944605671979918
3364 0.7046450025995045
3600 0.7096541233476817
3844 0.7014550931694337
4096 0.7197264105934887
4356 0.71336649898582
4624 0.7368414616092408
4900 0.7255750380479136
5184 0.7422928648304756
5476 0.7211402651761324
5776 0.7317761764848568
6084 0.7415207525411274
6400 0.7471381143506449
6724 0.7560272113280742
7056 0.7526285019288198
7396 0.7532428545658341
7744 0.759792758044921
8100 0.7658773090253636
8464 0.763824353759794
8836 0.7652356319025059
9216 0.7867402412168795
9604 0.7703801704776819
10000 0.7754883417109808
10404 0.7888066089763339
10816 0.776041445355351
11236 0.7758042586597944
11664 0.7782358582566347
12100 0.7897928483574991
12544 0.8002724414619586
12996 0.8005046506910672
13456 0.8105762344716338
13924 0.805411014620561
14400 0.8134940618665937
14884 0.8033184811291203
15376 0.8114325280199415
15876 0.8127857386904249
16384 0.819876546425567
16900 0.8175560136602308
17424 0.8111081556072629
17956 0.8207557298022071
18496 0.8380939436931358
19044 0.8252838847458337
19600 0.8176746819173986
20164 0.8256485029754418
20736 0.8408035961194481
21316 0.8313845157012357
21904 0.8214443622766329
22500 0.8312888611276682
23104 0.8297645596870242
23716 0.8334837913303731
24336 0.8436056182910558
24964 0.8487680134901092
25600 0.8498360867233881
26244 0.8534042249566374
26896 0.8586217446646952
27556 0.8558033672242685
28224 0.8536226745941585
28900 0.8625253726818581
29584 0.853066068035697
30276 0.8426950646895952
30976 0.8585601466347708
31684 0.8614659218888786
32400 0.8658322027081307
33124 0.8673663475495681
33856 0.864637680628035
34596 0.8543002504541417
35344 0.8619370761706159
36100 0.8672631086551312
36864 0.8856309838193338
37636 0.8761305415280879
38416 0.8684853637990231
39204 0.8640853593504182
40000 0.8588238841809127
40804 0.8824238352687224
41616 0.888121550095768
42436 0.8744756170650039
43264 0.8703538647343353
44100 0.8653865858629015
44944 0.8689431360892688
45796 0.8787865567148178
46656 0.8785882608034862
47524 0.8789606911184645
48400 0.8858981466280107
49284 0.9001122117241048
50176 0.8996850056002558
51076 0.8966908853330073
51984 0.9004252725734495
52900 0.9041299174767604
53824 0.9085953572988841
54756 0.9022812326497097
55696 0.9025409390658544
56644 0.9019874998225254
57600 0.9106529693274892
58564 0.9050709351724411
59536 0.9006140895350869
60516 0.8924810503052799
61504 0.9090298833674529
62500 0.9074585403039798
63504 0.9123755297721531
64516 0.9154819183270916
65536 0.9161772997753667
66564 0.9093682490180702
67600 0.9109508444967453
68644 0.9064293931404656
69696 0.9076665492709046
70756 0.9077146358740472
71824 0.9146479852650266
72900 0.9212547673997196
73984 0.9349880814872421
75076 0.9283073033231577
76176 0.9061606863360153
77284 0.9144595385019136
78400 0.9184305627425287
79524 0.913281314586339
80656 0.9180857189099022
81796 0.9407827806947681
82944 0.9389521511624974
84100 0.9316426661566332
85264 0.9235437613597268
86436 0.9120388408750222
87616 0.9069959950236633
88804 0.8969645635164998
90000 0.9157374525551847
91204 0.9224854276703004
92416 0.9225799826761175
93636 0.9245073922097387
94864 0.9256966405232526
96100 0.9307535918217755
97344 0.9372329582190959
98596 0.9483012196699454
99856 0.9490480728942458
101124 0.946998434042817
102400 0.9462140635968798
103684 0.9476217669810011
104976 0.9472437315428421
106276 0.9566493374857549
107584 0.9549924297554084
108900 0.947978519684803
110224 0.9494045038686694
111556 0.9443430218735072
112896 0.9470899003579752
114244 0.9586612200601968
115600 0.9563655668735525
116964 0.952160298052248
118336 0.9468103877999647
119716 0.9430109401953325
121104 0.937692174490533
122500 0.9428028795452008
123904 0.9516740815432173
125316 0.9512062783319131
126736 0.9561927718224419
128164 0.9560410812248796
129600 0.9580264456263995
131044 0.9621969416750972
132496 0.9572051239301489
133956 0.9555637079530983
135424 0.9559097366403349
136900 0.9516367302833162
138384 0.9481816993068768
139876 0.9304837580382789
141376 0.922767488688959
142884 0.9338644699696549
144400 0.9518754517632038
145924 0.9574595887033746
147456 0.9692376433737755
148996 0.9703112605179017
150544 0.9637505313285153
152100 0.9502661481190579
153664 0.9463171179031273
155236 0.9500478199545805
156816 0.9534381563541446
158404 0.9460607899845319
160000 0.9437081885529596
161604 0.9552248781986882
163216 0.9614291586605666
164836 0.9694421245680794
166464 0.9672713085319232
168100 0.9649877005073525
169744 0.9535412691984876
171396 0.9510677594246479
173056 0.9481469783080545
174724 0.9429831596149347
176400 0.9409254604300419
178084 0.9390907743029077
179776 0.9470603494166153
181476 0.9579620814263858
183184 0.9577676275310243
184900 0.9618787852483981
186624 0.9648524190379376
188356 0.9631184582155746
190096 0.9664269174092148
191844 0.9732214404609912
193600 0.9778829725037109
195364 0.9880571658059838
197136 0.9953129824794297
198916 0.9946342140045492
200704 0.993281367652882
202500 0.9891690821258168
204304 0.9909911014651678
206116 0.9903214537515619
207936 0.9939205193212929
209764 0.9918709193827496
211600 0.9975973857457211
213444 1.0038097954010736
215296 1.0008931474777576
217156 0.996251195116995
219024 0.9961435233806151
220900 0.9951035083347071
222784 0.9928196968204749
224676 0.9941089328110274
226576 0.9948653452822861
228484 1.0019929353154775
230400 1.0028522643054398
232324 1.0000069471575928
234256 0.9961524222077869
236196 0.9915557198484115
238144 0.9897071025524354
240100 0.9851289081886564
242064 0.9811723185543657
244036 0.981209823584685
246016 0.99615078172376
248004 0.9955492655354847
250000 0.9847400348482215
252004 0.9917443483120728
254016 0.985139497090502
256036 0.9849355345565303
258064 1.001904756775275
260100 1.001236432220395
262144 1
