1 -0.1715
4 -0.6154047376844618
9 -0.35683818224356945
16 -0.5203629014756945
25 -1.209549151611744
36 -0.9589303681344343
49 -1.0341130366045763
64 -1.426057408854167
81 -1.9530272803842506
100 -2.0020600485585214
121 -2.5095311764187738
144 -2.6503620291783614
169 -3.263229336648511
196 -3.1428292929569324
225 -3.878411920594937
256 -4.461912847222225
289 -4.386720570580065
324 -5.022357873978411
361 -5.627966439209558
400 -6.030193962680272
441 -7.256083259376094
484 -7.756662965494975
529 -8.24893954142711
576 -8.825790343275948
625 -9.398757580587208
676 -9.891343015268085
729 -11.454903285187385
784 -10.389445757982251
841 -11.733824837812271
900 -11.58933866138365
961 -13.038526130379076
1024 -12.887064236111122
1089 -15.53526563924089
1156 -13.470576473129725
1225 -14.76017434408989
1296 -15.335966505679266
1369 -15.618588187409685
1444 -15.857501060928968
1521 -15.230491828999831
1600 -17.891670924505803
1681 -18.602171308332586
1764 -18.206147356352034
1849 -19.77077382691334
1936 -21.287244901259427
2025 -19.713773290157576
2116 -21.62858940078874
2209 -23.08294055859497
2304 -22.883090279353837
2401 -26.51331758724848
2500 -24.753916375137436
2601 -27.651194803612185
2704 -28.27547473576854
2809 -29.326091204917248
2916 -28.004391912722213
3025 -27.81273675549039
3136 -29.319497376547048
3249 -33.75605674281465
3364 -31.99880874388151
3481 -32.64415781199534
3600 -33.49251856155024
3721 -36.35331544675523
3844 -38.285982436284144
3969 -39.12496270379893
4096 -36.213708333333386
4225 -40.003680038597565
4356 -43.0863468953425
4489 -45.54518608598505
4624 -42.5056826557568
4761 -47.27932927969226
4900 -46.159626039825184
5041 -44.78108021200376
5184 -49.23420606177956
5329 -53.94452464886217
5476 -55.19456363966697
5625 -53.95285712751581
5776 -59.82594546007874
5929 -59.63437507367365
6084 -55.13969833406577
6241 -57.53147338342973
6400 -59.58426399316215
6561 -64.22363942224865
6724 -63.679174280910615
6889 -64.73944839927128
7056 -63.51004670079885
7225 -66.88055908029571
7396 -73.73658028622322
7569 -75.6917098071525
7744 -77.41355176215575
7921 -76.42871479495625
8100 -75.6968119716654
8281 -72.01446068195048
8464 -75.77928254347614
8649 -86.08190330948196
8836 -83.17995277935597
9025 -80.87806471207875
9216 -82.98087674241526
9409 -85.12603029974036
9604 -90.66817052938666
9801 -89.4369462164151
10000 -87.62200971170432
10201 -90.25101686027222
10404 -96.78862693173392
10609 -99.67950255281846
10816 -99.28730964185888
11025 -97.59171734518145
11236 -98.3733979753224
11449 -98.95502695099992
11664 -95.90628273877951
11881 -97.09584679636487
12100 -91.11340351745855
12321 -96.44864017813393
12544 -98.09124688466056
12769 -101.050916522737
12996 -102.76734470807492
13225 -101.41022973829035
13456 -104.34927254605554
13689 -129.28417665346774
13924 -159.50464812759287
14161 -154.5603955371455
14400 -112.6611299102633
14641 -122.05656469334326
14884 -131.0864157109031
15129 -128.84040112643356
15376 -131.33824140420757
15625 -135.1896592720202
15876 -126.2543796848247
16129 -122.86212978923822
16384 -106.70263888888917
16641 -131.40563841057997
16900 -140.6708618712412
17161 -144.25804484564878
17424 -154.37692493488544
17689 -152.70724173552048
17956 -148.8287368094891
18225 -134.49115365464604
18496 -142.20423767597845
18769 -143.85773615745438
19044 -154.17139823449156
19321 -156.86497486702615
19600 -150.58821881316408
19881 -154.15088460339962
20164 -145.06272851538733
20449 -142.72350854924275
20736 -143.63298440336825
21025 -160.38091745078395
21316 -167.08707071594563
21609 -137.35120885204674
21904 -146.8930981187807
22201 -143.11250636055775
22500 -138.1092029851609
22801 -156.8029589428304
23104 -159.3435467057659
23409 -146.35074024803407
23716 -144.58431502586836
24025 -146.26404795836334
24336 -133.2297174085288
24649 -147.12110316472535
24964 -166.55798642244508
25281 -164.42014976644214
25600 -160.49737715320407
25921 -157.6694538937495
26244 -174.00616663674873
26569 -172.28730335195905
26896 -178.08265331396387
27225 -175.8020070862117
27556 -175.0351565053429
27889 -169.72189466580858
28224 -168.69201590475768
28561 -152.0453157871966
28900 -169.73159109141943
29241 -170.81063979468854
29584 -190.41226105917212
29929 -208.77625521812297
30276 -210.3624237623012
30625 -201.01056932663323
30976 -205.07049567709555
31329 -205.29200769782392
31684 -200.14491137844652
32041 -217.47901380162375
32400 -198.28412313080207
32761 -157.87004859817353
33124 -178.78660049283008
33489 -179.11359014911932
33856 -203.3108299351893
34225 -221.86813324172
34596 -222.0153144708379
34969 -232.9421890252138
35344 -249.6185732973281
35721 -227.3242846589178
36100 -220.95914145058305
36481 -193.87296297155945
36864 -204.16556946966102
37249 -217.6567821313647
37636 -226.0864230720622
38025 -232.25431532645916
38416 -248.68028283911872
38809 -263.32415045515563
39204 -246.09574391107026
39601 -217.93488982572217
40000 -238.11141569143592
40401 -234.63514986524888
40804 -211.24592156028348
41209 -227.5235608372509
41616 -232.01789859607652
42025 -257.1387665676566
42436 -260.42599730572874
42849 -266.29942417886514
43264 -266.8588813625752
43681 -268.07420383153476
44100 -253.51522735191747
44521 -263.2317884738377
44944 -243.93372452390213
45369 -232.19087359786772
45796 -254.2730745534027
46225 -274.4101670029477
46656 -265.7119913066799
47089 -238.78838856557195
47524 -226.74920061455032
47961 -236.9542700157408
48400 -261.5634400518229
48841 -214.51655471945014
49284 -219.48345872278878
49729 -230.6939974671168
50176 -240.21801705253165
50625 -253.71536426772036
51076 -254.31588658384135
51529 -247.65943214845538
51984 -239.7358497795658
52441 -271.88498895971316
52900 -261.086699830169
53361 -252.9308331851871
53824 -293.34724046634074
54289 -265.36577375693287
54756 -240.9162857764677
55225 -371.42862987521676
55696 -291.80266002881854
56169 -233.32823083298445
56644 -246.32519749824678
57121 -240.73341584478294
57600 -224.47274229730374
58081 -274.9930338800041
58564 -288.5141482115787
59049 -309.36594350029736
59536 -302.4982785391421
60025 -331.2810127010089
60516 -335.7740059339576
61009 -327.50711875652814
61504 -328.40021225311466
62001 -343.1931480693938
62500 -317.515788407798
63001 -298.1079960230636
63504 -296.8696342178155
64009 -306.340566838212
64516 -298.8706582696377
65025 -254.54977343245173
65536 -227.76777777777897
66049 -250.92453728336113
66564 -266.4399184494496
67081 -306.94378829473953
67600 -331.8960143523691
68121 -339.74646466595004
68644 -324.9450077856445
69169 -345.3015127642966
69696 -372.85584915360414
70225 -341.3878870003218
70756 -360.11749684252663
71289 -348.5645497059195
71824 -338.8389171001536
72361 -341.94047101522756
72900 -300.47908391790133
73441 -327.64462874816127
73984 -317.2569789157196
74529 -373.07600829655166
75076 -338.55159122948044
75625 -350.51360251278584
76176 -370.31191740085706
76729 -361.54641160088795
77284 -357.06696126959196
77841 -344.4934430099711
78400 -356.0057338681072
78961 -341.96371132998956
79524 -363.2872533183827
80089 -321.9162381897222
80656 -340.6805447310371
81225 -337.59005215692287
81796 -443.4746401065304
82369 -311.9041886405903
82944 -345.958578238472
83521 -309.7876897952783
84100 -333.75140461894443
84681 -366.16960442740674
85264 -386.74217134576975
85849 -356.5089879035095
86436 -335.91993703172193
87025 -427.4649020603665
87616 -353.23376671557526
88209 -359.63641511696005
88804 -353.6827317749685
89401 -355.792601588244
90000 -361.5359098410354
90601 -369.1225422006155
91204 -375.19238471473545
91809 -377.4853238091018
92416 -337.01124628487196
93025 -334.13003931618005
93636 -316.20159044770116
94249 -311.1857875922069
94864 -322.8925190281716
95481 -318.67167339739535
96100 -408.0031397026469
96721 -316.84680730533364
97344 -314.1125659231766
97969 -315.0403056279538
98596 -295.5099168432007
99225 -343.7912903419874
99856 -343.3243172446855
100489 -421.5088890167717
101124 -385.6448974666473
101761 -376.33223474347506
102400 -360.2707933350375
103041 -389.96046606562595
103684 -353.5011460939313
104329 -331.99272691096667
104976 -358.63510233801026
105625 -336.1281665245551
106276 -319.0718139463006
106929 -420.9659394031314
107584 -339.0104380171397
108241 -366.5052052306619
108900 -352.6501368043191
109561 -382.74512881509145
110224 -311.2900776544029
110889 -333.98488002622435
111556 -304.22943294519064
112225 -280.12363373474545
112896 -324.76738002527964
113569 -265.66056975232095
114244 -255.50310115469802
114921 -294.69487277277403
115600 -284.5357834466231
116281 -359.2257323143094
116964 -326.4646188101051
117649 -367.0523426627624
118336 -383.7888038938072
119025 -436.673902815819
119716 -364.8075400307498
120409 -422.78961642823924
121104 -428.9200331839711
121801 -426.7986917580092
122500 -533.8254938931768
123201 -395.10034161343356
123904 -424.1231372222719
124609 -414.69378330112704
125316 -424.0121827078001
126025 -432.27823857489784
126736 -374.69185430827383
127449 -331.8529335855019
128164 -392.0613803543347
128881 -325.11709883121875
129600 -324.6199934997694
130321 -313.8699691093043
131044 -264.06693067334527
131769 -249.3107834681923
132496 -257.40143303143304
133225 -335.4387851605388
133956 -372.62274591141795
134689 -316.2532215970132
135424 -344.1301187858953
136161 -397.8533443008655
136900 -347.2228052175851
137641 -439.9384088632014
138384 -426.6000628149941
139129 -489.50767489902137
139876 -448.1611531887993
140625 -588.3604060039561
141376 -492.80534190893195
142129 -486.7958697116719
142884 -482.8318984623329
143641 -424.01333745199736
144400 -455.84009621140103
145161 -403.6120845096775
145924 -411.1292123530893
146689 -407.09138998380513
147456 -326.39852787864584
148225 -330.5505367478727
148996 -400.64732753397584
149769 -344.88881141046113
150544 -429.4748997806528
151321 -433.6055042765256
152100 -568.3805367574969
152881 -432.19990930928907
153664 -451.2635342427584
154449 -618.7713240927351
155236 -447.4231916168992
156025 -490.0190497946387
156816 -434.558811825922
157609 -460.3423911301925
158404 -389.36970134525836
159201 -448.54065632618585
160000 -341.9551701442142
160801 -393.9131570856807
161604 -296.9145316509348
162409 -304.25920855328513
163216 -311.94710271791337
164025 -315.0781292808715
164836 -335.45220358798906
165649 -345.2692411938733
166464 -388.1291578608689
167281 -337.53186955803176
168100 -357.77729246013405
168921 -436.46534294664525
169744 -393.4959376007391
170569 -425.6689932083027
171396 -428.8844267569657
172225 -417.0421554350942
173056 -537.6420966308542
173889 -362.684167931242
174724 -410.66828712111237
175561 -447.1943721822572
176400 -408.46234129243385
177241 -413.37211282446515
178084 -376.0236053452754
178929 -352.9167376150035
179776 -355.05142858605905
180625 -313.5275974022443
181476 -353.8451633978184
182329 -314.00404609663383
183184 -426.7041652112275
184041 -363.74544064193833
184900 -430.5277924760412
185761 -346.25114098687845
186624 -358.415406632972
187489 -331.3205100572013
188356 -376.96637208591346
189225 -331.25291372810534
190096 -271.78005617456074
190969 -274.7477207970478
191844 -333.75582914743427
192721 -265.30430295693805
193600 -276.09306413524246
194481 -254.82203476971335
195364 -201.0911371246002
196249 -204.80029364022266
197136 -229.74942693217236
198025 -348.2384597905293
198916 -459.667315179071
199809 -278.73591623450193
200704 -289.84418626568004
201601 -245.09204875281648
202500 -343.27942734676253
203401 -342.2062458682012
204304 -305.37242830693503
205209 -349.5778988211023
206116 -324.32258173645823
207025 -303.2064015456126
207936 -326.029282907326
208849 -302.891150645748
209764 -308.9919297497145
210681 -387.4315453720228
211600 -321.2099228287043
212521 -289.6269875983344
213444 -327.38266532131456
214369 -357.7768817991637
215296 -293.9095629938347
216225 -444.9806350270228
217156 -355.5900241794734
218089 -357.1376568902888
219024 -350.9234597562645
219961 -326.54735953121053
220900 -294.90928312527103
221841 -273.9091576042738
222784 -268.1469101890616
223729 -182.0224682548287
224676 -183.2357593304696
225625 -221.18671109795832
226576 -219.075251391645
227529 -210.4013081976591
228484 -169.96480965326919
229441 -271.0656840462543
230400 -172.40385981421423
231361 -211.97926554404694
232324 -323.69182997124153
233289 -265.5414819793077
234256 -303.4281505991312
235225 -273.3517650084068
236196 -359.3122545309743
237169 -391.10954863627194
238144 -620.8435769386888
239121 -572.4142691970264
240100 -477.3215553138616
241081 -446.36536533495746
242064 -497.1456294487216
243049 -521.0622779855839
244036 -459.01524141744085
245025 -467.10445035707744
246016 -444.5298355576015
247009 -449.2913279118511
248004 -450.08885845188706
249001 -458.5223583483712
250000 -429.99175891005507
251001 -397.9969915831898
252004 -395.0379879510292
253009 -294.71467973322433
254016 -283.92699878532585
255025 -381.9748770982005
256036 -265.0582467975619
257049 -269.57704014335104
258064 -213.33118952929
259081 -175.52062748228127
260100 -149.7452866619351
261121 -96.60509986003308
262144 -3.637978807091713e-12
