4 -0.6756689181857639
16 -0.5848513454861112
36 -0.8171658994661782
64 -1.2346080729166666
100 -1.9096607089763482
144 -2.2312446525522125
196 -2.739926401558858
256 -3.3152430555555554
324 -4.305303817344332
400 -4.835034654481783
484 -6.189004705533524
576 -6.38430282895885
676 -7.927946645077075
784 -8.128313570645158
900 -8.960087275644717
1024 -9.653715277777774
1156 -10.390374782875156
1296 -11.093444761564832
1444 -12.989982830091037
1600 -13.516705892232686
1764 -14.070473767950588
1936 -16.160775224043824
2116 -15.85771595858349
2304 -15.837008190835405
2500 -18.09246158271499
2704 -21.54947527388468
2916 -21.353030855437552
3136 -20.286686140219516
3364 -22.60106961370724
3600 -20.282375469766365
3844 -23.56085915186155
4096 -21.29883333333335
4356 -23.560664280912434
4624 -25.489768554243682
4900 -28.81761000125175
5184 -34.70969701500931
5476 -41.10258002261162
5776 -36.9018491806072
6084 -34.394132254930895
6400 -42.16609266615299
6724 -35.80442768328956
7056 -45.22186675148987
7396 -45.83716994068618
7744 -45.93112650381411
8100 -47.965553534520694
8464 -47.033294715410335
8836 -53.195219148866954
9216 -47.17222026334167
9604 -56.587214788749066
10000 -64.6331417952697
10404 -60.559961790430066
10816 -74.39365586984428
11236 -67.83522491744588
11664 -76.62268885143772
12100 -71.07808591254053
12544 -74.67747199143366
12996 -82.56991999256275
13456 -70.77851923173864
13924 -73.61337486517493
14400 -72.96960734781544
14884 -105.36735191897986
15376 -104.97275811352256
15876 -96.139989296843
16384 -75.74022222222226
16900 -86.23864660907725
17424 -102.73346474083712
17956 -105.70089108124034
18496 -100.33915190794698
19044 -107.93948496243775
19600 -117.15913911525035
20164 -111.1023740456668
20736 -111.26745993503732
21316 -130.23567717297135
21904 -146.57531607568956
22500 -131.6336766158745
23104 -137.23406816340105
23716 -126.86280923637048
24336 -117.5892272619111
24964 -113.69865834623738
25600 -143.56444705350077
26244 -145.05294619298513
26896 -129.1975166142347
27556 -135.64252700972474
28224 -137.84735372470948
28900 -135.48138057389951
29584 -159.82399866465437
30276 -168.0846062263738
30976 -158.9526084458123
31684 -161.3074173080347
32400 -157.4384514427702
33124 -147.24513597591294
33856 -151.5969023859468
34596 -162.68318836507933
35344 -172.01343768487754
36100 -166.25710006621875
36864 -154.43363105336653
37636 -166.45249189200672
38416 -165.92314941107293
39204 -182.82507590820796
40000 -177.23774903871777
40804 -157.5306517078693
41616 -168.0232719664075
42436 -191.76510290915803
43264 -216.8556425765994
44100 -220.06439385928752
44944 -207.98086440502652
45796 -197.1145665286756
46656 -201.34501712450083
47524 -204.23173758097005
48400 -193.80425369790532
49284 -176.72209560590568
50176 -184.4647976879569
51076 -197.47189850315044
51984 -192.10294071243857
52900 -180.59747100634831
53824 -184.2050400345936
54756 -196.00520233751286
55696 -194.7175162792762
56644 -190.02154398279072
57600 -180.6768512662618
58564 -214.76300758134357
59536 -238.42958595282926
60516 -246.52616291982986
61504 -238.20231847839614
62500 -239.23763602553254
63504 -230.0717023045595
64516 -212.6241073517872
65536 -188.24444444444453
66564 -195.60231004984234
67600 -206.1873037757191
68644 -239.93902832173762
69696 -232.6070894320983
70756 -254.42109584923128
71824 -231.64065926853755
72900 -205.02539429415037
73984 -197.26491839567643
75076 -204.12885186590574
76176 -218.0768177794389
77284 -219.98844195222455
78400 -236.82335290197352
79524 -236.82118180941825
80656 -207.28156248040978
81796 -179.29413130880585
82944 -198.80852724014903
84100 -251.83439173610395
85264 -274.0213687396281
86436 -306.4491046408639
87616 -256.4472482437304
88804 -305.18545073319046
90000 -249.39336564318546
91204 -251.36064882520532
92416 -305.276958417493
93636 -247.89195481485285
94864 -250.84530063905822
96100 -256.37666070983187
97344 -231.60570201639393
98596 -201.94209368955762
99856 -211.51550697435914
101124 -230.6556152032099
102400 -274.15209376955863
103684 -234.68462010204166
104976 -229.0328736391275
106276 -194.2565358042234
107584 -255.3452899812437
108900 -229.20882149063164
110224 -212.14681756580922
111556 -224.2889673300624
112896 -211.64496177383717
114244 -197.24449373244806
115600 -209.18725786417417
116964 -239.7029506287563
118336 -293.89127026625556
119716 -299.46191677630213
121104 -319.4045918976826
122500 -292.488999088303
123904 -270.8148435054718
125316 -274.81183198654435
126736 -273.51967302988123
128164 -258.3680767761325
129600 -242.79675498983124
131044 -127.53542104130884
132496 -196.61378988889555
133956 -216.8515780614216
135424 -212.38850364101017
136900 -221.65428624614287
138384 -246.28864701500515
139876 -267.94130858910466
141376 -260.3519950971495
142884 -237.88043213917626
144400 -181.33634677095142
145924 -191.2294674885943
147456 -143.1695242134656
148996 -158.62624827727632
150544 -189.16937240743664
152100 -203.26863071262687
153664 -210.3337586685966
155236 -197.51449310417865
156816 -245.5405721875195
158404 -233.34173541250675
160000 -199.47772358542625
161604 -173.5382788117895
163216 -140.16314448338653
164836 -132.02206526551072
166464 -127.31478708438135
168100 -217.13105711475328
169744 -276.33062376770795
171396 -227.07323667861783
173056 -258.9486466952867
174724 -357.60660586626545
176400 -338.9768674293373
178084 -348.73918580016107
179776 -292.13331656107675
181476 -225.26901645008184
183184 -208.12604334994649
184900 -270.66415627748665
186624 -286.1931153730029
188356 -245.7526818898432
190096 -232.62261818412208
191844 -321.63268770458217
193600 -318.8026549825936
195364 -209.53228562228196
197136 -229.26134629081025
198916 -257.93960470876846
200704 -199.10682964071566
202500 -80.66279088582542
204304 -183.0272592686788
206116 -309.7300066301632
207936 -272.0708058185028
209764 -171.5394306804028
211600 50.48434394769902
213444 -158.0492577517598
215296 -113.770012568928
217156 -89.81769825816991
219024 -143.29209352974067
220900 -123.13297804161812
222784 -57.7101323914103
224676 -106.68333810838158
226576 -68.82237764557067
228484 -33.31703437201031
230400 -62.417092565046914
232324 -118.59233740275704
234256 -170.59255495645084
236196 -240.18753218328857
238144 -240.58705691895557
240100 -219.84091787046418
242064 -268.0589046090081
244036 -76.04080756293843
246016 -239.68641801080594
248004 -203.71552807447915
250000 -84.44793071237109
252004 -179.38341971272166
254016 -174.9217896869868
256036 -149.36283606327743
258064 -34.306355079890636
260100 -54.052143778937534
262144 0
