4 -0.41518166775173615
16 -0.5449533420138888
36 -1.0735226386209138
64 -1.490220052083333
100 -2.774773466345845
144 -3.4256305935461544
196 -4.356493230149342
256 -5.288506944444444
324 -6.716192407285824
400 -7.974760640556994
484 -9.886647483812204
576 -11.53718253043462
676 -13.347345201803876
784 -14.60257979993765
900 -16.34515191849482
1024 -19.729534722222212
1156 -19.36181733979805
1296 -21.609629980705805
1444 -22.850081935593067
1600 -27.890709662922404
1764 -23.145432885253257
1936 -28.395517127089093
2116 -29.208541492248116
2304 -31.19937074673848
2500 -32.750130972457185
2704 -35.4171882073891
2916 -36.14112960285084
3136 -37.72374671711168
3364 -41.32802063408934
3600 -41.40910865054181
3844 -48.27333231875059
4096 -44.65616666666665
4356 -52.61823044579984
4624 -52.16527728019912
4900 -56.681187608803214
5184 -58.77996132907322
5476 -63.07971106280638
5776 -62.11465597587926
6084 -60.31811609277878
6400 -67.62650705446742
6724 -71.56933527465213
7056 -72.14719345507558
7396 -80.35875642519761
7744 -87.49877727571743
8100 -71.82708375889354
8464 -78.43357493166604
8836 -73.53221802022426
9216 -68.68804548695391
9604 -84.69915228271714
10000 -86.81669326916892
10404 -93.14888079736102
10816 -85.29998243025102
11236 -91.88631879793195
11664 -96.33026157546578
12100 -79.89323157415049
12544 -95.0706969378914
12996 -119.04017143709689
13456 -103.51921285319759
13924 -88.80542144747051
14400 -92.54643850841717
14884 -145.7299449723953
15376 -140.68366011267608
15876 -113.4153402924619
16384 -127.00277777777774
16900 -149.22379960645958
17424 -157.85626650976178
17956 -162.56807188336575
18496 -151.07714080482424
19044 -174.50142909468082
19600 -169.93892241872027
20164 -171.15763542897366
20736 -173.59561094129276
21316 -187.11091914742997
21904 -137.23165685973208
22500 -136.14594678667027
23104 -134.12193683754435
23716 -156.14779945482496
24336 -125.37173097267714
24964 -128.44195100032448
25600 -149.16670182898042
26244 -141.45424786116337
26896 -144.6628750612822
27556 -151.01089042645208
28224 -203.78662147655177
28900 -178.2284157626068
29584 -198.7946403926303
30276 -215.19368157410145
30976 -202.56394417231468
31684 -170.14385128387084
32400 -163.22184382463684
33124 -146.20638013150256
33856 -166.6259355773591
34596 -196.76900219868776
35344 -236.26408833523737
36100 -241.8897182812584
36864 -177.23443194781566
37636 -250.51678453570412
38416 -248.89534621854273
39204 -245.7187018356076
40000 -266.5554505940372
40804 -213.14420578000136
41616 -271.00359447850633
42436 -270.5722573014732
43264 -206.22884812378152
44100 -239.1820338269581
44944 -218.000494050234
45796 -193.84292094867214
46656 -190.18801895811248
47524 -228.80450456668223
48400 -299.45110609260973
49284 -273.57656346814747
50176 -215.1196280293425
51076 -206.37906231147554
51984 -221.36363984995114
52900 -216.34214498644542
53824 -239.52337268015071
54756 -358.2661283239022
55696 -230.99922756505566
56644 -188.90149613092944
57600 -250.04176965866918
58564 -324.8888935293844
59536 -265.47172270642113
60516 -323.75912157761013
61504 -268.9299638013981
62500 -265.11313215670634
63504 -251.43751839640845
64516 -287.0420231043181
65536 -205.73555555555504
66564 -210.24703358020815
67600 -269.6953834301794
68644 -302.91953964910863
69696 -350.0084449452961
70756 -492.44105006751306
71824 -474.27631368363564
72900 -436.723202262001
73984 -284.8706899554081
75076 -371.78775848769146
76176 -317.41339704278744
77284 -434.9066021562121
78400 -335.1263776089081
79524 -362.6817343233515
80656 -245.72169026190113
81796 -239.00527032728132
82944 -387.4415062651706
84100 -357.61943656883705
85264 -329.52810638572555
86436 -340.43656742600433
87616 -262.0238778729563
88804 -280.20910229520996
90000 -315.2613115607437
91204 -463.0495827525974
92416 -283.77299908628993
93636 -237.85064982885342
94864 -243.13163021947366
96100 -277.74504139165947
97344 -382.8199902969591
98596 -215.4255896301056
99856 -240.07095775563903
101124 -331.19521863589216
102400 -252.31750176036803
103684 -362.63694207640947
104976 -313.3526799212141
106276 -300.4638609550657
107584 -243.66963609582308
108900 -294.26916145460564
110224 -378.0615982726504
111556 -447.3461128593153
112896 -327.3218765312067
114244 -453.9880655523739
115600 -256.34386107560204
116964 -281.188449084706
118336 -561.0210203378829
119716 -362.5407703120145
121104 -436.74689914796727
122500 -383.13861159682347
123904 -382.91511696703674
125316 -512.7756290724992
126736 -388.41936618148975
128164 -258.0455509664862
129600 -476.35341045479436
131044 -365.4421759800589
132496 -428.61108313451587
133956 -330.7593717220898
135424 -535.2862857122127
136900 -422.2910731944521
138384 -473.5729863338165
139876 -427.33128132683123
141376 -439.26521835831045
142884 -637.4740615587943
144400 -297.05707896270724
145924 -329.81354246712726
147456 -248.04272779126222
148996 -426.443914436506
150544 -362.21638564715795
152100 -343.5594283717346
153664 -595.0723332248654
155236 -390.75439444980657
156816 -443.5049098814943
158404 -526.5231809101751
160000 -450.00851244559453
161604 -349.8602128816856
163216 -226.77759406184487
164836 -513.2599712446827
166464 -490.7066630702757
168100 -327.516991526958
169744 -343.19028191856705
171396 -469.32586283216006
173056 -488.8230661062371
174724 -480.0812267993824
176400 -361.9996831593926
178084 -571.1777765928236
179776 -483.41485163496327
181476 -284.01025592027145
183184 -269.1633401531981
184900 -289.97345807940656
186624 -382.2399664574514
188356 -363.56222503079334
190096 -417.13959650023025
191844 -286.5714464966986
193600 -468.25714355447053
195364 -375.3960590846473
197136 -219.4875673491515
198916 -338.1310454349041
200704 -357.6258732284841
202500 -341.9714333910306
204304 -383.86711133357676
206116 -616.5122951926169
207936 -482.0063758060496
209764 -399.64874668945413
211600 -385.2388040126207
213444 -349.6759465764335
215296 -358.65957579004316
217156 -348.6890956483403
219024 -314.5639127096729
220900 -335.7834360739507
222784 -149.94707736092096
224676 -474.0542506887796
226576 -265.1043726530588
228484 -242.89686230573716
230400 -404.5311411346702
232324 -419.3066330432339
234256 -396.92276433020743
236196 -311.27896367001813
238144 -491.4746620930455
240100 -423.9092929663493
242064 -497.7822919745049
244036 -605.9930971007598
246016 -519.0411486083685
248004 -481.825889022155
250000 -575.4467631103325
252004 -342.9032178664929
254016 -451.7947024918867
256036 -256.3206683778044
258064 -432.1805690882793
260100 -302.5738603429272
262144 3.637978807091713e-12
