1 -0.131875
4 -0.12227123684353297
9 -0.19422980401173928
16 -0.26185789474826393
25 -0.3610978296723344
36 -0.3681713476387539
49 -0.40551389033512053
64 -0.3983313684895833
81 -0.5683824722113067
100 -0.48516523977766246
121 -0.4688567680375214
144 -0.5938179169222031
169 -0.7504322502036547
196 -0.7551591666735982
225 -0.9287385673444915
256 -0.6625566319444445
289 -0.71937241668887
324 -0.9651050731713986
361 -1.3462815457387864
400 -1.1417446434639484
441 -1.247981409591309
484 -1.0751817302175768
529 -1.0883571375648975
576 -1.0747197731575628
625 -1.3879914836167222
676 -1.713583027371694
729 -1.8764733748526385
784 -2.106849088026859
841 -3.083883767717115
900 -1.9976475591728873
961 -1.6461767079836278
1024 -1.280283159722222
1089 -1.7182441977581444
1156 -1.7341021145365119
1225 -2.2147039123224026
1296 -2.3380010299902825
1369 -2.928849092920876
1444 -3.3462076834705563
1521 -3.754940129816829
1600 -3.0901133112689863
1681 -3.6096974783751676
1764 -2.931966086363282
1849 -2.6689956406295927
1936 -2.9028655531402734
2025 -1.6864580087417558
2116 -1.896957840488536
2209 -2.633452413195279
2304 -3.2062315145052516
2401 -3.820787252841818
2500 -3.0470139616750025
2601 -3.7930081095924777
2704 -4.770368215715074
2809 -6.321394770041433
2916 -5.039090158346106
3025 -6.154458591290499
3136 -6.496006037437297
3249 -6.671440159886956
3364 -6.0272702562797065
3481 -4.946907201928845
3600 -5.660763395871243
3721 -4.09245270963855
3844 -4.065690438569703
3969 -2.945493255498789
4096 -3.8058791666666636
4225 -2.111267469715891
4356 -3.780978713639996
4489 -3.1071346605674606
4624 -4.861458249270186
4761 -4.347473560294141
4900 -5.927005782617506
5041 -5.36918118174831
5184 -6.138727069179872
5329 -8.479071773128162
5476 -8.34024461048017
5625 -9.00627585988753
5776 -10.332696735943856
5929 -10.371439364388138
6084 -11.21123675828099
6241 -13.458022795103005
6400 -9.250132194728735
6561 -12.65450049823167
6724 -11.87606404747963
6889 -8.459959965480834
7056 -9.650426137445322
7225 -12.974501192526404
7396 -9.243324486210852
7569 -9.252236083326764
7744 -8.400276741640937
7921 -7.5125878960188714
8100 -5.2558116431213335
8281 -5.728690726614474
8464 -5.090668522869947
8649 -7.130789027134071
8836 -7.7619968401454855
9025 -9.613237155182404
9216 -12.75545574552099
9409 -8.777598952287832
9604 -11.919613672689962
9801 -14.768447348607339
10000 -12.23004795553247
10201 -14.28536399184378
10404 -17.341344468399228
10609 -18.855938898437174
10816 -19.476097287773484
11025 -18.927770125282223
11236 -21.352908373649882
11449 -27.276463460392677
11664 -21.84238726912662
11881 -22.61163213108148
12100 -24.957150816849293
12321 -29.466896528358944
12544 -28.312822891068635
12769 -23.374883946368698
12996 -25.400034144186492
13225 -27.265228335787356
13456 -27.040421766763757
13689 -20.863570070206862
13924 -20.348629260053713
14161 -22.97455572460447
14400 -25.02430622020367
14641 -19.45483786508018
14884 -20.56510813334043
15129 -18.17207484911026
15376 -20.08969618081963
15625 -16.51993063562705
15876 -13.608737053977592
16129 -11.245074604291318
16384 -12.466902777777761
16641 -15.203181383372197
16900 -13.29287054279041
17161 -15.036930685697826
17424 -20.08932254498967
17689 -16.360007152179094
17956 -16.036945832889444
18225 -20.646100202447798
18496 -23.352432161577298
18769 -17.93690389218392
19044 -20.179477853237074
19321 -22.90611677673897
19600 -25.97678366378176
19881 -20.758441780689566
20164 -24.118054655243043
20449 -25.642586072983363
20736 -28.87100007359453
21025 -33.361260947361075
21316 -38.72133323169993
21609 -38.465181707762326
21904 -39.83277139710725
22201 -41.74806755844094
22500 -44.05303568442321
22801 -54.2076414985371
23104 -53.98085095202191
23409 -45.50263022086614
23716 -47.87794570285962
24025 -55.15776401470407
24336 -59.774051989178645
24649 -65.29677667236103
24964 -59.993905320901376
25281 -49.49340539934843
25600 -47.479244577526
25921 -55.14739072795879
26244 -57.274811923346704
26569 -53.23147643408561
26896 -59.46235272583431
27225 -52.40040945712582
27556 -45.04261547702208
27889 -44.25293982281204
28224 -42.41335171775006
28561 -43.75582056883536
28900 -55.2813159646314
29241 -49.39680767312336
29584 -42.02926563961336
29929 -42.19165998465223
30276 -44.19296100200813
30625 -43.27813915666968
30976 -39.32316508288329
31329 -32.45900958222404
31684 -27.72464362170018
32041 -22.81303833188872
32400 -22.641165005102494
32761 -25.79699509358818
33124 -27.22950020775454
33489 -23.570652114428754
33856 -36.811422735143026
34225 -39.200784144447766
34596 -43.892708568253
34969 -41.031168382196995
35344 -32.85113611003936
35721 -29.629584422082246
36100 -32.4144861336149
36481 -36.489814203383105
36864 -47.32954173208395
37249 -40.598641960882674
37636 -35.99308826995315
38025 -44.31185417704137
38416 -47.01591333605063
38809 -57.5532395356488
39204 -57.4298066978962
39601 -47.402588876895265
40000 -47.26556025745981
40401 -48.00469515380473
40804 -53.758968008255124
41209 -63.019353389975095
41616 -63.78282599371403
42025 -67.92736063857342
42436 -71.00193226679005
42849 -69.39451594253796
43264 -81.08308685074678
43681 -83.27162029593842
44100 -71.13409170108002
44521 -78.69647660645239
44944 -88.85675066853616
45369 -97.10388965891241
45796 -88.38286946317987
46225 -83.49166607988616
46656 -63.27925561947518
47089 -66.34061430324857
47524 -72.06971846234137
47961 -85.81754453671192
48400 -84.53206907414642
48841 -92.74926872927529
49284 -109.69812026260558
49729 -97.78160053956356
50176 -85.30568652955242
50625 -72.07235530502123
51076 -65.4345840405474
51529 -72.32235001193112
51984 -76.17063059530074
52441 -70.5164032662309
52900 -85.15364559887314
53361 -74.3213352650954
53824 -77.38545003363492
54289 -67.23396776926143
54756 -52.65686643195045
55225 -54.355124076068705
55696 -46.10571884956812
56169 -45.66062899319172
56644 -50.10383283968849
57121 -47.79730881303897
57600 -54.60403542768984
58081 -58.15699128779852
58564 -58.33015508648714
59049 -49.394505605106474
59536 -35.13102171250671
60025 -48.21768236432035
60516 -41.28646660225138
61009 -35.44635355337425
61504 -69.03032242944164
62001 -54.5073525261995
62500 -27.252423222711172
63001 -16.135513980690348
63504 -19.63060434383999
64009 -15.439673937201519
64516 -1.8007024665088238
65025 -5.338669717553898
65536 -18.39955555555548
66049 -21.452339924538933
66564 -7.654002846721255
67081 -1.6105244219029373
67600 -2.825884826869242
68121 -21.10306431479512
68644 -21.654043214660874
69169 -25.098801930669765
69696 -38.89732094167732
70225 -38.19958080062338
70756 -20.695562133971407
71289 -14.925245641156494
71824 -17.43861209403576
72361 -26.085642336348656
72900 -24.53631728317987
73441 -39.16061792043047
73984 -47.94852530429512
74529 -36.27002056074298
75076 -25.46508488500649
75625 -18.493699541074193
76176 -23.91584586119052
76729 -34.63150524536013
77284 -49.72065916085671
77841 -65.25328914173951
78400 -56.7593767883734
78961 -39.89890376695348
79524 -54.90185180903745
80089 -81.93820271107938
80656 -79.9979383339712
81225 -43.25104060258832
81796 -51.01749150533942
82369 -63.617273093720996
82944 -61.87036748187779
83521 -70.52675684616679
84100 -87.36642342472555
84681 -78.2293495170452
85264 -85.71551748354864
85849 -77.25490974517288
86436 -83.14750878295354
87025 -105.16329713761729
87616 -97.50225740917585
88209 -100.60437225652254
88804 -99.87962439703983
89401 -110.6879966062013
90000 -105.48947171718487
90601 -130.14403262048813
91204 -144.88166226354383
91809 -128.13234365034646
92416 -107.62605984107381
93025 -87.26279395172037
93636 -89.99252915372813
94249 -93.55524867362578
94864 -104.86093579266662
95481 -111.42957384647639
96100 -119.43114622469602
96721 -129.9856363706374
97344 -130.7130277809331
97969 -149.76330400519828
98596 -174.47644864568838
99225 -170.95244535696543
99856 -146.491277845563
100489 -137.67292986966004
101124 -112.50738523875111
101761 -107.62462781332647
102400 -84.74464150454855
103041 -111.27741027393677
103684 -117.76291813305352
104329 -117.26114914319169
104976 -129.40208741506626
105625 -112.55571710851018
106276 -102.40202243217027
106929 -120.83098764320744
107584 -139.0525970470003
108241 -116.60683499685024
108900 -129.98368589368874
109561 -91.46313418579007
110224 -69.26516436848351
110889 -73.89976098386956
111556 -79.7169086205397
112225 -81.50659191329578
112896 -67.36879554287498
113569 -89.93350423567631
114244 -78.88070276348662
114921 -89.81037594321697
115600 -91.97250863662907
116281 -81.5570857500768
116964 -79.49409223424186
117649 -60.633513083873595
118336 -55.065333337533275
119025 -54.5795380773377
119716 -51.00611242870741
120409 -55.325041560115096
121104 -55.30631068283719
121801 -26.479905050708567
122500 -52.93580995987668
123201 -57.77401074856061
123904 -64.25449279681084
124609 -44.8872415262706
125316 -29.352242399940906
126025 3.5105190780541307
126736 -6.908942637299788
127449 -5.820613131680375
128164 17.615521968804387
128881 42.79947699783793
129600 35.5012662491215
130321 22.500903976595737
131044 17.018404394663094
131769 -15.236218321596425
132496 4.407049963795316
133225 -0.7417766520741225
133956 21.51731588920893
134689 -7.025658392406513
135424 5.669314484775441
136161 15.542248464404565
136900 -4.176842547707565
137641 -5.087944683383739
138384 -72.11104411187989
139129 -110.83612703967765
139876 -45.7531797102929
140625 -31.40218840406942
141376 -23.313139437987502
142129 -1.676019165465732
142884 4.259186023828988
143641 -10.797510295821212
144400 -8.166094585999872
145161 -3.756553343964697
145924 -8.39887310245922
146689 -37.18304042952877
147456 -52.4490419283361
148225 -45.83686423697418
148996 -27.37649402829129
149769 -24.69791800970279
150544 10.238877076979861
151321 -6.176095544267355
152100 -21.022822683507457
152881 -73.62129118466737
153664 -28.211487925365873
154449 -52.523399816737765
155236 -70.23701380326656
156025 -86.16231686261426
156816 -73.09929600545183
157609 -67.25793827529333
158404 -48.838230748330716
159201 -28.360160533267845
160000 -38.68371477115852
160801 -31.628880635244514
161604 -30.515645330794996
162409 -55.58399609494518
163216 -55.093920196540694
164025 -84.93540493597811
164836 -91.47843764505114
165649 -115.47300568679293
166464 -124.2290964553249
167281 -104.7466973757032
168100 -115.92579590376727
168921 -116.81637952598976
169744 -111.38843575932606
170569 -110.74195215106829
171396 -128.09691627869688
172225 -136.20331574973352
173056 -157.511138201598
173889 -140.27037130146437
174724 -152.0710027461182
175561 -151.68302026181118
176400 -133.22641160412468
177241 -141.61116455782894
178084 -143.96726693674145
178929 -173.26470658359494
179776 -163.25347136989058
180625 -220.7535491957765
181476 -239.00492798989717
182329 -217.97759570927292
183184 -206.30154033915596
184041 -202.25674989290656
184900 -253.52321241185655
185761 -168.68091596518389
186624 -126.28984864977565
187489 -163.10999859011008
188356 -174.82135393811905
189225 -149.95390287306827
190096 -183.61763360142686
190969 -185.81253435674626
191844 -188.11859339953253
192721 -199.50579901712763
193600 -220.62413952358202
194481 -190.8036032595346
195364 -214.92417859209536
196249 -264.4458539147222
197136 -322.22861764710206
198025 -320.3224582350326
198916 -387.7473641503061
199809 -304.70332389059195
200704 -244.28032597932042
201601 -220.55835896556755
202500 -233.01741142394167
203401 -226.72747195446937
204304 -212.5185291824805
205209 -225.97057175850068
206116 -252.5635883581358
207025 -221.0475676819633
207936 -221.97249845542137
208849 -163.0283694287009
209764 -194.77516937663677
210681 -246.8228870985995
211600 -238.7215114183873
212521 -260.67103118412297
213444 -263.14143526814496
214369 -256.8227125669041
215296 -255.61485200085872
216225 -188.67784251437251
217156 -171.2416730756081
218089 -273.7663326764282
219024 -181.04181033229406
219961 -200.35809508216198
220900 -135.46517598838454
221841 -167.51304213661024
222784 -153.18168263568623
223729 -173.10108661755794
224676 -208.57124323717107
225625 -155.13214167237857
226576 -156.95377112383676
227529 -169.33612081491628
228484 -125.9791799916029
229441 -182.9729379224068
230400 -197.5273838982589
231361 -196.2325072324311
232324 -120.13829726043286
233289 -148.60474333992215
234256 -108.32183485061387
235225 -103.70956119419043
236196 -69.06791179420497
237169 -60.416876095999214
238144 -76.38644356660689
239121 -124.94660369467056
240100 -107.18734599034997
241081 -96.36865998523126
242064 -67.29053523224775
243049 -55.23296130558583
244036 -50.315927800601
245025 -82.33942433373295
246016 -95.7734405424194
247009 -98.88796608501025
248004 -92.55299064068595
249001 -78.76850390937216
250000 -24.324495611656403
251001 -22.780955488704876
252004 -23.44787330218287
253009 11.11476116583026
254016 6.116958112920656
255025 55.018727716421836
256036 65.89008013349167
257049 72.58102550119747
258064 65.45157393659065
259081 14.171735536789129
260100 -28.83847962094751
261121 50.20093852086302
262144 0
