4 0.00003273563455339237
16 0.00014527455732152238
36 0.00029257979561500563
64 0.00047564568729551127
100 0.0007627096398995423
144 0.0010644532258108487
196 0.0013804372418272824
256 0.001780138744189142
324 0.002283788151915508
400 0.0028200751392283467
484 0.0032768182507789357
576 0.0037449287334828225
676 0.004341147419024632
784 0.004998905286126489
900 0.0057624757041804375
1024 0.006497655105709983
1156 0.007060473443090223
1296 0.007816021887191243
1444 0.008588666046431102
1600 0.009512158389988189
1764 0.010221904704571684
1936 0.011216652963554168
2116 0.012042350604044235
2304 0.01323840935210929
2500 0.014177234864493102
2704 0.015237779212403461
2916 0.016288354619339803
3136 0.017189332406869335
3364 0.01819977155885868
3600 0.01971893335482937
3844 0.020991796166780884
4096 0.021963501248011216
4356 0.023130980815391427
4624 0.024682315449919414
4900 0.025591407462932977
5184 0.027096380846275723
5476 0.028721027419811505
5776 0.030157228697683138
6084 0.032253877245764666
6400 0.033086447804089814
6724 0.035072347049811145
7056 0.03633844525073568
7396 0.03705386180075874
7744 0.039501226569585296
8100 0.040912468601259744
8464 0.04242320495117417
8836 0.044307221283682315
9216 0.045891480152109074
9604 0.047672269221086395
10000 0.04913098280592456
10404 0.051114461874395875
10816 0.05280228484142958
11236 0.05563813187197859
11664 0.05786332121001109
12100 0.059034005584843584
12544 0.06133214257347124
12996 0.06233370775782455
13456 0.06449656954810495
13924 0.06625339952094693
14400 0.06827022354666071
14884 0.07137938785608489
15376 0.07374400693188599
15876 0.07588435215233104
16384 0.07711472658938265
16900 0.07801480585595526
17424 0.08309440095922793
17956 0.08365870050914562
18496 0.08585729334356956
19044 0.08806963213112391
19600 0.090507036422358
20164 0.0927280045230471
20736 0.09639556525265702
21316 0.09816746408332555
21904 0.10233228883618645
22500 0.10451069140176532
23104 0.10594643908957724
23716 0.10800760547812643
24336 0.11008354916584373
24964 0.11290300143873826
25600 0.1160515767593458
26244 0.11932335432860329
26896 0.12116880738039865
27556 0.12596050694577862
28224 0.12657224633062442
28900 0.13044945462587448
29584 0.13234627867781948
30276 0.13655239233446378
30976 0.13730845247188211
31684 0.14145452885273427
32400 0.14421356985115444
33124 0.14711607596145154
33856 0.15041507216583927
34596 0.15373810710352204
35344 0.15893369397825202
36100 0.16026312728835723
36864 0.16272553927281197
37636 0.16805598687683507
38416 0.16991375686557997
39204 0.17004813181692016
40000 0.17529441482910463
40804 0.1779607541631192
41616 0.1805722399770476
42436 0.1865770747736209
43264 0.18842869608885426
44100 0.19224569989187182
44944 0.19680248920612078
45796 0.19965572190836792
46656 0.20144261691369494
47524 0.20315164850179776
48400 0.2105244950171919
49284 0.2129196935328101
50176 0.21989814651863815
51076 0.22223163779617067
51984 0.2219473405585709
52900 0.22644398952694106
53824 0.23127890878885926
54756 0.232011198352358
55696 0.23962321396471978
56644 0.24050000718120723
57600 0.24287640588457898
58564 0.24872200999206667
59536 0.25135367708687695
60516 0.25602201357490906
61504 0.2602555134007482
62500 0.26428661280195515
63504 0.2643161855257518
64516 0.273693291372222
65536 0.27606242629462596
66564 0.280229316559702
67600 0.2857542660525089
68644 0.29192708027426867
69696 0.28930444561441554
70756 0.29855178016641487
71824 0.3034095527473453
72900 0.30865975883008584
73984 0.3122117976006192
75076 0.3146291654667175
76176 0.3152927178926972
77284 0.320213623394685
78400 0.3262499144080549
79524 0.3299520307037974
80656 0.33766778983060036
81796 0.33314516298484403
82944 0.3424241801102451
84100 0.3477336811159245
85264 0.35055129985482697
86436 0.360801526099552
87616 0.3638056770843171
88804 0.36724224678008455
90000 0.3754115895136068
91204 0.3813391143396869
92416 0.38699773109737234
93636 0.38871981897383495
94864 0.3876703647968895
96100 0.39463297732529373
97344 0.39793043873031614
98596 0.40284511426813063
99856 0.40968707952821953
101124 0.41012400297744434
102400 0.42048980322126384
103684 0.42416980653445846
104976 0.42992305193309205
106276 0.4305702079899138
107584 0.43400361454121256
108900 0.4425099672579828
110224 0.45240321498536223
111556 0.45656379965419536
112896 0.4584614849698106
114244 0.4657349889287821
115600 0.4687075724924219
116964 0.471015638567068
118336 0.4733890666135573
119716 0.48168901906984835
121104 0.4890181508447301
122500 0.49279800183588945
123904 0.4966819797743351
125316 0.5054815119099098
126736 0.5126867233287967
128164 0.5154081381245215
129600 0.5257716818742466
131044 0.529759234019668
132496 0.5364440538050347
133956 0.5385438702918486
135424 0.5476485002740891
136900 0.5520476218740478
138384 0.5479701623031993
139876 0.5618429324611933
141376 0.5682907850216423
142884 0.5715470844613438
144400 0.5691071664366829
145924 0.5810549940680546
147456 0.5921765074643381
148996 0.5962271755060459
150544 0.5972476133566981
152100 0.6043133137621461
153664 0.6134913025310431
155236 0.6066716592256283
156816 0.6203585965760495
158404 0.6327596469625537
160000 0.6342075246641843
161604 0.6401250567749549
163216 0.6587981055676394
164836 0.6490133813368936
166464 0.6520052715330306
168100 0.6637501580901614
169744 0.6649838240403337
171396 0.6787773939561287
173056 0.6852576614557297
174724 0.6889078786234157
176400 0.684225756862009
178084 0.7019935859320291
179776 0.7027744398484586
181476 0.7103929441684247
183184 0.717739751974711
184900 0.7327662792587413
186624 0.7271782053799501
188356 0.7351749804192734
190096 0.7428973303883604
191844 0.7553434281746677
193600 0.7604133619703094
195364 0.7592425596086061
197136 0.7587081381809224
198916 0.7746926614012019
200704 0.7751703536750111
202500 0.7885937014480054
204304 0.7914401804856277
206116 0.7993058593609501
207936 0.8014952253856567
209764 0.8253220302717515
211600 0.8150752641044589
213444 0.8328079627043783
215296 0.8408089794539718
217156 0.842387222842017
219024 0.8549519252804247
220900 0.8494064541804807
222784 0.8665013577622539
224676 0.8736566499920551
226576 0.875114624638277
228484 0.8893926881348082
230400 0.8818800282283096
232324 0.8974892773685673
234256 0.9019992553499836
236196 0.9117703377218752
238144 0.9169027496890285
240100 0.9146930920102386
242064 0.9352283847207538
244036 0.9409074001855423
246016 0.9374514268589175
248004 0.9479805091291369
250000 0.9506103840035328
252004 0.9581782193465515
254016 0.970105498501256
256036 0.9820279934813513
258064 0.9930543147641521
260100 0.9904826666808104
262144 1
