4 -0.19899898908892646
16 -0.45348382542282345
36 -0.7334181162030436
64 -0.9422412067651749
100 -1.57486818057904
144 -1.7096898592486978
196 -2.314072802512441
256 -2.7523593082427977
324 -3.8913674124465327
400 -4.508390889264644
484 -5.453699250972364
576 -6.332037747979164
676 -8.070627368828749
784 -9.278664840199054
900 -10.695322626902255
1024 -11.068248931884765
1156 -12.880567696227226
1296 -15.082878599144518
1444 -18.03875705798576
1600 -19.44775422823429
1764 -20.59989700350771
1936 -21.975688015557825
2116 -23.5876056342707
2304 -26.756103967666625
2500 -29.243112861900126
2704 -33.73753790125996
2916 -36.01976040816913
3136 -39.89513744318485
3364 -42.91300180499861
3600 -44.5151620304361
3844 -46.77690239445726
4096 -47.57098291015625
4356 -52.21463932876149
4624 -56.926583139635625
4900 -61.41850157027552
5184 -64.70705758631229
5476 -70.2808898915113
5776 -76.8051129277721
6084 -79.87681687512854
6400 -81.82206765174865
6724 -88.36790691393475
7056 -88.31035205612332
7396 -91.62489621088514
7744 -96.39600824892521
8100 -98.17963277908275
8464 -101.61669014833123
8836 -109.33607644177835
9216 -117.698663482666
9604 -119.45529883237043
10000 -125.15680579040199
10404 -133.41098339440535
10816 -141.74560642015933
11236 -149.22742538157712
11664 -156.945166530706
12100 -167.35853185772757
12544 -175.85919909095762
12996 -178.3728216968463
13456 -185.72602887997775
13924 -188.46642558307062
14400 -196.12359248697757
14884 -194.35108601068566
15376 -200.74543831131606
15876 -201.2721572841243
16384 -206.5927265625
16900 -212.96860551796715
17424 -224.73422926018387
17956 -228.56800863694258
18496 -246.38033023416997
19044 -250.80855637592686
19600 -264.8570251244083
20164 -271.5570502799437
20736 -278.0019213809967
21316 -295.179903704165
21904 -308.4602382641807
22500 -318.2471418139101
23104 -332.0878068443537
23716 -335.2414015846462
24336 -347.93307000205664
24964 -365.78693180198826
25600 -349.7360824279785
26244 -357.1255930616991
26896 -369.0645106229558
27556 -370.1188577696891
28224 -382.12363289797304
28900 -400.3438101420165
29584 -393.37333937416224
30276 -400.35914620488745
30976 -406.0851319828033
31684 -393.4091737946556
32400 -401.025124465324
33124 -418.45181255782256
33856 -425.4110423732996
34596 -449.78559395103764
35344 -456.3812230684534
36100 -469.6486612410979
36864 -470.17261572265625
37636 -477.36976950494807
38416 -491.33878131792693
39204 -519.6452856296809
40000 -518.5118926464319
40804 -525.8331883125365
41616 -535.5547343104855
42436 -546.8430680609033
43264 -561.5217027225494
44100 -577.755127192317
44944 -595.4858061052337
45796 -607.7641798344613
46656 -611.4046644912958
47524 -615.2706519251676
48400 -630.9075097236409
49284 -658.3175812124148
50176 -656.0061854553223
51076 -646.4836172543303
51984 -663.6501471495405
52900 -670.8920214191885
53824 -685.5904620796442
54756 -669.1586668854118
55696 -674.8038093291298
56644 -678.9340386415706
57600 -704.2664797916412
58564 -693.3292334863828
59536 -683.3423761709705
60516 -686.573960028714
61504 -694.6520129810572
62500 -696.0825386875779
63504 -705.8645165459886
64516 -702.0239016921357
65536 -715.7486250000001
66564 -701.3205930816964
67600 -706.9266882874742
68644 -729.2467687057169
69696 -748.4316681629418
70756 -741.0451962238014
71824 -750.4441381910817
72900 -764.2052551057027
73984 -785.6852837467193
75076 -780.5609366313206
76176 -791.5889020148293
77284 -804.5358438907028
78400 -832.9884019905328
79524 -813.6231917840453
80656 -823.6968044790999
81796 -842.3658070216909
82944 -861.1067420959473
84100 -892.9761281241313
85264 -897.5504592666404
86436 -908.5162054220051
87616 -921.1898122268915
88804 -919.507701056099
90000 -935.7462690225616
91204 -979.4718889773474
92416 -981.9309095096588
93636 -959.9596549468325
94864 -1044.144425354339
96100 -1006.6314965357842
97344 -992.4371200329066
98596 -1045.90752312558
99856 -1035.9089088318124
101124 -1007.8074559077459
102400 -1020.1493188476563
103684 -1043.8006278839543
104976 -1010.307488987185
106276 -1016.0159838660272
107584 -1042.2521699672939
108900 -1011.7220804759324
110224 -994.331724315025
111556 -988.6270861457871
112896 -983.3341263675688
114244 -1016.2987811178551
115600 -1029.246962272264
116964 -1019.9145574445487
118336 -976.1574299865962
119716 -998.7614189884276
121104 -979.1323392781987
122500 -1034.0559814221995
123904 -989.6981117248536
125316 -965.0244722287194
126736 -972.3207807144896
128164 -946.2227307009907
129600 -933.5959914451837
131044 -965.7362079421641
132496 -945.7390009251608
133956 -923.969966865538
135424 -932.2746779727938
136900 -974.3686821945594
138384 -983.0775032166018
139876 -998.0166404628219
141376 -1019.0815690952538
142884 -1005.3577400140673
144400 -974.9305798575656
145924 -964.1554910021857
147456 -1004.9178515624999
148996 -966.8830153912145
150544 -936.1563120791689
152100 -955.003046955338
153664 -954.9485010868314
155236 -989.4679312788905
156816 -1002.8465700748936
158404 -964.5896257563518
160000 -944.9322823429106
161604 -960.9896995923505
163216 -952.1470130005853
164836 -986.929333801663
166464 -978.6517489677669
168100 -1003.6693212092132
169744 -994.8570889744537
171396 -988.7800664500728
173056 -997.1632435607912
174724 -1008.8415859694617
176400 -1023.1600350770727
178084 -978.6835080227463
179776 -1036.3868976837396
181476 -1098.135072675443
183184 -1101.6028773513813
184900 -987.6951318032134
186624 -990.6566318607333
188356 -969.4921490918682
190096 -984.7164308026804
191844 -999.8642000373661
193600 -967.6901555782556
195364 -987.2789719458133
197136 -1064.4052993986384
198916 -973.6837639334635
200704 -923.4189672851562
202500 -944.615486926718
204304 -857.947876069285
206116 -896.7006636621268
207936 -839.9283543926476
209764 -795.8254286863862
211600 -789.3063427070156
213444 -789.5555283563422
215296 -769.817393274307
217156 -714.7063208389864
219024 -633.6166701665898
220900 -652.8227761114599
222784 -755.4689492660764
224676 -647.9894759610506
226576 -545.8586182651297
228484 -533.9006139851945
230400 -563.7396766662596
232324 -501.09999559147536
234256 -504.32573578212396
236196 -367.77103799762426
238144 -365.7500187355281
240100 -489.8567702315213
242064 -348.30536045942426
244036 -271.3298331311926
246016 -310.80420769691455
248004 -305.70247934481404
250000 -146.95861900124692
252004 -140.33657333070687
254016 -109.49026473581807
256036 -41.7735913573415
258064 10.099572925828397
260100 -11.154621503336784
262144 0
