1 -0.13187493902791175
4 -0.129374024446588
9 -0.2195580612608518
16 -0.3186723911454082
25 -0.4641498924448441
36 -0.5333589801736287
49 -0.6496666060161131
64 -0.7390622583265304
81 -1.0239799621289958
100 -1.074510279117506
121 -1.2113573076559405
144 -1.5093556827780605
169 -1.8593185761875088
196 -2.078097696257811
225 -2.486793288032374
256 -2.4771241332244873
289 -2.812157550217322
324 -3.358099394063931
361 -4.06174405648725
400 -4.202184465880096
441 -4.676142087305168
484 -4.894026922495049
529 -5.321057509852199
576 -5.744640924448968
625 -6.5186827780275785
676 -7.3287672190001425
729 -8.00003693244865
784 -8.762833140124977
841 -10.296475600450878
900 -9.791172608517986
961 -10.045090996087826
1024 -10.309166131591798
1089 -11.401791920131183
1156 -12.097120803477148
1225 -13.282103760070743
1296 -14.134790305022895
1369 -15.480128490114415
1444 -16.677164903796
1521 -17.89084467118822
1600 -18.056311454081534
1681 -19.431607450936287
1764 -19.635073396882692
1849 -20.278848563720864
1936 -21.445070759920775
2025 -21.1866763306223
2116 -22.380900157635192
2209 -24.126875659439076
2304 -25.73493479118347
2401 -27.41060804468777
2500 -27.72382444844125
2601 -29.58271156760307
2704 -31.698895504002273
2809 -34.41470089613779
2916 -34.32315091917841
3025 -36.65526728496283
3136 -38.23957024199962
3249 -39.68377857546724
3364 -40.33440960721401
3481 -40.57487919575816
3600 -42.635601736287775
3721 -42.44019016066083
3844 -43.81235593740521
3969 -44.11710907171864
4096 -46.42845810546875
4225 -46.21081011719305
4356 -49.38347072209893
4489 -50.238544072063654
4624 -53.547732855634386
4761 -54.614538298028165
4900 -57.8007601611319
5041 -58.875496743502396
5184 -61.30344488036633
5329 -65.32799994362027
5476 -66.89915584183066
5625 -69.30090502023381
5776 -72.38873846073598
5929 -74.21454568191322
6084 -76.86701473901151
6241 -80.9520322239467
6400 -78.60788326530457
6561 -83.90145152834069
6724 -85.0376192149806
6889 -83.56146706381963
7056 -86.7171743501231
7225 -92.03171888582615
7396 -90.3161770195338
7569 -92.36582363652096
7744 -93.57963215873241
7921 -94.78267454478285
8100 -94.64152128995686
8281 -97.25484142620883
8464 -98.7820025221631
8649 -103.01197068311387
8836 -105.85761055102525
9025 -109.9477853045312
9216 -115.35335665893554
9409 -113.66318486621205
9604 -119.1171287150043
9801 -124.30204553062582
10000 -124.12379117505998
10201 -128.56322004696
10404 -134.02718508164912
10609 -137.97353775112026
10816 -141.04912806403635
11025 -142.97980456573023
11236 -147.90741433820455
11449 -156.3568030001318
11664 -153.47181470685453
11881 -156.81329215038494
12100 -161.75407655940532
12321 -168.8820076992677
12544 -170.368923871994
12769 -168.09466191627618
12996 -172.8060572074759
13225 -177.37994365762475
13456 -179.88615371542423
13689 -176.46251836624577
13924 -178.72286713213055
14161 -184.14602807178974
14400 -189.01482778060435
14641 -186.2860913906253
14884 -190.25864257057336
15129 -190.74930352583922
15376 -195.57189499848334
15625 -194.92823626723626
15876 -194.96414514749821
16129 -195.56843799133947
16384 -199.77892968749998
16641 -205.52443366138982
16900 -206.64376187508879
17161 -211.43772482734659
17424 -219.56013155358283
17689 -218.92078962588704
17956 -221.70750515301853
18225 -229.44608278040656
18496 -235.3013256901503
18769 -233.05403560101865
19044 -238.48401276845064
19321 -244.41705598455502
19600 -250.71296257811042
19881 -248.73852841456537
20164 -255.36054789603827
20449 -260.1658139613175
20736 -266.6931180858612
21025 -274.50025028179743
21316 -283.1949990979242
21609 -286.2911516197093
21904 -291.0284934692904
22201 -296.3308088054752
22500 -302.0398803237411
22801 -315.61548925623555
23104 -318.8264153717756
23409 -313.8024369758486
23716 -319.64833091061143
24025 -330.414872554891
24336 -338.5338358241841
24649 -347.5749931706574
24964 -345.80611558314735
25281 -338.85497258716055
25600 -340.405332244873
25921 -351.6529611551312
26244 -357.374624453451
26569 -356.9400858120184
26896 -366.79410743968936
27225 -363.3694500819894
27556 -359.66287302111414
27889 -362.5381340759291
28224 -364.37698960196974
28561 -369.4111944914411
28900 -384.6415021732184
29241 -382.47466461284665
29584 -378.8374323125407
29929 -382.74255431118536
30276 -388.4987781843352
30625 -391.35085004421484
30976 -391.17451453971864
31329 -388.1005148564109
31684 -387.16759271652575
32041 -386.06848837896734
32400 -389.7199406393096
32761 -396.7096868297962
33124 -401.9864628193411
33489 -402.18200301352766
33856 -419.28704035460953
34225 -425.5503063215099
34596 -434.125530929822
34969 -435.1564427318091
35344 -430.877768816404
35721 -431.5662348092098
36100 -438.26956487249913
36481 -446.27148170521457
36864 -461.04570654296873
37249 -458.2569591580441
37636 -457.60095785939274
38025 -469.87641949263696
38416 -476.54405944006885
38809 -491.05159162065036
39204 -494.90472849001316
39601 -488.8601810404591
40000 -492.71165880095964
40401 -497.44486983715626
40804 -507.1985207513604
41209 -520.4633166825531
41616 -525.2359613063857
42025 -533.394156835179
42436 -540.486604017924
42849 -542.9010021402814
43264 -558.6150490245819
43681 -564.8324410298259
44100 -556.7268730516839
44521 -568.324038522496
44944 -582.5216294112727
45369 -594.8083362236937
45796 -590.1288480021092
46225 -589.2808523255388
46656 -573.1130353096723
47089 -580.2200816068694
47524 -589.9956744061592
47961 -607.7904954332414
48400 -610.552224950485
48841 -622.816541756929
49284 -643.8121231882828
49729 -635.941645116925
50176 -627.5107819519043
50625 -618.3212066389394
51076 -615.7255906604189
51529 -626.6536040354009
51984 -634.5399153196141
52441 -632.9211916054563
52900 -651.5910985219958
53361 -644.7883002349704
53824 -651.8784594467878
54289 -645.7492373965258
54756 -635.1902938599321
55225 -640.902287149424
55696 -636.6618741140886
56169 -640.2207101396837
56644 -648.6624491486358
57121 -650.3487436000422
57600 -661.1422444896698
58081 -668.6756013499552
58564 -672.822462250005
59049 -667.8534737955958
59536 -657.549281129174
60025 -674.5875279298557
60516 -671.5998564134272
61009 -669.6949073323447
61504 -707.2053199757337
62001 -696.5997321693904
62500 -673.2527802757802
63001 -666.0340991940388
63504 -673.4173223599716
64009 -673.1040817460541
64516 -663.3320078614312
65025 -670.7257297519182
65536 -687.6308750000001
66049 -694.5160697248314
66564 -684.5379385822373
67081 -682.3021047647122
67600 -687.3121900014207
68121 -709.370814558197
68644 -713.6895972375455
69169 -720.8881553786404
69696 -738.4261048573255
70225 -741.4530600861151
70756 -727.6586340141926
71289 -725.5824381274117
71824 -731.7740824482962
72361 -744.0831755360393
72900 -746.1793244865048
73441 -764.4321349322253
73984 -776.8312110424041
74529 -768.7461555229145
75076 -761.5165696162987
75625 -758.1020531017698
76176 -767.0622042952104
76729 -781.2966200491732
77284 -799.8848957528802
77841 -818.8966253322238
78400 -813.8614012497665
78961 -800.4388145047394
79524 -818.8584546330455
80089 -849.2899097072559
80656 -850.7227663366123
81225 -817.3266096670266
81796 -828.4210233810799
82369 -844.3255896980238
82944 -845.8598893737792
83521 -857.7735017009373
84100 -877.8460045087593
84681 -871.9169741631758
85264 -882.5859855667873
85849 -877.282612158865
86436 -886.3064259153487
87025 -911.4269973488495
87616 -906.843895508647
88209 -912.9966879806917
88804 -915.2949408876035
89401 -929.0982188886724
90000 -926.8660851798579
90601 -954.4581014937901
91204 -972.1038280997681
91809 -958.2328238037618
92416 -940.57464594841
93025 -923.0288504130224
93636 -928.5449916135776
94249 -934.8626225027249
94864 -948.8912945697828
95481 -958.1505578407405
96100 -968.8099608782563
96721 -981.9890507816586
97344 -985.3073731869458
97969 -1006.9144722667863
98596 -1034.149890730518
99225 -1033.1131698241497
99856 -1011.1038493303581
100489 -1004.7014675684918
101124 -981.9155613945682
101761 -979.3756662012745
102400 -958.8013159179689
103041 -987.6020430106779
103684 -996.3173784820991
104329 -998.0068518715997
104976 -1012.2999912552162
105625 -997.5663232456559
106276 -989.4853729922953
106929 -1009.9466641811808
107584 -1030.1597190350294
108241 -1009.664058313227
108900 -1024.94920131183
109561 -988.2946658635644
110224 -967.9199683378264
110889 -974.3346236406817
111556 -981.8881452148664
112225 -985.3700450397857
112896 -972.8798336315155
113569 -997.047020042801
114244 -987.5511118630575
114921 -999.9916152183704
115600 -1003.6180347714946
116281 -994.6198737218549
116964 -993.9266338055463
117649 -976.3878152953336
118336 -972.0929170006514
119025 -972.8314362676037
119716 -970.4328689789655
120409 -975.8767095541806
121104 -976.9324509493634
121801 -949.1295846572976
122500 -976.5576007074374
123201 -982.3159876659062
123904 -989.664232635498
124609 -971.1118212556761
125316 -956.338237702574
126025 -924.182964688995
126736 -935.2554834644122
127449 -934.765273814969
128164 -911.8718140634778
128881 -887.1745810694217
129600 -894.9030502289534
130321 -908.2766954748952
131044 -914.0749892767401
131769 -946.5874026406502
132496 -927.1434051094575
133225 -932.4324647626645
133956 -910.2540482164429
134689 -938.8176206236349
135424 -926.0826456737518
136161 -916.1085855929755
136900 -935.6649011441577
137641 -936.3510516268191
138384 -1003.0864948771521
139129 -1041.460687268017
139876 -975.9630837089453
140625 -961.1331376461376
141376 -952.5003010624646
142129 -930.2540244774673
142884 -923.6437569473567
143641 -937.9589460650125
144400 -934.5190379599853
145161 -929.2334772984955
145924 -932.9317072834333
146689 -960.7031696543577
147456 -974.8873046874999
148225 -967.1235511957589
148996 -947.4413465287048
149769 -943.4701265725764
150544 -907.1693257502841
151321 -922.1483770214058
152100 -935.4867118821921
152881 -986.5037603655612
153664 -939.4389510411024
154449 -962.0217110150743
155236 -977.9314659304055
156025 -991.9776399666948
156816 -976.9596558402106
157609 -969.0869348038912
158404 -948.5588966473447
159201 -925.8949596968496
160000 -933.9545408153535
160801 -924.5570554024741
161604 -921.0219173944997
162409 -943.5885392643875
163216 -940.5163320217655
164025 -967.6947052129303
164836 -971.4930669208497
165649 -992.660823765161
166464 -998.507380902171
167281 -976.0321420248567
168100 -984.1345093628647
168921 -981.8638836825116
169744 -973.1896642867848
170569 -969.2112490153397
171396 -983.1480342445034
172225 -987.7494148872715
173056 -1005.4647843933105
173889 -984.5435347489561
174724 -992.5750564772145
175561 -988.3287386377615
176400 -965.923968826942
177241 -970.2701331777723
178084 -968.4966163599372
178929 -993.5728015797927
179776 -979.248070580363
180625 -1032.3418036413439
181476 -1046.0933795791
182329 -1020.4721757466664
183184 -1004.1075680337474
184041 -995.278930866717
184900 -1041.6656372086213
185761 -951.8470585591735
186624 -904.3825649547575
187489 -936.0315249684281
188356 -942.4733057099088
189225 -912.2372728255941
190096 -940.4327904985471
190969 -937.0592214485014
191844 -933.6959269318609
192721 -939.3122667416992
193600 -954.5575992077588
194481 -918.7612811964532
195364 -936.8026681108654
196249 -980.1411138907488
197136 -1031.6359710125253
198025 -1023.336590489288
198916 -1084.2623218707995
199809 -994.6125132434922
200704 -927.4765112304685
201601 -896.9336609915008
202500 -902.4633062230305
203401 -889.1347891581704
204304 -867.7774505667016
205209 -873.9706297550761
206116 -893.1936645664155
207025 -854.195891380512
207936 -847.5266451138259
208849 -780.8752592194887
209764 -804.8010656873021
210681 -848.9133950437363
211600 -832.7615763519334
212521 -846.5449372117027
213444 -840.7328037595257
214369 -826.014500668553
215296 -816.289351148605
216225 -740.7166769461724
217156 -714.5257983444139
218089 -808.1760341631611
219024 -706.4567017589138
219961 -716.6571170248408
220900 -642.526594390783
221841 -665.2144468232491
222784 -641.3999858254192
223729 -651.7125214371426
224676 -677.4513622349386
225625 -614.1558153319957
226576 -605.9951863781735
227529 -608.2687795600009
228484 -554.6758976006759
229441 -601.3058417600687
230400 -605.3679118347168
231361 -593.4514061578284
232324 -506.6056215992826
233289 -524.1898535656269
234256 -472.8933960000795
235225 -457.135541382529
236196 -411.2155807295326
237169 -391.1528035943179
238144 -395.57649806678273
239121 -432.4559507734948
240100 -402.8804468776916
241081 -380.1092700792792
242064 -338.94170261483623
243049 -314.65702525760844
244036 -297.37451731751435
245025 -316.893456641139
246016 -317.6831196117396
247009 -308.01278114924344
248004 -288.75171471024623
249001 -261.8991922880141
250000 -194.24448441248342
251001 -179.34686015026045
252004 -166.51558710462177
253009 -118.30993141551153
254016 -109.51915775954694
255025 -46.68252935001283
256036 -21.729307936865098
257049 -0.8087538067284186
258064 6.439874217100623
259081 -30.312681225341294
260100 -58.64567603069099
261121 35.221635367748604
262144 0
