1 -0.114688
4 -0.16018802218967015
9 -0.24879927607017444
16 -0.3271291775173611
25 -0.41657520808126325
36 -0.4313893039877291
49 -0.4652283680263824
64 -0.5091500651041667
81 -0.60776696926314
100 -0.6233733870668065
121 -0.5431275612371598
144 -0.7081960147790411
169 -0.8312592262076623
196 -0.8723745593993661
225 -0.9907207744857307
256 -0.7876336805555557
289 -0.7840726337055934
324 -1.1269676744158423
361 -1.424827157433425
400 -1.3015057672342398
441 -1.2942128396759904
484 -1.2619609298987253
529 -1.179614580521374
576 -1.2578792544286648
625 -1.511910404063162
676 -1.8903026548849038
729 -2.0342290850523916
784 -2.5351005867728125
841 -2.423615297420988
900 -2.207308090618703
961 -1.834050119131554
1024 -1.5204684027777766
1089 -2.247795455625546
1156 -2.024468947637045
1225 -2.54613139664146
1296 -2.6704298871164944
1369 -3.28261581275458
1444 -3.6955446402046217
1521 -4.096875691728444
1600 -3.6263719448050153
1681 -4.042899846964744
1764 -4.364129144348489
1849 -3.1034327226673426
1936 -3.07408645939525
2025 -2.947069086160827
2116 -2.293062060420997
2209 -2.808249445599934
2304 -4.427617798964665
2401 -3.4569560665854766
2500 -3.8409554847964813
2601 -4.38060948763076
2704 -5.400413619756627
2809 -6.269965454487572
2916 -6.732564516479101
3025 -7.033212208761839
3136 -7.0462117437926395
3249 -6.760668078233806
3364 -8.102387851196553
3481 -5.740079325707519
3600 -7.269552333177941
3721 -5.117118220673412
3844 -5.015889800799215
3969 -4.523081304030839
4096 -3.3831083333333325
4225 -3.771487820925053
4356 -4.9917379870529714
4489 -4.151978300656609
4624 -7.15522944180686
4761 -5.344213265814645
4900 -8.56425276891175
5041 -6.261172055413404
5184 -8.549896306278477
5329 -10.15335174898906
5476 -10.732565628676731
5625 -10.294366180427502
5776 -12.498582602702157
5929 -10.760945031813094
6084 -13.224484517402061
6241 -14.988132998867385
6400 -12.010823282692286
6561 -12.07508902062871
6724 -13.033364688694476
6889 -10.53038556694355
7056 -9.703087719972103
7225 -13.568907978124912
7396 -8.756783919369468
7569 -9.171153851805627
7744 -10.602356796782374
7921 -7.609332472593437
8100 -5.982721278725336
8281 -6.983464280634081
8464 -6.473503195025998
8649 -8.789780375621618
8836 -8.274238799381067
9025 -8.168822053171652
9216 -13.40947432085865
9409 -10.90314037080168
9604 -13.010765543739907
9801 -15.0902957410499
10000 -12.137677413361274
10201 -13.481857549515652
10404 -16.377783665855077
10609 -19.78840379582715
10816 -20.19866647989457
11025 -19.65952075573685
11236 -22.511916148733746
11449 -27.707802662718933
11664 -21.49613077099451
11881 -25.691851407596175
12100 -28.89991595879954
12321 -31.325276254860057
12544 -29.930884561976143
12769 -24.631693574469494
12996 -26.45365640717347
13225 -28.495726588022592
13456 -28.107858050836512
13689 -20.840005128291324
13924 -21.371122545071813
14161 -21.47916541119858
14400 -28.709089215524273
14641 -23.699849819392625
14884 -22.603403450456227
15129 -22.36470669664598
15376 -22.610716500288902
15625 -18.952390152368565
15876 -16.193685286924165
16129 -11.879559875582771
16384 -14.223972222222216
16641 -16.67488095775869
16900 -15.920245035056524
17161 -17.700023723956008
17424 -24.492176606415
17689 -19.515663571761877
17956 -19.99244481205568
18225 -20.74048081755069
18496 -27.55473237226215
18769 -22.368160549630005
19044 -24.56672670827811
19321 -27.257392487866156
19600 -35.253119805030735
19881 -25.58187084941477
20164 -25.569608079780835
20449 -29.516294220207158
20736 -30.70189225636392
21025 -37.191365431867155
21316 -38.8016772447084
21609 -42.40079144375812
21904 -44.724672025340624
22201 -44.96528322987825
22500 -47.455589538604556
22801 -57.190555670341496
23104 -52.70614657834335
23409 -47.78432744720061
23716 -49.46606368980656
24025 -56.1153209443828
24336 -59.16806507156133
24649 -68.56926215152504
24964 -68.16687848120091
25281 -62.15588057150819
25600 -50.856235144658
25921 -62.80090913150366
26244 -55.53986966894064
26569 -59.22408409735533
26896 -62.65251995811997
27225 -56.51614499113441
27556 -49.3009271324118
27889 -50.18783451170947
28224 -48.23183545020083
28561 -47.50089845818991
28900 -59.00599223286645
29241 -54.71708565610095
29584 -44.7261477922782
29929 -50.084147886168296
30276 -47.56005536083575
30625 -41.80983981558393
30976 -46.22947102393522
31329 -37.835918931644926
31684 -34.98515365475089
32041 -29.022145477653396
32400 -25.95486485122956
32761 -31.294282390977855
33124 -35.254368875194814
33489 -30.41509524317985
33856 -33.57743259347211
34225 -34.80335218211388
34596 -41.918825420943506
34969 -48.51182387591598
35344 -41.56131926544958
35721 -33.873283458800074
36100 -40.05768847445961
36481 -40.8685064785825
36864 -56.23070978343458
37249 -44.91327084586658
37636 -41.22016226581309
38025 -45.88135678481251
38416 -50.44382728455173
38809 -60.74754678543184
39204 -60.552488445156655
39601 -50.844625557342056
40000 -52.6909315501465
40401 -51.871379984922555
40804 -55.590944554887756
41209 -63.447599083816044
41616 -67.45931752474837
42025 -72.71607395872206
42436 -78.42584259351906
42849 -77.92259776243247
43264 -80.04231392305053
43681 -76.45096565605911
44100 -71.28452766406065
44521 -77.7349747704103
44944 -83.06628191806851
45369 -93.24642416847007
45796 -91.2843767004091
46225 -78.1071148089394
46656 -68.29161390429056
47089 -72.16284951079956
47524 -79.12579726585557
47961 -89.5574329188612
48400 -80.65773233020695
48841 -94.5826714702597
49284 -110.74022641836586
49729 -97.17537336186638
50176 -90.23108859512683
50625 -82.51134851857876
51076 -71.46912963777606
51529 -71.65140856246148
51984 -80.61716200564706
52441 -73.3583667827063
52900 -73.04999981047797
53361 -79.11003810638238
53824 -85.24345878754752
54289 -69.93523906994938
54756 -54.83835626755979
55225 -48.507787791508804
55696 -45.79051114925426
56169 -52.82550394376517
56644 -51.124743872713225
57121 -54.287208727675534
57600 -65.87787639334704
58081 -50.72072484676312
58564 -40.411732156531
59049 -31.049876482073046
59536 -33.41113607287525
60025 -46.326489267749935
60516 -38.143914494103456
61009 -33.1113902672148
61504 -46.12589518952359
62001 -49.611407949924
62500 -35.79790732307026
63001 -12.21937216868912
63504 -7.799781430899657
64009 0.16488586245623083
64516 8.748650600479209
65025 5.687533589865211
65536 -6.504444444444516
66049 -21.46226285862508
66564 -25.644901089335576
67081 -12.326338653091739
67600 -4.356555145651555
68121 -12.396530241401024
68644 -10.289243692753303
69169 -20.234675329549987
69696 -31.042805058472595
70225 -27.633612862457767
70756 -12.147078800122472
71289 -11.55318300519275
71824 -21.541905685939582
72361 -27.153227124623527
72900 -28.657127676941172
73441 -48.53358777148151
73984 -44.49258790918748
74529 -34.19410866282146
75076 -22.948130676438723
75625 -27.154634664867217
76176 -31.2636014131906
76729 -36.165011776238316
77284 -34.36884667808113
77841 -57.2350871115334
78400 -54.3437141376578
78961 -55.20470888527666
79524 -51.778052550490884
80089 -34.673726396200664
80656 -40.141711751631874
81225 -47.291990011869075
81796 -51.384542637393224
82369 -65.72935115362134
82944 -64.60639715045545
83521 -58.94566228183294
84100 -67.62712826528332
84681 -75.73077688148646
85264 -77.22658997384224
85849 -80.12454944803585
86436 -100.88463727161479
87025 -107.85683547356507
87616 -104.6211261438973
88209 -80.3374914332287
88804 -83.03591355237995
89401 -89.40637477196583
90000 -100.91885742199634
90601 -130.383343891481
91204 -131.45981662803501
91809 -134.77825813749064
92416 -119.29865098351229
93025 -110.7409777872158
93636 -98.35522122679049
94249 -96.1213640371268
94864 -123.9693890094436
95481 -113.25927899092517
96100 -124.8710168843561
96721 -112.43458564776302
97344 -113.2599682940579
97969 -162.38714789068672
98596 -178.05610755927933
99225 -153.5768304753051
99856 -143.3092998677289
100489 -124.05349901867362
101124 -103.1494112630835
101761 -105.58701998839115
102400 -92.26630863418768
103041 -130.7972606918977
103684 -129.00985970445413
104329 -99.9140892659791
104976 -110.07993302146565
105625 -113.50737466646342
106276 -126.64639794676691
106929 -125.81698665810791
107584 -138.4791246458476
108241 -107.42279580467562
108900 -90.51798407830688
109561 -57.29467345918761
110224 -89.21284798819784
110889 -91.79249175435962
111556 -80.32358889454872
112225 -73.98612359320578
112896 -50.180080082053564
113569 -64.53544263981371
114244 -77.14219559192816
114921 -94.54032331028338
115600 -86.88981021293284
116281 -71.55064076382837
116964 -61.86279947254866
117649 -46.18627089403253
118336 -51.07103962831411
119025 -49.31709032026038
119716 -63.23440765931059
120409 -61.68297637921842
121104 -58.40278125779605
121801 -12.353807116660846
122500 -43.06603882098398
123201 -49.679461279240286
123904 -46.444059442962725
124609 -30.15981830649639
125316 -9.216722906755649
126025 -9.754758322983434
126736 -4.543909676512158
127449 -6.5541621305283115
128164 30.134499110165507
128881 48.76208879937917
129600 36.07862164976973
130321 10.474112333067069
131044 31.018575480305117
131769 9.372025682041794
132496 28.864477488587227
133225 12.165945410221866
133956 28.206443917417346
134689 18.95598744105473
135424 19.864590372639668
136161 14.012267064517346
136900 14.719031830084077
137641 8.634898944000724
138384 -2.440117357602503
139129 -2.166002876913808
139876 -32.16274345423926
140625 -15.84032496779264
141376 2.5712666664999233
142129 16.79204549520864
142884 10.012025527593323
143641 4.1312207358018895
144400 -2.240354944930459
145161 -3.7126876160891698
145924 3.9042365843133666
146689 -27.709568518072047
147456 -46.0740891337382
148225 -32.71931150913679
148996 -39.25522192648987
149769 4.058193296398713
150544 -2.8890521936777986
151321 -7.606944785142787
152100 -32.28547090145685
152881 -33.19461700093598
153664 -36.75436957657439
154449 -46.90471515586796
155236 -73.31564030063555
156025 -64.8471316068485
156816 -64.98917570445474
157609 -54.54175925720756
158404 -21.664868962495348
159201 -18.318491551172883
160000 -28.94261378739202
160801 -33.217222468435466
161604 -32.52230442455311
162409 -38.747846518795996
163216 -34.53383564685146
164025 -59.94025873688588
164836 -78.87710274938127
165649 -73.71435467697529
166464 -79.69200154430655
167281 -91.83003040785161
168100 -119.05842835577596
168921 -103.54718250777432
169744 -118.64628001491792
170569 -129.52570805950563
171396 -108.03545385490588
172225 -95.87550464541164
173056 -129.37584770609055
173889 -123.99647034263535
174724 -172.87735989121757
175561 -154.2785037183403
176400 -117.83988922069557
177241 -119.74150382501875
178084 -124.60333498794535
178929 -143.2753701958718
179776 -195.83759696480865
180625 -204.37000284024998
181476 -209.29257539702485
182329 -244.745302239166
183184 -209.61817099977043
184041 -240.68116934086174
184900 -185.8242849532594
185761 -159.5175055564423
186624 -123.6308188984126
187489 -161.90421275556992
188356 -145.67767493257543
189225 -165.95119326222175
190096 -173.37475560530584
190969 -175.32834985049794
191844 -175.78196391421397
192721 -222.2655857404916
193600 -220.24920330086252
194481 -196.32280459422282
195364 -207.91637764671805
196249 -265.51991051161167
197136 -286.15339126916706
198025 -296.7668080265221
198916 -280.0801489175715
199809 -377.7234021028471
200704 -240.00655576939607
201601 -246.5895981306603
202500 -234.4425174263656
203401 -203.89530192239954
204304 -174.95793991069604
205209 -187.76041970912138
206116 -204.91272966135875
207025 -230.98485813679326
207936 -207.1567935304006
208849 -190.40852426263518
209764 -228.05003877931676
210681 -203.99132555151937
211600 -212.64237307546227
212521 -185.22316987240083
213444 -228.9837044885171
214369 -239.1639654948117
215296 -253.2939414869952
216225 -201.27362108538637
217156 -217.4129929347996
218089 -134.50204570444384
219024 -100.67076808781712
219961 -167.77914880260414
220900 -106.67717659056916
221841 -109.05484021745542
222784 -143.19212847288554
223729 -118.46903017025716
224676 -146.3955341466426
225625 -137.30162926269213
226576 -129.47730440252872
227529 -109.37254847365375
228484 -115.58735040684951
229441 -171.45169915607948
230400 -141.48558369838793
231361 -145.1889930338134
232324 -87.7919161852833
233289 -128.3843421985248
234256 -79.64626014196574
235225 -90.98765910664815
236196 -47.648528206123956
237169 -39.68885657637247
238144 -18.338633375702557
239121 -95.64784778466264
240100 -97.74648900595048
241081 -97.23454626431885
242064 -40.952008806491904
243049 -18.508865901070294
244036 -52.93510683844488
245025 -64.21072093070825
246016 -57.03569751156647
247009 -46.180025936250786
248004 -23.613695581433603
249001 -64.07669584513997
250000 -6.739016146665563
251001 18.979354073518152
252004 50.12842535383561
253009 48.95820821169764
254016 28.498713143588247
255025 82.9099506251423
256036 64.42193111122924
257049 98.32466503603973
258064 126.78816281315812
259081 84.21243483565559
260100 90.94749147615948
261121 46.49334308694506
262144 0
