4 0.23837361623234693
16 0.5289285215901827
36 0.6119183702413057
64 0.6494149117208047
100 0.7379838802398668
144 0.7718734806642661
196 0.7810545597702724
256 0.8101609217998583
324 0.8561235858589231
400 0.8875148701367869
484 0.8793948410379625
576 0.8682689579433739
676 0.8792122653077967
784 0.8928169875204278
900 0.9151038561479723
1024 0.924110948367642
1156 0.9050543340353873
1296 0.9081601074042068
1444 0.9091672085829101
1600 0.9215640094255183
1764 0.910135614184728
1936 0.921303611251094
2116 0.9156136237569036
2304 0.9346973367400502
2500 0.9322338683757461
2704 0.935665807682072
2916 0.9363192390619158
3136 0.9271686481610424
3364 0.923113963920086
3600 0.9424042979303544
3844 0.9470802572614375
4096 0.9371093865818119
4356 0.9348810660888853
4624 0.9464590075368013
4900 0.9324062571490299
5184 0.9393416786568347
5476 0.9486091609722606
5776 0.9501619609888192
6084 0.9705618364807638
6400 0.9519565661648198
6724 0.9658828592725472
7056 0.9588783541792936
7396 0.9377619377396952
7744 0.9597032257249581
8100 0.9550734279490388
8464 0.9523794685635895
8836 0.9573300128501684
9216 0.9550812473022497
9604 0.9563610599057012
10000 0.9507647847715671
10404 0.9548267667034095
10816 0.9527671037411092
11236 0.9703738166979431
11664 0.9760484576906653
12100 0.9636760731477644
12544 0.9694555431540289
12996 0.9545860875283355
13456 0.9574460841197757
13924 0.9538867399839691
14400 0.9537813414990827
14884 0.9681218243060924
15376 0.9714662562440392
15876 0.9713923970020694
16384 0.9596499308900951
16900 0.9442159075732358
17424 0.9785092990446684
17956 0.9589104356822027
18496 0.9582693198803975
19044 0.9575134517842449
19600 0.9588916598193266
20164 0.9576841928664789
20736 0.9708320283857147
21316 0.9644452229554492
21904 0.9810451760765645
22500 0.9780092163241524
23104 0.9680782043565542
23716 0.9639460140994436
24336 0.9598959792575563
24964 0.9621359753707165
25600 0.9667940128201742
26244 0.9720307895132125
26896 0.9654591218223718
27556 0.9819287657424749
28224 0.9656015269469215
28900 0.9741466632371507
29584 0.9676597597503404
30276 0.9777840556771366
30976 0.9631082131863283
31684 0.9721383396267744
32400 0.9712874622225367
33124 0.9712413274563154
33856 0.9735911659853189
34596 0.9758339991620913
35344 0.9894834278263389
36100 0.9788393484782868
36864 0.9752233981581485
37636 0.98845420405757
38416 0.9809958532272649
39204 0.9638885308299117
40000 0.9757038257579909
40804 0.9728508584181067
41616 0.9696627989425015
42436 0.9843508322966542
43264 0.9768622136553279
44100 0.9795100904778843
44944 0.9856413638126418
45796 0.9830483825987164
46656 0.9752518142249579
47524 0.9672178395931024
48400 0.985848493968682
49284 0.9808235154542044
50176 0.9966137333397963
51076 0.9910672225768596
51984 0.9740913627372036
52900 0.9781886384399017
53824 0.9834865986591519
54756 0.9713360410059643
55696 0.9878116782857225
56644 0.9763391440392867
57600 0.9711045440266619
58564 0.9795886438487592
59536 0.9752513704726824
60516 0.9787291512188033
61504 0.980370635734478
62500 0.9811176791290734
63504 0.9671078776323955
64516 0.9871187732874028
65536 0.9815552934920033
66564 0.9823598854525748
67600 0.9877476591712536
68644 0.9951071551693392
69696 0.9726083773284272
70756 0.9899985913547079
71824 0.9924761854511391
72900 0.9960704683618733
73984 0.9940797167149784
75076 0.9884956403575179
76176 0.9775410854731145
77284 0.9798216128997486
78400 0.9853352046442088
79524 0.9836723611935914
80656 0.9937897217437325
81796 0.9680151831978752
82944 0.9824148789661944
84100 0.9851370477742974
85264 0.9807490359821139
86436 0.9969367738342936
87616 0.9928821485070888
88804 0.9900232757667623
90000 0.9997699344195555
91204 1.0033166155701605
92416 1.0060127841099593
93636 0.9984674854700045
94864 0.9840004706429069
96100 0.9899070315894509
97344 0.9865270128626503
98596 0.9871263637043419
99856 0.9923191865046272
101124 0.981996694411459
102400 0.9953524357804641
103684 0.992700456393284
104976 0.9948471584713898
106276 0.9852047777374418
107584 0.9820241299252283
108900 0.9902097010127642
110224 1.001229848219331
111556 0.9994058894072091
112896 0.9926670726572961
114244 0.9975338230550945
115600 0.9931299769382194
116964 0.9873743468390342
118336 0.9818244686837456
119716 0.9885028046249851
121104 0.9930195220413376
122500 0.9902599448451399
123904 0.9877150546301721
125316 0.9948481190632295
126736 0.9986809756440932
128164 0.9937424915673547
129600 1.0034415376502064
131044 1.000851993147008
132496 1.0033121681013144
133956 0.9971871509241884
135424 1.0039793960011287
136900 1.0020510987399076
138384 0.984880490519371
139876 0.9999481274047415
141376 1.001593455136995
142884 0.9975928929044316
144400 0.9837795224302724
145924 0.9948212375477555
147456 1.0042099971139484
148996 1.0015022732130436
150544 0.9937621101599848
152100 0.9960905743964303
153664 1.0017845810004862
155236 0.9814525434064482
156816 0.9943247796808603
158404 1.004879733464605
160000 0.9979673964398758
161604 0.9981114568932632
163216 1.0179236706082315
164836 0.993766607690408
166464 0.9893928401726976
168100 0.9982240943952223
169744 0.9911945646499629
171396 1.0028087328086641
173056 1.0034733738144759
174724 0.9999826332813218
176400 0.9845279321851272
178084 1.0013291991545288
179776 0.9937849981094891
181476 0.9959219981650342
183184 0.9976109248995386
184900 1.0098208308862595
186624 0.9936223294158854
188356 0.9960695800367356
190096 0.9980743685523461
191844 1.0063063950334177
193600 1.0046240412459555
195364 0.9947607732439983
197136 0.9858553855718906
198916 0.9983532095471781
200704 0.9907955272377675
202500 0.9997420368887132
204304 0.9952129879340025
206116 0.9969872737030618
207936 0.9916798512848012
209764 1.01298506194039
211600 0.9924333748711769
213444 1.0059755442671303
215296 1.007612477155338
217156 1.0015582613353118
219024 1.0085301313367423
220900 0.9941681367523693
222784 1.0062939764558625
224676 1.0067505555413003
226576 1.000657612159722
228484 1.0091773074498533
230400 0.9930030054566502
232324 1.0028849613189703
234256 1.000281813240588
236196 1.0034816479986413
238144 1.0015401408796165
240100 0.9916417767949246
242064 1.0063395465871625
244036 1.0049262661382152
246016 0.9938239202368088
248004 0.9975765656540264
250000 0.9929977019889342
252004 0.9935813765631383
254016 0.9986195708004969
256036 1.0035553620658355
258064 1.0074862711552162
260100 0.9976400822753866
262144 1
