2 0.0805
4 0.109
6 0.1445
8 0.2095
10 0.257
12 0.303
14 0.334
16 0.391
18 0.4305
20 0.4835
22 0.47
24 0.5055
26 0.5595
28 0.6075
30 0.604
32 0.69
34 0.706
36 0.7625
38 0.7705
40 0.848
42 0.8655
44 0.896
46 0.859
48 1.003
50 1.0085
52 0.9935
54 1.0065
56 1.0875
58 1.109
60 1.1725
62 1.1225
64 1.261
66 1.2785
68 1.4415
70 1.327
72 1.427
74 1.4755
76 1.692
78 1.4545
80 1.697
82 1.6055
84 1.7745
86 1.5835
88 2.013
90 1.925
92 2.155
94 1.7025
96 2.312
98 1.933
100 2.089
102 1.9305
104 2.5205
106 2.152
108 2.323
110 1.9715
112 2.8255
114 2.408
116 2.371
118 2.088
120 3.1745
122 2.541
124 2.6495
126 2.301
128 3.31
130 2.7325
132 2.614
134 2.431
136 2.945
138 2.702
140 2.633
142 2.7105
144 3.149
146 3.031
148 2.8985
150 2.773
152 3.474
154 3.097
156 3.0175
158 3.0885
160 3.746
162 3.579
164 3.441
166 3.237
168 3.972
170 3.6835
172 3.763
174 3.6175
176 4.2065
178 4.0445
180 3.976
182 3.731
184 4.5775
186 4.127
188 4.0115
190 4.009
192 5.0315
194 4.893
196 4.764
198 4.2415
200 5.087
202 4.853
204 4.773
206 4.6725
208 5.4575
210 5.4695
212 5.13
214 5.023
216 5.7965
218 5.37
220 5.2945
222 5.1885
224 5.996
226 5.981
228 5.8575
230 5.457
232 6.0925
234 5.9355
236 5.8105
238 5.8765
240 6.451
242 6.38
244 6.256
246 6.0225
248 6.967
250 6.5575
252 6.5225
254 6.436
256 7.438
