2 80
4 107
6 154
8 199
10 230
12 316
14 333
16 384
18 462
20 559
22 515
24 677
26 714
28 759
30 824
32 870
34 979
36 980
38 1038
40 1059
42 1275
44 1417
46 1405
48 1519
50 1572
52 1477
54 1607
56 1732
58 1827
60 1860
62 1929
64 1996
66 2202
68 2143
70 2243
72 2189
74 2152
76 2395
78 2554
80 2694
82 2678
84 2840
86 2889
88 3056
90 3014
92 3065
94 3052
96 3393
98 3421
100 3341
102 2980
104 3572
106 3678
108 3916
110 3954
112 3808
114 4206
116 4164
118 4327
120 4595
122 4380
124 4350
126 4524
128 4724
130 4615
132 4708
134 4888
136 4665
138 4821
140 4847
142 4823
144 5444
146 5408
148 5263
150 5547
152 5602
154 5735
156 5766
158 5687
160 6063
162 6183
164 6197
166 6109
168 6157
170 6373
172 6500
174 6675
176 6720
178 6834
180 6811
182 6823
184 7029
186 6901
188 6971
190 7211
192 7077
194 7445
196 7499
198 7529
200 7603
202 7724
204 7782
206 7983
208 7882
210 8162
212 8187
214 8260
216 8233
218 8938
220 8722
222 8677
224 8808
226 8994
228 9213
230 9128
232 9270
234 9268
236 9180
238 9542
240 9676
242 9738
244 9802
246 9768
248 9827
250 9795
252 9994
254 10085
256 10355
