2 78
4 127
6 133
8 184
10 258
12 253
14 357
16 396
18 422
20 473
22 477
24 631
26 633
28 609
30 643
32 822
34 849
36 808
38 925
40 996
42 1095
44 1106
46 1024
48 1089
50 1304
52 1257
54 1345
56 1319
58 1494
60 1515
62 1608
64 1805
66 1756
68 1712
70 1737
72 1900
74 2067
76 2143
78 2126
80 2119
82 2204
84 2184
86 2312
88 2242
90 2447
92 2477
94 2565
96 2713
98 2715
100 2808
102 2763
104 2801
106 3023
108 2951
110 3271
112 3430
114 3374
116 3379
118 3514
120 3426
122 3474
124 3533
126 3489
128 3776
130 3971
132 4030
134 4054
136 4030
138 3939
140 4112
142 4106
144 4220
146 4289
148 4481
150 4582
152 4587
154 4642
156 4586
158 4544
160 4944
162 5054
164 5356
166 5201
168 5281
170 5341
172 5389
174 5528
176 5498
178 5598
180 5854
182 5858
184 5875
186 5964
188 5830
190 5883
192 6316
194 6116
196 6268
198 6110
200 6401
202 6287
204 6344
206 6365
208 6608
210 6693
212 6807
214 6928
216 7252
218 7244
220 7377
222 7179
224 7429
226 7318
228 7404
230 7373
232 7438
234 7671
236 7823
238 7862
240 8090
242 7976
244 7972
246 7957
248 8218
250 8071
252 8484
254 8677
256 8929
