2 0.0758125
4 0.10925
6 0.145437
8 0.165375
10 0.177562
12 0.234563
14 0.236563
16 0.269
18 0.28275
20 0.290687
22 0.337875
24 0.351625
26 0.360375
28 0.379375
30 0.41875
32 0.460125
34 0.460437
36 0.511375
38 0.519188
40 0.570562
42 0.58975
44 0.619313
46 0.63525
48 0.652625
50 0.683375
52 0.728063
54 0.762188
56 0.759125
58 0.8045
60 0.836812
62 0.853188
64 0.834125
66 0.901438
68 1.14213
70 1.17988
72 1.00925
74 1.04875
76 1.10437
78 1.11519
80 1.10856
82 1.15269
84 1.31387
86 1.354
88 1.435
90 1.40581
92 1.46419
94 1.489
96 1.50575
98 1.52181
100 1.56256
102 1.61938
104 1.77094
106 1.82494
108 1.7215
110 1.748
112 1.86081
114 1.88987
116 1.82994
118 1.91769
120 1.95056
122 1.99006
124 2.13987
126 2.16644
128 2.18644
130 2.20844
132 2.42519
134 2.40581
136 2.39019
138 2.40838
140 2.51056
142 2.47475
144 2.47825
146 2.53238
148 2.61562
150 2.6255
152 2.67162
154 2.60181
156 2.77756
158 2.81719
160 3.08856
162 3.02562
164 3.09244
166 3.03981
168 3.06706
170 3.10375
172 3.13013
174 3.21569
176 3.25019
178 3.30606
180 3.34313
182 3.41069
184 3.43425
186 3.47231
188 3.72794
190 3.68631
192 3.73106
194 3.78438
196 4.07269
198 4.04081
200 4.09544
202 4.11294
204 4.20213
206 4.20237
208 4.26294
210 4.29462
212 4.26606
214 4.13006
216 4.98606
218 4.13662
220 4.22325
222 4.21212
224 4.27031
226 4.28806
228 4.50888
230 4.49069
232 4.56238
234 4.6825
236 4.75625
238 4.77225
240 4.75869
242 4.78769
244 5.3755
246 5.19494
248 5.31894
250 5.37337
252 5.61662
254 5.53675
256 5.68431
