2 0.101687
4 0.119688
6 0.1465
8 0.165813
10 0.191125
12 0.220688
14 0.201
16 0.21075
18 0.282875
20 0.336062
22 0.326437
24 0.33275
26 0.351875
28 0.367125
30 0.386
32 0.4295
34 0.496188
36 0.536188
38 0.537438
40 0.543937
42 0.56925
44 0.594875
46 0.627063
48 0.65575
50 0.680125
52 0.710125
54 0.743063
56 0.773312
58 0.805563
60 0.835625
62 0.863688
64 0.893937
66 0.986563
68 1.36881
70 1.42219
72 1.09462
74 1.10563
76 1.17
78 1.1925
80 1.22069
82 1.25013
84 1.28781
86 1.3245
88 1.36369
90 1.40025
92 1.4365
94 1.47437
96 1.50769
98 1.54725
100 1.60013
102 1.73781
104 1.72469
106 1.73075
108 1.76019
110 1.79819
112 1.86531
114 1.90856
116 1.94056
118 1.97856
120 2.01975
122 2.06213
124 2.10275
126 2.14406
128 2.17644
130 2.26644
132 2.81163
134 2.90475
136 2.4405
138 2.43881
140 2.46775
142 2.51275
144 2.5515
146 2.60106
148 2.7705
150 2.70144
152 2.73612
154 2.79075
156 2.84375
158 2.88531
160 3.04956
162 3.03462
164 3.04575
166 3.16012
168 3.13131
170 3.17331
172 3.23475
174 3.26531
176 3.30662
178 3.35769
180 3.4005
182 3.46069
184 3.50762
186 3.55537
188 3.61281
190 3.65925
192 3.70344
194 4.61169
196 3.82244
198 3.88975
200 3.93294
202 4.05625
204 4.08038
206 4.09794
208 4.14975
210 4.20275
212 4.24475
214 4.30394
216 4.35325
218 4.398
220 4.48738
222 4.54737
224 4.59794
226 4.67469
228 4.71231
230 4.765
232 4.81037
234 4.94625
236 5.00169
238 5.02856
240 5.09606
242 5.14525
244 5.18288
246 5.22037
248 5.29044
250 5.35794
252 5.47606
254 5.51081
256 5.40456
