2 66
4 82
6 69
8 85
10 94
12 85
14 85
16 100
18 113
20 116
22 114
24 118
26 121
28 120
30 133
32 150
34 177
36 194
38 200
40 188
42 182
44 205
46 206
48 213
50 214
52 224
54 236
56 241
58 249
60 257
62 266
64 286
66 340
68 327
70 335
72 332
74 328
76 342
78 349
80 361
82 367
84 378
86 385
88 401
90 402
92 421
94 428
96 440
98 452
100 460
102 465
104 485
106 497
108 499
110 509
112 518
114 525
116 534
118 550
120 559
122 564
124 581
126 586
128 605
130 649
132 680
134 675
136 665
138 667
140 682
142 693
144 695
146 708
148 713
150 730
152 733
154 753
156 759
158 772
160 783
162 795
164 810
166 816
168 831
170 838
172 851
174 857
176 879
178 881
180 899
182 903
184 914
186 923
188 940
190 943
192 961
194 972
196 983
198 990
200 1005
202 1012
204 1024
206 1038
208 1047
210 1058
212 1069
214 1080
216 1090
218 1110
220 1110
222 1151
224 1137
226 1147
228 1153
230 1167
232 1185
234 1191
236 1201
238 1214
240 1228
242 1231
244 1246
246 1259
248 1266
250 1283
252 1297
254 1304
256 1331
