2 110
4 154
6 223
8 297
10 341
12 375
14 462
16 513
18 550
20 550
22 648
24 653
26 741
28 749
30 870
32 884
34 950
36 975
38 1034
40 1043
42 1161
44 1243
46 1343
48 1281
50 1348
52 1383
54 1450
56 1469
58 1562
60 1640
62 1662
64 1695
66 1770
68 1832
70 1866
72 1870
74 1948
76 2001
78 2032
80 2074
82 2173
84 2256
86 2371
88 2400
90 2440
92 2516
94 2491
96 2525
98 2633
100 2646
102 2705
104 2699
106 2877
108 2853
110 2871
112 2913
114 3038
116 3100
118 3206
120 3168
122 3229
124 3292
126 3321
128 3307
130 3437
132 3466
134 3554
136 3588
138 3697
140 3701
142 3700
144 3723
146 3837
148 3902
150 3995
152 3939
154 4044
156 4085
158 4119
160 4167
162 4275
164 4335
166 4433
168 4529
170 4708
172 4743
174 4752
176 4699
178 4823
180 4858
182 4946
184 4918
186 4983
188 4971
190 5041
192 5053
194 5189
196 5194
198 5300
200 5298
202 5384
204 5378
206 5403
208 5421
210 5562
212 5659
214 5664
216 5635
218 5739
220 5778
222 5797
224 5833
226 6035
228 6069
230 6140
232 6217
234 6355
236 6389
238 6417
240 6374
242 6498
244 6474
246 6561
248 6551
250 6639
252 6610
254 6620
256 6687
