2 0.179625
4 0.194125
6 0.244562
8 0.325937
10 0.375187
12 0.450188
14 0.509
16 0.587125
18 0.628625
20 0.681812
22 0.926063
24 0.966063
26 0.980313
28 1.132
30 1.04981
32 1.08931
34 1.12688
36 1.19456
38 1.26006
40 1.30969
42 1.37844
44 1.50094
46 1.70587
48 1.60769
50 1.654
52 1.72781
54 1.78556
56 1.85031
58 1.92525
60 2.00888
62 2.03531
64 2.10063
66 2.13394
68 2.24256
70 2.26875
72 2.34119
74 2.4065
76 2.51219
78 2.56219
80 2.60419
82 2.66987
84 2.72912
86 2.94894
88 3.03125
90 3.07944
92 3.23413
94 3.21994
96 3.32525
98 3.282
100 3.37337
102 3.41219
104 3.41325
106 3.508
108 3.54994
110 3.67419
112 3.62769
114 3.69363
116 3.82706
118 4.04781
120 3.95606
122 4.30381
124 4.22369
126 4.0955
128 4.15975
130 4.19612
132 4.27981
134 4.34219
136 5.28475
138 4.48037
140 4.55919
142 4.58681
144 4.58975
146 4.66294
148 4.76237
150 4.85544
152 4.9045
154 5.01856
156 5.06469
158 5.0935
160 5.09275
162 5.17713
164 5.34281
166 5.47656
168 5.82606
170 5.81769
172 5.76756
174 5.93463
176 5.81531
178 5.87113
180 5.97025
182 6.05119
184 6.18625
186 6.17231
188 6.21112
190 6.28694
192 6.28919
194 6.31325
196 6.40969
198 6.4935
200 6.56525
202 6.62906
204 6.66
206 6.76006
208 6.78306
210 6.85975
212 6.922
214 7.12344
216 7.08825
218 7.17063
220 7.42669
222 7.25138
224 7.80831
226 7.41131
228 7.5365
230 7.65325
232 7.82925
234 7.89863
236 7.91219
238 8.12144
240 7.94156
242 8.0395
244 8.12663
246 8.1595
248 8.19794
250 8.27619
252 8.28725
254 8.3795
256 8.59988
