2 0.0925
4 0.168
6 0.2635
8 0.35
10 0.4935
12 0.552
14 0.6735
16 0.728
18 0.8365
20 0.882
22 1.0705
24 1.156
26 1.2395
28 1.319
30 1.465
32 1.529
34 1.6205
36 1.6435
38 1.8355
40 1.923
42 1.8155
44 2.1105
46 2.3
48 2.2685
50 2.474
52 2.6015
54 2.697
56 2.797
58 2.7835
60 2.9975
62 3.0755
64 3.3025
66 3.3315
68 3.445
70 3.522
72 3.805
74 3.748
76 3.947
78 4.0395
80 4.2215
82 4.0735
84 4.2055
86 4.574
88 4.597
90 4.5705
92 4.97
94 4.796
96 5.1415
98 4.9515
100 5.432
102 5.6055
104 5.593
106 5.4645
108 5.8215
110 5.7095
112 6.072
114 5.7985
116 6.3775
118 6.221
120 6.6145
122 6.534
124 6.9
126 6.7895
128 7.326
130 6.9125
132 7.1935
134 7.105
136 7.608
138 7.275
140 7.9115
142 7.8485
144 8.156
146 7.861
148 8.392
150 8.2535
152 8.6935
154 8.333
156 8.602
158 8.547
160 8.883
162 8.7575
164 9.189
166 9.12
168 9.4615
170 9.148
172 9.658
174 9.6185
176 10.2795
178 9.6435
180 10.1285
182 10.0055
184 10.6665
186 10.123
188 10.984
190 10.261
192 10.8605
194 10.69
196 11.083
198 10.9725
200 11.4825
202 11.183
204 11.65
206 11.575
208 12.1875
210 11.829
212 12.108
214 12.0385
216 12.824
218 12.3105
220 12.535
222 12.292
224 13.0785
226 12.544
228 13.073
230 13.383
232 13.6885
234 13.402
236 14.092
238 13.7115
240 14.307
242 13.866
244 14.453
246 14.231
248 14.9555
250 14.4745
252 15.0905
254 14.7775
256 15.425
