2 0.095
4 0.0875
6 0.19
8 0.278
10 0.323
12 0.332
14 0.3465
16 0.423
18 0.583
20 0.6045
22 0.735
24 0.845
26 0.7545
28 0.958
30 0.964
32 1.036
34 1.1775
36 1.1025
38 1.275
40 0.842
42 1.4325
44 1.495
46 1.575
48 1.546
50 1.7495
52 1.7505
54 1.879
56 1.9015
58 2.1395
60 2.1675
62 2.2495
64 2.258
66 2.3955
68 2.458
70 2.4575
72 2.6095
74 2.692
76 2.704
78 2.852
80 2.9465
82 2.806
84 3.1265
86 3.1875
88 3.263
90 3.418
92 3.567
94 3.5925
96 3.723
98 3.4625
100 3.8465
102 3.7685
104 3.9075
106 4.0185
108 4.0795
110 4.184
112 4.238
114 4.429
116 4.3105
118 4.609
120 4.483
122 4.7995
124 4.7315
126 5.0015
128 4.7395
130 5.1945
132 4.993
134 5.129
136 5.376
138 5.5575
140 5.69
142 5.7015
144 5.5735
146 5.8075
148 5.8005
150 5.916
152 6.169
154 6.058
156 6.312
158 6.334
160 6.389
162 6.412
164 6.631
166 6.5945
168 6.8275
170 6.8175
172 7.1
174 6.9745
176 7.1695
178 7.2765
180 7.0255
182 7.139
184 7.691
186 7.656
188 7.959
190 7.684
192 7.8575
194 8.1285
196 8.2115
198 8.284
200 8.268
202 8.619
204 8.583
206 8.5155
208 8.562
210 9.0695
212 8.9715
214 9.2555
216 9.0565
218 8.7825
220 9.1465
222 9.443
224 9.5095
226 9.524
228 9.552
230 9.3835
232 9.568
234 10.077
236 10.105
238 10.1325
240 9.9295
242 10.1125
244 10.161
246 10.467
248 10.4185
250 10.8365
252 10.6905
254 10.893
256 10.667
