2 0.0835
4 0.098
6 0.1145
8 0.157
10 0.213
12 0.216
14 0.2555
16 0.259
18 0.2885
20 0.293
22 0.2865
24 0.3225
26 0.3195
28 0.333
30 0.3425
32 0.358
34 0.365
36 0.399
38 0.41
40 0.4605
42 0.4585
44 0.5095
46 0.4755
48 0.4955
50 0.5035
52 0.57
54 0.5385
56 0.5485
58 0.5425
60 0.578
62 0.555
64 0.6045
66 0.613
68 0.628
70 0.6155
72 0.7015
74 0.6945
76 0.7285
78 0.734
80 0.772
82 0.7875
84 0.873
86 0.871
88 0.8695
90 0.908
92 0.9195
94 0.9285
96 0.9785
98 0.9695
100 0.9825
102 1.0105
104 1.006
106 1.019
108 1.005
110 1.004
112 1.053
114 1.0475
116 1.039
118 1.094
120 1.0585
122 1.0405
124 1.0875
126 1.0925
128 1.1245
130 1.154
132 1.14
134 1.1745
136 1.2265
138 1.2205
140 1.263
142 1.325
144 1.325
146 1.3445
148 1.366
150 1.393
152 1.426
154 1.476
156 1.4485
158 1.459
160 1.488
162 1.5435
164 1.555
166 1.6115
168 1.6635
170 1.6905
172 1.7245
174 1.7205
176 1.7395
178 1.7725
180 1.7845
182 1.778
184 1.839
186 1.8535
188 1.895
190 1.924
192 1.8985
194 1.964
196 1.917
198 1.906
200 1.932
202 1.9955
204 2.015
206 1.998
208 2.0175
210 2.087
212 2.042
214 2.015
216 2.0325
218 2.0835
220 2.0925
222 2.0985
224 2.1195
226 2.137
228 2.1675
230 2.1495
232 2.1285
234 2.229
236 2.183
238 2.154
240 2.246
242 2.218
244 2.2145
246 2.1395
248 2.1995
250 2.1945
252 2.21
254 2.193
256 2.2735
