2 0.0625
4 0.0855
6 0.091
8 0.134
10 0.144
12 0.187
14 0.1595
16 0.193
18 0.2485
20 0.252
22 0.261
24 0.2775
26 0.311
28 0.3065
30 0.289
32 0.3345
34 0.3465
36 0.36
38 0.404
40 0.443
42 0.457
44 0.4355
46 0.4535
48 0.4595
50 0.509
52 0.5195
54 0.55
56 0.537
58 0.5625
60 0.539
62 0.5385
64 0.5725
66 0.593
68 0.585
70 0.598
72 0.651
74 0.6825
76 0.71
78 0.7075
80 0.7445
82 0.764
84 0.807
86 0.839
88 0.85
90 0.8855
92 0.8975
94 0.939
96 0.9515
98 0.9555
100 0.975
102 0.9825
104 0.976
106 1.001
108 0.992
110 1.0345
112 1.0005
114 1.071
116 1.045
118 1.054
120 1.058
122 1.0625
124 1.057
126 1.065
128 1.068
130 1.146
132 1.1375
134 1.195
136 1.207
138 1.201
140 1.2415
142 1.285
144 1.3305
146 1.3335
148 1.352
150 1.398
152 1.388
154 1.43
156 1.444
158 1.476
160 1.4495
162 1.521
164 1.5315
166 1.573
168 1.6645
170 1.657
172 1.655
174 1.704
176 1.742
178 1.742
180 1.7735
182 1.7675
184 1.8045
186 1.868
188 1.906
190 1.925
192 1.9475
194 2.0145
196 1.965
198 1.903
200 1.8865
202 1.9965
204 2.018
206 1.979
208 2.0225
210 2.05
212 2.0455
214 1.978
216 2.013
218 2.046
220 2.094
222 2.1445
224 2.1225
226 2.1405
228 2.1405
230 2.0395
232 2.092
234 2.146
236 2.16
238 2.182
240 2.197
242 2.1565
244 2.1825
246 2.1325
248 2.1405
250 2.1275
252 2.1875
254 2.1905
256 2.254
