16 0.791125
64 3.08769
144 7.54656
256 14.0582
400 24.4749
576 35.3619
784 48.3916
1024 65.2321
1296 84.7559
1600 107.893
1936 132.547
2304 159.663
2704 189.663
3136 221.833
3600 258.536
4096 298.715
4624 339.225
5184 385.949
5776 429.27
6400 486.141
7056 545.194
7744 599.662
8464 658.998
9216 725.648
10000 799.072
10816 879.095
11664 947.121
12544 1021.08
13456 1092.66
14400 1166.3
15376 1251.53
16384 1346.48
17424 1436.09
18496 1525.95
19600 1612.59
20736 1714.47
21904 1818.09
23104 1929.09
24336 2030.48
25600 2135.09
26896 2278.27
28224 2363.63
29584 2484.21
30976 2614.62
32400 2757.25
33856 2908.64
35344 3039.92
36864 3160.08
38416 3293.8
40000 3430.83
41616 3585.12
43264 3758.91
44944 3924.09
46656 4098.38
48400 4257.01
50176 4414.6
51984 4596.9
53824 4771.95
55696 4970.31
57600 5137.53
59536 5332.89
61504 5534.94
63504 5731.29
65536 5894.08
67600 6128.89
69696 6336.24
71824 6508.17
73984 6734.24
76176 7005.81
78400 7200.12
80656 7388.25
82944 7682.29
85264 7903.48
87616 8136.77
90000 8364.04
92416 8615.77
94864 8864.5
97344 9156.9
99856 9396.07
102400 9646.56
104976 9949.5
107584 10160
110224 10502.3
112896 10783.5
115600 11124.1
118336 11395.9
121104 11658
123904 11960
126736 12345.6
129600 12556.7
132496 12871.1
135424 13280.2
138384 13577.3
141376 13842.4
144400 14183.8
147456 14499.7
150544 14843.1
153664 15256.9
156816 15548.8
160000 15865.5
163216 16240
166464 16560
169744 16933.6
173056 17337.4
176400 17694
179776 18112.8
183184 18472.9
186624 18862.9
190096 19239
193600 19669.3
197136 20088.3
200704 20498.8
204304 20968.4
207936 21466.6
211600 21770.2
215296 22183.6
219024 22556
222784 23066.3
226576 23528.9
230400 23877.2
234256 24272.9
238144 24769
242064 25385.1
246016 25717.2
250000 26106.6
254016 26615
258064 27080.7
262144 27586.6
