16 0.685813
64 2.6635
144 6.12125
256 11.7949
400 18.8755
576 28.5374
784 37.656
1024 49.3912
1296 62.8188
1600 78.0241
1936 95.0697
2304 112.385
2704 131.523
3136 152.465
3600 173.356
4096 197.23
4624 224.685
5184 252.295
5776 278.875
6400 311.487
7056 342.314
7744 381.512
8464 418.502
9216 459.23
10000 502.861
10816 550.461
11664 593.201
12544 645.995
13456 700.245
14400 751.277
15376 803.791
16384 857.879
17424 912.237
18496 964.69
19600 1023.11
20736 1087.27
21904 1146.04
23104 1204.32
24336 1270.3
25600 1333.18
26896 1404.83
28224 1477.16
29584 1551.62
30976 1621.95
32400 1712.22
33856 1774.42
35344 1853.31
36864 1942.75
38416 2035.17
40000 2110.3
41616 2196.3
43264 2301.33
44944 2378.45
46656 2467.33
48400 2558.82
50176 2657.62
51984 2763.2
53824 2873.67
55696 2980.8
57600 3110.71
59536 3194.11
61504 3291.86
63504 3398.45
65536 3488.63
67600 3624.16
69696 3737.96
71824 3879.68
73984 3970.4
76176 4109.37
78400 4239.16
80656 4366.7
82944 4478.89
85264 4592.89
87616 4753.26
90000 4887.01
92416 5054.39
94864 5129.55
97344 5278.21
99856 5441.99
102400 5556.25
104976 5657.16
107584 5825.57
110224 6041.41
112896 6114.37
115600 6290.01
118336 6428.92
121104 6673.44
123904 6797.54
126736 6887.01
129600 7065.66
132496 7219.44
135424 7422.81
138384 7559.98
141376 7744.96
144400 7870.85
147456 8084.93
150544 8273.76
153664 8446.51
156816 8685.96
160000 8857.64
163216 9031.89
166464 9226.17
169744 9406.23
173056 9583.22
176400 9821.19
179776 9981.19
183184 10197.2
186624 10390.1
190096 10612.8
193600 10785.3
197136 11022.9
200704 11248.2
204304 11512.1
207936 11705.9
211600 11919.3
215296 12100.1
219024 12372.2
222784 12572.7
226576 12751.1
230400 12969.6
234256 13335.9
238144 13462.2
242064 13656.5
246016 14023.7
250000 14163.7
254016 14410.1
258064 14599.2
262144 14984.9
