16 0.767813
64 2.77606
144 6.55088
256 12.5118
400 20.4673
576 30.4135
784 42.0619
1024 55.1672
1296 70.7313
1600 86.4793
1936 105.392
2304 124.913
2704 149.118
3136 172.393
3600 200.299
4096 226.803
4624 259.22
5184 286.905
5776 321.71
6400 357.113
7056 395.561
7744 435.206
8464 478.897
9216 523.384
10000 574.701
10816 628.198
11664 681.695
12544 729.876
13456 789.495
14400 842.673
15376 896.374
16384 955.923
17424 1012.85
18496 1071.52
19600 1134.69
20736 1190.42
21904 1266.4
23104 1329.48
24336 1404.39
25600 1475.19
26896 1566.9
28224 1617.1
29584 1706.55
30976 1784.87
32400 1860.5
33856 1954.8
35344 2036.25
36864 2138.57
38416 2237.21
40000 2331.85
41616 2436.17
43264 2531.99
44944 2625.77
46656 2736.73
48400 2843.55
50176 2955.06
51984 3057.83
53824 3168.25
55696 3300.14
57600 3396.58
59536 3539.71
61504 3634.44
63504 3759.76
65536 3854.47
67600 4007.74
69696 4131.54
71824 4273.83
73984 4410.72
76176 4532.11
78400 4663.91
80656 4781.92
82944 4940.67
85264 5083.63
87616 5227.49
90000 5399.87
92416 5525.68
94864 5702.94
97344 5799.96
99856 5986.17
102400 6159.63
104976 6319.81
107584 6458.06
110224 6665.57
112896 6841.27
115600 6991.42
118336 7165.66
121104 7311.66
123904 7533.57
126736 7719.76
129600 7860.35
132496 8039.5
135424 8221.8
138384 8368.75
141376 8595.05
144400 8790.7
147456 9014.29
150544 9200.79
153664 9374.83
156816 9556.75
160000 9845.81
163216 10019.3
166464 10191
169744 10423.6
173056 10633.8
176400 10855.5
179776 11016.3
183184 11267.6
186624 11487.4
190096 11730.4
193600 11971.1
197136 12179
200704 12424
204304 12685.1
207936 12908.7
211600 13132.5
215296 13357.7
219024 13622.2
222784 13823.3
226576 14129.6
230400 14279.7
234256 14616.1
238144 14928.7
242064 15100.4
246016 15363.6
250000 15690.5
254016 15905.8
258064 16171.8
262144 16316.3
