16 0.429688
64 0.4885
144 1.03956
256 1.75975
400 2.79506
576 4.15825
784 5.83919
1024 7.796
1296 10.3361
1600 13.1361
1936 16.2373
2304 19.9326
2704 24.0394
3136 28.4528
3600 33.1678
4096 38.2852
4624 44.2843
5184 50.9778
5776 57.2614
6400 64.2119
7056 72.4249
7744 81.5754
8464 88.4968
9216 100.924
10000 110.014
10816 117.789
11664 129.145
12544 140.124
13456 151.32
14400 164.221
15376 178.824
16384 191.635
17424 205.149
18496 221.725
19600 236.652
20736 254.565
21904 274.369
23104 290.306
24336 307.079
25600 329.165
26896 351.236
28224 369.027
29584 389.299
30976 410.653
32400 432.362
33856 466.086
35344 480.047
36864 499.561
38416 523.843
40000 550.303
41616 579.445
43264 605.355
44944 629.912
46656 656.521
48400 691.507
50176 723.154
51984 749.147
53824 780.55
55696 806.09
57600 858.533
59536 875.471
61504 894.798
63504 921.126
65536 953.823
67600 987.303
69696 1018.93
71824 1054.73
73984 1090.54
76176 1130.71
78400 1165.13
80656 1198.94
82944 1234.71
85264 1271.01
87616 1307.18
90000 1346.13
92416 1382.96
94864 1425.93
97344 1484.89
99856 1533.58
102400 1545.3
104976 1596.88
107584 1631.28
110224 1674.53
112896 1711.68
115600 1757.21
118336 1813.49
121104 1847.75
123904 1902.99
126736 1935.9
129600 1983.54
132496 2066.76
135424 2077.19
138384 2165.33
141376 2181.04
144400 2239.28
147456 2296.64
150544 2365.37
153664 2409.69
156816 2468.37
160000 2510.68
163216 2565.02
166464 2622.84
169744 2670.16
173056 2739.1
176400 2792.7
179776 2833.34
183184 2920.2
186624 2986.96
190096 3048.5
193600 3107.15
197136 3199.28
200704 3251.56
204304 3328.33
207936 3388.97
211600 3451.78
215296 3500.65
219024 3573.21
222784 3657.73
226576 3716.58
230400 3767.76
234256 3840.22
238144 3920.22
242064 3973.23
246016 4026.73
250000 4123.86
254016 4196.62
258064 4250.33
262144 4321.77
