16 0.940875
64 2.801
144 6.48369
256 11.7669
400 20.1336
576 32.7271
784 50.2331
1024 71.0104
1296 98.0089
1600 130.715
1936 171.936
2304 223.232
2704 283.614
3136 354.62
3600 434.585
4096 525.114
4624 631.255
5184 757.141
5776 905.699
6400 1063.31
7056 1253.08
7744 1460.59
8464 1708.53
9216 1977.36
10000 2277.66
10816 2637.82
11664 3016.46
12544 3436.47
13456 3929.95
14400 4423.25
15376 4996.55
16384 5604.98
17424 6226.53
18496 6971.2
19600 7751.81
20736 8614.25
21904 9558.9
23104 10568.4
24336 11676.7
25600 12927.9
26896 14141.4
28224 15446.1
29584 16946.7
30976 18503
32400 20175.7
33856 21972.6
35344 23889.6
36864 25878.2
38416 27924.1
40000 30191.4
41616 32540.2
43264 35153.3
44944 37803.3
46656 40632.6
48400 43580.1
50176 46838.2
51984 50117.7
53824 53486
55696 57240.1
57600 61145.4
59536 65061.7
61504 69391.7
63504 73521.4
65536 78092.2
67600 83137.8
69696 88289.5
71824 93584.9
73984 99298.9
76176 105236
78400 111731
80656 118558
82944 125448
85264 133413
87616 141165
90000 149938
92416 158996
94864 168674
97344 178743
99856 189372
102400 200700
104976 212181
107584 224552
110224 237304
112896 251715
115600 265916
118336 280859
121104 296954
123904 313309
126736 330558
129600 348658
132496 367964
135424 386910
138384 407319
141376 428715
144400 450176
147456 472197
150544 495244
153664 519472
156816 544790
160000 570881
163216 597843
166464 624800
169744 657620
173056 686011
176400 715680
179776 745725
183184 777500
186624 812622
190096 846649
193600 883112
197136 919769
200704 958413
204304 996794
207936 1.03701e+06
211600 1.07764e+06
215296 1.1205e+06
219024 1.16405e+06
222784 1.20886e+06
226576 1.25515e+06
230400 1.30209e+06
234256 1.35131e+06
238144 1.40173e+06
242064 1.4541e+06
246016 1.50734e+06
250000 1.5596e+06
254016 1.61464e+06
258064 1.67064e+06
262144 1.72984e+06
