16 0.63725
64 1.15512
144 2.92944
256 5.75094
400 10.6489
576 19.6269
784 30.3879
1024 46.9138
1296 68.5427
1600 100.146
1936 139.593
2304 189.733
2704 252.45
3136 331.736
3600 435.499
4096 557.978
4624 708.302
5184 891.315
5776 1111.34
6400 1350.23
7056 1646.29
7744 1986.56
8464 2371.28
9216 2799.39
10000 3353.39
10816 3950.89
11664 4649.77
12544 5386.95
13456 6208.09
14400 7098.32
15376 8163.01
16384 9212.2
17424 10417.6
18496 11733.7
19600 13268.5
20736 14857.7
21904 16615.4
23104 18576.8
24336 20561.3
25600 22592.7
26896 25011.4
28224 27578.8
29584 30252.9
30976 33073.2
32400 36100.1
33856 39482.9
35344 42906.6
36864 46780.4
38416 50903.3
40000 55112.9
41616 59825.6
43264 64920.4
44944 70100.8
46656 75680.9
48400 81475.4
50176 87801.9
51984 94405.1
53824 101591
55696 108611
57600 116201
59536 124080
61504 133004
63504 141439
65536 150766
67600 160891
69696 172008
71824 183665
73984 196468
76176 211389
78400 226680
80656 244200
82944 261949
85264 281392
87616 301668
90000 323273
92416 346371
94864 370310
97344 395622
99856 422746
102400 449916
104976 478873
107584 510324
110224 541301
112896 574109
115600 608776
118336 644223
121104 682114
123904 719923
126736 760220
129600 801489
132496 844078
135424 888622
138384 934269
141376 981562
144400 1.02994e+06
147456 1.08018e+06
150544 1.13225e+06
153664 1.1909e+06
156816 1.24299e+06
160000 1.29786e+06
163216 1.35732e+06
166464 1.41742e+06
169744 1.4808e+06
173056 1.54525e+06
176400 1.60976e+06
179776 1.67852e+06
183184 1.74853e+06
186624 1.82059e+06
190096 1.89529e+06
193600 1.97124e+06
197136 2.04921e+06
200704 2.13189e+06
204304 2.21476e+06
207936 2.30685e+06
211600 2.38712e+06
215296 2.47633e+06
219024 2.56678e+06
222784 2.661e+06
226576 2.75606e+06
230400 2.85567e+06
234256 2.95641e+06
238144 3.06258e+06
242064 3.16845e+06
246016 3.27786e+06
250000 3.39113e+06
254016 3.50873e+06
258064 3.62259e+06
262144 3.74284e+06
