16 1.39138
64 2.26462
144 4.79275
256 7.88837
400 13.6076
576 17.9037
784 24.9242
1024 31.5201
1296 41.1284
1600 50.9633
1936 62.0076
2304 73.7999
2704 89.3108
3136 99.2217
3600 114.571
4096 126.837
4624 144.909
5184 163.872
5776 189.926
6400 208.908
7056 225.966
7744 255.473
8464 274.479
9216 299.237
10000 325.249
10816 378.19
11664 403.879
12544 427.242
13456 457.773
14400 492.752
15376 541.188
16384 558.22
17424 609.008
18496 642.292
19600 682.233
20736 741.121
21904 803.658
23104 845.224
24336 863.253
25600 918.522
26896 967.84
28224 1033.88
29584 1094.73
30976 1137.61
32400 1174.27
33856 1246.56
35344 1299.92
36864 1346.24
38416 1420.44
40000 1479.91
41616 1566.24
43264 1678.59
44944 1737.62
46656 1788.5
48400 1827.86
50176 1904.06
51984 1983.7
53824 2043.27
55696 2102.15
57600 2159.23
59536 2305.98
61504 2338.33
63504 2403.06
65536 2412.04
67600 2542.52
69696 2661.78
71824 2722.23
73984 2791.43
76176 2919.45
78400 2945.41
80656 3040.86
82944 3152.52
85264 3280.93
87616 3431.3
90000 3489.58
92416 3606.54
94864 3623.17
97344 3707.91
99856 3802.57
102400 3916.59
104976 3978.89
107584 4078.58
110224 4180.3
112896 4255.47
115600 4403.42
118336 4573.11
121104 4722.77
123904 4852.65
126736 4795.65
129600 4902.94
132496 5035.76
135424 5175.54
138384 5299.43
141376 5439.19
144400 5504.85
147456 5576.8
150544 5770.74
153664 5856.65
156816 5980.01
160000 6065.14
163216 6192.71
166464 6369.21
169744 6574.25
173056 6743.81
176400 6951.64
179776 7061.09
183184 7177.34
186624 7267.47
190096 7322.48
193600 7467.31
197136 7544.7
200704 7707.9
204304 7895.54
207936 8017.45
211600 8140.31
215296 8288.63
219024 8385.58
222784 8561.24
226576 8678.02
230400 8804.95
234256 9090.1
238144 9390.36
242064 9492.5
246016 9556.09
250000 9682.41
254016 9790.95
258064 9792.46
262144 9933.2
