16 1.44175
64 3.75212
144 9.87531
256 15.8319
400 27.756
576 39.8124
784 55.2597
1024 73.0026
1296 95.7747
1600 119.889
1936 148.644
2304 178.779
2704 213.755
3136 246.263
3600 283.437
4096 324.157
4624 378.927
5184 430.5
5776 484.713
6400 543.925
7056 613.471
7744 686.76
8464 754.981
9216 807.337
10000 886.213
10816 969.518
11664 1041.77
12544 1122.17
13456 1222.79
14400 1301.6
15376 1414.36
16384 1496.94
17424 1624.21
18496 1712.14
19600 1826.64
20736 1935.48
21904 2050.88
23104 2157.95
24336 2301.93
25600 2416.87
26896 2540.07
28224 2667.21
29584 2819.22
30976 2971.27
32400 3072.92
33856 3256.04
35344 3433.43
36864 3559.55
38416 3739.82
40000 3880.62
41616 4056.6
43264 4235.09
44944 4388.28
46656 4570.16
48400 4745.52
50176 4918.37
51984 5111.9
53824 5311.39
55696 5493.38
57600 5684.41
59536 5904.33
61504 6162.02
63504 6315.21
65536 6448.56
67600 6767.22
69696 7014.54
71824 7231.5
73984 7442.98
76176 7719.67
78400 7958.87
80656 8122.97
82944 8398.6
85264 8663.25
87616 8908.43
90000 9133.67
92416 9409.59
94864 9652.68
97344 9906.99
99856 10187.5
102400 10492.3
104976 10773.8
107584 11053
110224 11326.3
112896 11590.1
115600 11868.6
118336 12282.2
121104 12628.4
123904 12923.2
126736 13182.2
129600 13453.4
132496 13748.6
135424 14123
138384 14483.8
141376 14846
144400 15137.4
147456 15424.7
150544 15866.4
153664 16220.2
156816 16567.3
160000 16863.6
163216 17196.7
166464 17570.5
169744 18005.6
173056 18349.5
176400 18693.7
179776 19080.9
183184 19444.4
186624 19800.8
190096 20229.6
193600 20555.9
197136 20912.5
200704 21365.4
204304 21781.8
207936 22235.7
211600 22623.4
215296 23062.7
219024 23460.1
222784 23865.3
226576 24205.7
230400 24578.6
234256 25137.4
238144 25813.8
242064 26202
246016 26702.6
250000 27119.7
254016 27466.3
258064 27803.4
262144 28132.3
