16 1.27006
64 2.20562
144 5.33419
256 7.85344
400 13.0761
576 18.0222
784 24.8956
1024 32.0821
1296 41.6107
1600 51.5953
1936 63.4497
2304 76.1186
2704 92.5617
3136 102.56
3600 118.512
4096 135.169
4624 149.37
5184 170.71
5776 194.329
6400 217.937
7056 233.506
7744 262.574
8464 283.455
9216 307.212
10000 345.958
10816 389.073
11664 418.343
12544 439.666
13456 469.59
14400 506.706
15376 554.115
16384 582.824
17424 631.161
18496 657.215
19600 715.973
20736 752.624
21904 826.166
23104 863.018
24336 896.925
25600 945.362
26896 984.929
28224 1038.88
29584 1127.57
30976 1174.03
32400 1228.83
33856 1270.23
35344 1342.71
36864 1380.95
38416 1463.39
40000 1593.49
41616 1735.3
43264 1743.24
44944 1760.58
46656 1831.72
48400 1882
50176 1948.54
51984 2041.55
53824 2089.45
55696 2169.32
57600 2241.15
59536 2359.45
61504 2420.8
63504 2485.02
65536 2534.76
67600 2642.3
69696 2750.8
71824 2809.54
73984 2860.09
76176 2976.51
78400 3151.41
80656 3146.09
82944 3239.71
85264 3428.79
87616 3524.53
90000 3534.06
92416 3656.41
94864 3724.82
97344 3836.09
99856 3932.16
102400 4049.09
104976 4120.87
107584 4201.84
110224 4327.57
112896 4429.58
115600 4534.94
118336 4739.57
121104 4836.75
123904 4948.88
126736 5010.67
129600 5065.72
132496 5205.4
135424 5324.19
138384 5518.23
141376 5643.32
144400 5704.5
147456 5759.12
150544 5927.39
153664 6082.48
156816 6241.15
160000 6354.18
163216 6435.03
166464 6567.96
169744 6812.01
173056 7048.66
176400 7154.95
179776 7231.13
183184 7327.74
186624 7478.97
190096 7598.78
193600 7746.75
197136 7807.33
200704 7969.46
204304 8109.61
207936 8252.33
211600 8376.56
215296 8526.34
219024 8726.09
222784 8840.09
226576 9016.67
230400 9118.5
234256 9403
238144 9604.71
242064 9811.49
246016 9927.67
250000 10062.9
254016 10199.7
258064 10396.9
262144 10458.5
