16 0.658063
64 2.85294
144 6.71781
256 12.103
400 19.3764
576 29.3026
784 40.8069
1024 54.8188
1296 69.3576
1600 89.0452
1936 111.218
2304 129.745
2704 153.879
3136 184.749
3600 211.105
4096 243.633
4624 275.076
5184 311.993
5776 349.067
6400 391.832
7056 432.845
7744 485.116
8464 539.926
9216 586.89
10000 643.601
10816 692.101
11664 756.064
12544 818.921
13456 870.785
14400 947.578
15376 1003.8
16384 1074.04
17424 1124.49
18496 1217.79
19600 1283.54
20736 1345.66
21904 1441.25
23104 1515.05
24336 1610.65
25600 1703.06
26896 1795.19
28224 1876.36
29584 1987.19
30976 2081.59
32400 2175.81
33856 2255.77
35344 2400.07
36864 2534.28
38416 2659.53
40000 2789.08
41616 2856.25
43264 2963.9
44944 3116.33
46656 3243.73
48400 3330.54
50176 3462.47
51984 3590.45
53824 3737.08
55696 3888.88
57600 4040.54
59536 4246.2
61504 4347.66
63504 4507.21
65536 4651.84
67600 4862.07
69696 4957.39
71824 5114.01
73984 5275.42
76176 5466.34
78400 5631.07
80656 5820.27
82944 5965.21
85264 6204.58
87616 6407.52
90000 6539.72
92416 6732.3
94864 6938.6
97344 7048.4
99856 7316.5
102400 7576.15
104976 7710.13
107584 7993.28
110224 8243.89
112896 8396.26
115600 8467.55
118336 8852.46
121104 9070.65
123904 9280.33
126736 9395.18
129600 9797.1
132496 9969.66
135424 10267.3
138384 10488.8
141376 10591.3
144400 10890.8
147456 11095.1
150544 11249.1
153664 11620.2
156816 11864.4
160000 11959.8
163216 12364.2
166464 12736.9
169744 12935.4
173056 13195.4
176400 13480.7
179776 13783
183184 14227.9
186624 14259
190096 14662.4
193600 14932.1
197136 15423.9
200704 15660.3
204304 15822.2
207936 16149.9
211600 16515.8
215296 16791.9
219024 17148.2
222784 17302.1
226576 17612
230400 17731.2
234256 18276
238144 18794.9
242064 19299
246016 19462
250000 19713.4
254016 19940
258064 20313.1
262144 20804.3
