16 0.526438
64 0.851375
144 1.71813
256 2.53412
400 4.76394
576 6.001
784 8.81469
1024 10.4279
1296 14.7069
1600 18.3484
1936 22.1302
2304 25.9172
2704 32.5872
3136 39.0532
3600 45.3613
4096 47.5519
4624 55.31
5184 63.7531
5776 76.898
6400 81.1143
7056 88.7463
7744 97.6788
8464 101.694
9216 116.835
10000 126.014
10816 143.48
11664 156.593
12544 171.399
13456 185.261
14400 195.435
15376 203.005
16384 208.383
17424 230.762
18496 247.244
19600 267.034
20736 284.871
21904 314.516
23104 337.408
24336 361.415
25600 369.282
26896 400.606
28224 406.324
29584 417.354
30976 443.228
32400 447.358
33856 475.367
35344 502.935
36864 539.726
38416 560.303
40000 583.658
41616 624.821
43264 665.412
44944 697.04
46656 712.373
48400 757.031
50176 794.911
51984 813.391
53824 844.717
55696 849.186
57600 890.202
59536 894.225
61504 932.4
63504 926.666
65536 952.871
67600 976.024
69696 1041.36
71824 1077.34
73984 1128.72
76176 1148.92
78400 1201.64
80656 1222.46
82944 1271.2
85264 1344.93
87616 1390.93
90000 1431.75
92416 1497.67
94864 1519.02
97344 1580
99856 1661.92
102400 1609.8
104976 1689.63
107584 1737.45
110224 1740.2
112896 1751.28
115600 1844.08
118336 1842.66
121104 1874.8
123904 1920.22
126736 1907
129600 1948.18
132496 2011.59
135424 2047.02
138384 2124.61
141376 2167.07
144400 2214.86
147456 2320.84
150544 2312.76
153664 2391.3
156816 2502.6
160000 2488.4
163216 2585
166464 2677.51
169744 2756.34
173056 2852.08
176400 2880.2
179776 2965.99
183184 3087.77
186624 3077.62
190096 3149.43
193600 3263.35
197136 3417.26
200704 3386.94
204304 3416.03
207936 3501.59
211600 3559.31
215296 3643.6
219024 3610.49
222784 3707.06
226576 3727.06
230400 3826.56
234256 3907.93
238144 3906.25
242064 3931.11
246016 4015.73
250000 4043.4
254016 4041.16
258064 4087.15
262144 4154.2
