16 0.548625
64 1.006
144 1.79363
256 2.72263
400 4.95575
576 6.22819
784 9.23269
1024 10.8643
1296 15.218
1600 19.5856
1936 22.3861
2304 27.5848
2704 34.4829
3136 40.0344
3600 45.0347
4096 48.7362
4624 56.1624
5184 65.3933
5776 76.7897
6400 82.9557
7056 90.6107
7744 98.6744
8464 104.464
9216 121.071
10000 130.977
10816 150.581
11664 158.955
12544 178.306
13456 189.935
14400 201.303
15376 212.29
16384 217.915
17424 236.814
18496 254.121
19600 275.035
20736 298.113
21904 326.317
23104 352.982
24336 372.664
25600 382.216
26896 421.047
28224 421.327
29584 438.982
30976 460.752
32400 469.013
33856 491.044
35344 522.528
36864 553.618
38416 572.462
40000 601.448
41616 642.824
43264 681.29
44944 717.13
46656 735.695
48400 784.108
50176 819.271
51984 844.276
53824 885.525
55696 881.801
57600 933.51
59536 930.088
61504 968.93
63504 971.768
65536 999.115
67600 1019.09
69696 1080.5
71824 1094.3
73984 1155.31
76176 1178.56
78400 1244.1
80656 1267.65
82944 1332.72
85264 1410.76
87616 1441.25
90000 1513.91
92416 1545.57
94864 1575.16
97344 1629.07
99856 1706.15
102400 1667.04
104976 1741.76
107584 1830.74
110224 1804.44
112896 1833.1
115600 1902.25
118336 1885.15
121104 1933.27
123904 1985
126736 1964.35
129600 2007.76
132496 2064.97
135424 2113.56
138384 2206.31
141376 2229.83
144400 2286.06
147456 2382.7
150544 2434.29
153664 2477.75
156816 2572.29
160000 2596.28
163216 2670.25
166464 2752.47
169744 2823.38
173056 2930.1
176400 3004.41
179776 3054.93
183184 3174.74
186624 3165.71
190096 3272.29
193600 3343.38
197136 3475.62
200704 3494.7
204304 3467.06
207936 3621.29
211600 3642.64
215296 3754.51
219024 3715.44
222784 3758.61
226576 3806.6
230400 3959.35
234256 3935.38
238144 3960.21
242064 4005.74
246016 4138.22
250000 4083.51
254016 4177.23
258064 4166.96
262144 4281.24
