2048 112.1
4096 188.456
6144 254.316
8192 339.938
10240 427.098
12288 571.537
14336 625.719
16384 696.59
18432 845.846
20480 1056.63
22528 988.706
24576 1110.92
26624 1165.66
28672 1255.42
30720 1416.84
32768 1548.85
34816 1604.88
36864 1647.95
38912 1801.76
40960 1902.21
43008 2125.23
45056 2085.7
47104 2127.61
49152 2337.83
51200 2375.27
53248 2426.15
55296 2612.36
57344 2884.65
59392 2804.56
61440 2892.75
63488 2996.13
65536 3305.79
67584 3435.25
69632 3339.19
71680 3360.1
73728 3461.43
75776 3500.35
77824 3792.27
79872 3708.95
81920 3961.12
83968 4026.94
86016 4095
88064 4310.98
90112 4343.01
92160 4348.5
94208 4606.22
96256 4547.29
98304 4666.85
100352 4737.81
102400 5041.08
104448 4987.15
106496 4973.49
108544 5270.49
110592 5215.62
112640 5345.53
114688 5608.94
116736 5640.47
118784 5642.99
120832 5879.43
122880 5869.15
124928 6017.28
126976 6265.09
129024 6142.8
131072 6212.5
133120 6488.86
135168 6394.08
137216 6818.78
139264 6609.85
141312 6820.78
143360 7301.98
145408 7044.32
147456 7179.29
149504 7213.3
151552 7419.26
153600 7409.69
155648 8041.42
157696 7484.86
159744 7594.99
161792 7856.22
163840 8096.66
165888 7857.46
167936 8085.06
169984 8212.04
172032 8174.21
174080 8283.39
176128 8328.35
178176 8503.48
180224 8531.18
182272 8575.02
184320 8813.23
186368 9416.15
188416 9761.32
190464 9194.24
192512 9261.59
194560 9323.36
196608 9358.96
198656 9529.88
200704 9648.34
202752 9842.61
204800 9955.98
206848 9810.53
208896 10092.6
210944 10143.3
212992 10366.4
215040 10361.4
217088 10451.3
219136 10630
221184 10600.4
223232 10854.3
225280 10816.8
227328 10903.2
229376 10987
231424 11134.2
233472 11297.5
235520 11392.5
237568 11789.4
239616 11562.4
241664 11613.6
243712 11848.4
245760 11832.4
247808 12082.6
249856 12228.7
251904 12334.6
253952 12430.3
256000 12507.7
258048 13259.9
260096 12711.3
262144 12793.9
