2048 153.928
4096 317.226
6144 481.146
8192 640.4
10240 809.89
12288 976.016
14336 1120.43
16384 1315.28
18432 1486.71
20480 1637.14
22528 1800.66
24576 1979.85
26624 2130.44
28672 2305.54
30720 2485.23
32768 2651.63
34816 2862.27
36864 3041.17
38912 3163.72
40960 3371.83
43008 3571.56
45056 3722.9
47104 3902.98
49152 4116.43
51200 4280.53
53248 4469.4
55296 4624.39
57344 4803.33
59392 4970.71
61440 5147.88
63488 5306.88
65536 5541.2
67584 5701.15
69632 5851.87
71680 6088.19
73728 6250.36
75776 6424.16
77824 6566.64
79872 6766.95
81920 6908.4
83968 7132.76
86016 7323.44
88064 7502.97
90112 7644.91
92160 7859.47
94208 7845.65
96256 7875.97
98304 8401.8
100352 8545.75
102400 8750.57
104448 8974.2
106496 9128.87
108544 9334.6
110592 9509.27
112640 9726.78
114688 9853.58
116736 10093
118784 10242.2
120832 10461.4
122880 10593
124928 10824.6
126976 10975.7
129024 11217.4
131072 11319.9
133120 11513.1
135168 11677.2
137216 11900.5
139264 12063.6
141312 12260.4
143360 12344.6
145408 12671.8
147456 12881.6
149504 12997
151552 13194.2
153600 13392.2
155648 13567.9
157696 13750.1
159744 13919.8
161792 14121.3
163840 14353.2
165888 14521
167936 14731.5
169984 14792.4
172032 15096.6
174080 15258.3
176128 15462.1
178176 15642.8
180224 15687.8
182272 16018.2
184320 16183.1
186368 16412.9
188416 16542.7
190464 16751.6
192512 16915
194560 17067
196608 17208
198656 17540.3
200704 17675.7
202752 17910.2
204800 18089
206848 18227.7
208896 18454.1
210944 18510.4
212992 18743.5
215040 18834
217088 19097.8
219136 19309.6
221184 19565.6
223232 19517.9
225280 19600.4
227328 19856.8
229376 20028.6
231424 20343.8
233472 20388.5
235520 20659.2
237568 20955.8
239616 20915.3
241664 21214.2
243712 21537.9
245760 21609.4
247808 21655.3
249856 21831.4
251904 21895.1
253952 22193.8
256000 22445.5
258048 22922.6
260096 23148.3
262144 23200.3
