2048 197.655
4096 417.218
6144 648.409
8192 896.026
10240 1150.33
12288 1388.25
14336 1630.41
16384 1885.81
18432 2156.73
20480 2403.3
22528 2678.24
24576 3094.22
26624 3363.1
28672 3484.43
30720 3763.95
32768 4052.09
34816 4314.36
36864 4566.16
38912 4861.58
40960 5124.15
43008 5417.6
45056 5688.16
47104 5958.88
49152 6271.87
51200 6551.99
53248 6836.05
55296 7132.59
57344 7433.69
59392 7697.94
61440 8007.47
63488 8315.57
65536 8593.03
67584 8882.69
69632 9157.49
71680 9462.31
73728 9757.31
75776 10062.3
77824 10352.8
79872 10652.8
81920 10935.5
83968 11261.7
86016 11515.9
88064 11830.3
90112 12186.1
92160 12465.5
94208 12778.2
96256 13088.4
98304 13397
100352 13700.5
102400 14025.6
104448 14316.9
106496 14671
108544 14961.7
110592 15276.4
112640 15604.9
114688 15880.2
116736 16189.1
118784 16570.1
120832 16859.9
122880 17202.6
124928 17458.2
126976 17849
129024 18189.9
131072 18420.7
133120 18777.5
135168 19094.7
137216 19433.9
139264 19717.3
141312 20071
143360 20364.5
145408 20718.3
147456 21025.1
149504 21359.8
151552 21663.2
153600 22009.5
155648 22356.1
157696 22655.9
159744 22931.8
161792 23279.8
163840 23637.2
165888 23964.8
167936 24351.1
169984 24610.6
172032 24980.6
174080 25283.3
176128 25646.6
178176 25946.2
180224 26355.4
182272 26622.4
184320 26944.5
186368 27317.4
188416 27644.4
190464 27965.5
192512 28291.3
194560 28624.1
196608 28968.7
198656 29514.2
200704 29631.3
202752 29977.7
204800 30258.1
206848 30639.8
208896 31000.7
210944 31328.6
212992 31683.7
215040 31992
217088 32364.1
219136 32703
221184 33070.3
223232 33345.3
225280 33761.1
227328 34069.9
229376 34409.3
231424 34766.5
233472 35052.9
235520 35423.9
237568 35785.4
239616 36216.6
241664 36480.8
243712 36831.2
245760 37223.1
247808 37549.4
249856 37880.3
251904 38232.8
253952 38574.5
256000 38897.8
258048 39241.6
260096 39570.8
262144 40030.9
