2048 16487
4096 36729
6144 58794
8192 80844
10240 105466
12288 129921
14336 154475
16384 179131
18432 206150
20480 233325
22528 260499
24576 287549
26624 314734
28672 350694
30720 375275
32768 407391
34816 437810
36864 468035
38912 506937
40960 536387
43008 560850
45056 599995
47104 620813
49152 649815
51200 694865
53248 718768
55296 746186
57344 771001
59392 801468
61440 831820
63488 863186
65536 892465
67584 925991
69632 957767
71680 989855
73728 1023046
75776 1055315
77824 1089227
79872 1119985
81920 1152876
83968 1186579
86016 1217896
88064 1249717
90112 1282812
92160 1314771
94208 1348300
96256 1379356
98304 1412292
100352 1424906
102400 1458490
104448 1489583
106496 1509106
108544 1570474
110592 1608434
112640 1642803
114688 1674781
116736 1706449
118784 1737910
120832 1772236
122880 1793340
124928 1837370
126976 1856527
129024 1856747
131072 1933158
133120 1969218
135168 1986197
137216 2023671
139264 2074974
141312 2108911
143360 2134185
145408 2132961
147456 2152602
149504 2185670
151552 2220484
153600 2254434
155648 2288176
157696 2322550
159744 2357257
161792 2389969
163840 2425849
165888 2460742
167936 2493776
169984 2527041
172032 2560363
174080 2595598
176128 2630193
178176 2663166
180224 2698134
182272 2731778
184320 2767367
186368 2801606
188416 2837430
190464 2879507
192512 2955261
194560 3003675
196608 2972026
198656 3022201
200704 3055779
202752 3088817
204800 3203219
206848 3248883
208896 3260425
210944 3272560
212992 3307558
215040 3391547
217088 3389648
219136 3362461
221184 3397960
223232 3471086
225280 3563509
227328 3540018
229376 3537062
231424 3568635
233472 3602465
235520 3638266
237568 3672235
239616 3708749
241664 3740317
243712 3775447
245760 3809514
247808 3893151
249856 3880545
251904 3918152
253952 3945511
256000 3979629
258048 4016273
260096 4046679
262144 4083808
