2048 265.467
4096 729.199
6144 1364.48
8192 2175.54
10240 3145.97
12288 4332.32
14336 5691.46
16384 7184.53
18432 8967.02
20480 10876.6
22528 13147.9
24576 15353.6
26624 17863.6
28672 20561.4
30720 23497.4
32768 26678
34816 30273.1
36864 33848.5
38912 37740.8
40960 42201.6
43008 46403.6
45056 50418.1
47104 55472.2
49152 60144.2
51200 65415.9
53248 70627.8
55296 76235.3
57344 81812.8
59392 88235.7
61440 94584.3
63488 101764
65536 108480
67584 116182
69632 123298
71680 130345
73728 139451
75776 147966
77824 156179
79872 165029
81920 174489
83968 184487
86016 193496
88064 204375
90112 214313
92160 225094
94208 236514
96256 247963
98304 259950
100352 273034
102400 285249
104448 299875
106496 312411
108544 325904
110592 339698
112640 354463
114688 369794
116736 382624
118784 399224
120832 415124
122880 430181
124928 446932
126976 462666
129024 480500
131072 498197
133120 516326
135168 534432
137216 553426
139264 572335
141312 592993
143360 612251
145408 633519
147456 654014
149504 676463
151552 697093
153600 719361
155648 740739
157696 762937
159744 786904
161792 810559
163840 834162
165888 857990
167936 881550
169984 907188
172032 933018
174080 958292
176128 983592
178176 1.00943e+06
180224 1.03606e+06
182272 1.06225e+06
184320 1.08899e+06
186368 1.11809e+06
188416 1.1458e+06
190464 1.17359e+06
192512 1.20126e+06
194560 1.23046e+06
196608 1.25985e+06
198656 1.28972e+06
200704 1.31843e+06
202752 1.34843e+06
204800 1.37819e+06
206848 1.40848e+06
208896 1.44012e+06
210944 1.47144e+06
212992 1.50455e+06
215040 1.53617e+06
217088 1.56944e+06
219136 1.60211e+06
221184 1.63615e+06
223232 1.66973e+06
225280 1.70235e+06
227328 1.73725e+06
229376 1.77255e+06
231424 1.80709e+06
233472 1.84133e+06
235520 1.87563e+06
237568 1.90992e+06
239616 1.94823e+06
241664 1.98617e+06
243712 2.0199e+06
245760 2.05843e+06
247808 2.0959e+06
249856 2.13383e+06
251904 2.17124e+06
253952 2.20789e+06
256000 2.25031e+06
258048 2.29393e+06
260096 2.33287e+06
262144 2.37367e+06
