2048 154620
4096 562626
6144 1258487
8192 2240419
10240 3587004
12288 5325093
14336 7263225
16384 9601203
18432 12301632
20480 14776897
22528 17773647
24576 20959168
26624 24508311
28672 28354812
30720 32407372
32768 36708949
34816 41343452
36864 47502403
38912 51316633
40960 57280022
43008 62904951
45056 69540861
47104 75781807
49152 82133920
51200 90324369
53248 97963028
55296 105602859
57344 113998533
59392 122912207
61440 134326234
63488 143326146
65536 154319928
67584 165995041
69632 178171441
71680 189995943
73728 204876391
75776 217653295
77824 233361413
79872 249429090
81920 264745062
83968 281154652
86016 299174701
88064 316330111
90112 336004872
92160 353327141
94208 375979660
96256 399341611
98304 417279315
100352 436709880
102400 459634872
104448 479484562
106496 503367548
108544 526123514
110592 550950467
112640 573602028
114688 598316414
116736 623166629
118784 647756021
120832 675272286
122880 703182096
124928 728594439
126976 757324478
129024 786046494
131072 814249228
133120 843887587
135168 887706377
137216 904696668
139264 933246519
141312 964764707
143360 997607011
145408 1030055444
147456 1061978373
149504 1096431605
151552 1133131827
153600 1165732793
155648 1202862353
157696 1237886968
159744 1273496646
161792 1311696244
163840 1348040626
165888 1386400565
167936 1428434679
169984 1467546715
172032 1500723922
174080 1541808852
176128 1774502617
178176 1926245834
180224 1975773771
182272 2024058086
184320 2071791824
186368 2124430568
188416 2174988708
190464 2223537619
192512 2279436956
194560 2330101989
196608 2383775327
198656 2440032590
200704 2495746152
202752 2553519682
204800 2626727076
206848 2669984010
208896 2720479783
210944 2778495257
212992 2836055243
215040 2915580371
217088 2975090234
219136 3035331492
221184 3133542284
223232 3137455616
225280 3198449098
227328 2776057668
229376 2809912283
231424 2869198805
233472 2911818608
235520 2964329426
237568 3011420593
239616 3066905764
241664 3115840275
243712 3174774191
245760 3229041103
247808 3284665122
249856 3345194918
251904 3403994938
253952 3462982301
256000 3526311339
258048 3590259594
260096 3643850903
262144 3706823304
