2048 96.328
4096 181.743
6144 278.56
8192 372.699
10240 466.22
12288 587.986
14336 662.635
16384 757.095
18432 851.765
20480 953.603
22528 1066.05
24576 1153.23
26624 1250.62
28672 1345.22
30720 1472.04
32768 1543.44
34816 1699.21
36864 1749.39
38912 1869.1
40960 1939.89
43008 2108.55
45056 2186.34
47104 2292.48
49152 2362.32
51200 2483.57
53248 2546.18
55296 2674.55
57344 2753.57
59392 2925.83
61440 3019.64
63488 3102.54
65536 3147.72
67584 3280.38
69632 3404.92
71680 3504.64
73728 3560.57
75776 3698.16
77824 3801.01
79872 3934.27
81920 3974.89
83968 4124.53
86016 4287.34
88064 4433.28
90112 4455.24
92160 4578.25
94208 4662.56
96256 4764.39
98304 4802.31
100352 4935.21
102400 5053.34
104448 5145.06
106496 5191.43
108544 5343
110592 5442.53
112640 5529
114688 5606.1
116736 5783.79
118784 5985.88
120832 6078.59
122880 6152
124928 6219.63
126976 6315.66
129024 6382.48
131072 6424.12
133120 6561
135168 6677
137216 7103.67
139264 6966.11
141312 7074.99
143360 7156.32
145408 7211.14
147456 7245.87
149504 7392.46
151552 7542.05
153600 7684.25
155648 7770.2
157696 7911.58
159744 7966.23
161792 8008.63
163840 8052.28
165888 8214.6
167936 8415.49
169984 8631.01
172032 8741.07
174080 8903.19
176128 9012.62
178176 9091.44
180224 9038.19
182272 9163.29
184320 9309.78
186368 9412.55
188416 9494.75
190464 9626.01
192512 9686.28
194560 9758.41
196608 9796.84
198656 9917.42
200704 10048
202752 10206.9
204800 10304.8
206848 10416.7
208896 10483.4
210944 10561.6
212992 10593
215040 10743.9
217088 10882.9
219136 11039.3
221184 11295.6
223232 11211.2
225280 11298.6
227328 11386.8
229376 11438.8
231424 11609.2
233472 11808.1
235520 11989.3
237568 12168
239616 12253.3
241664 12431.8
243712 12495.2
245760 12541.6
247808 12632.2
249856 12695.6
251904 12746.3
253952 12909.4
256000 12962.7
258048 12998.9
260096 13091.5
262144 13085.9
