2048 70623
4096 140807
6144 220408
8192 286527
10240 362805
12288 446214
14336 513804
16384 578460
18432 670358
20480 745446
22528 843322
24576 908437
26624 988737
28672 1056456
30720 1150636
32768 1190973
34816 1302027
36864 1355436
38912 1436016
40960 1512698
43008 1637325
45056 1718660
47104 1772248
49152 1819469
51200 1918201
53248 1986776
55296 2075594
57344 2146889
59392 2284972
61440 2335507
63488 2389386
65536 2392340
67584 2517243
69632 2630059
71680 2680940
73728 2748123
75776 2886672
77824 2905377
79872 2987181
81920 3046255
83968 3224481
86016 3249224
88064 3362201
90112 3422773
92160 3570154
94208 3552783
96256 3642724
98304 3736800
100352 3840403
102400 3834290
104448 3914186
106496 4022460
108544 4199708
110592 4198761
112640 4200327
114688 4340394
116736 4477730
118784 4607896
120832 4581435
122880 4662522
124928 4786562
126976 4761273
129024 4834721
131072 4898224
133120 4984490
135168 5143808
137216 5221833
139264 5280397
141312 5387496
143360 5437632
145408 5510280
147456 5570405
149504 5599042
151552 5837139
153600 5853922
155648 5872960
157696 5964793
159744 6063010
161792 6126521
163840 6204146
165888 6268786
167936 6450897
169984 6555020
172032 6617333
174080 6872290
176128 6847227
178176 6906665
180224 6991344
182272 7005196
184320 7145779
186368 7170732
188416 7277116
190464 7305514
192512 7302043
194560 7519048
196608 7400289
198656 7547026
200704 7723419
202752 7724038
204800 7868852
206848 7959349
208896 8004207
210944 8042700
212992 8144073
215040 8207466
217088 8446838
219136 8387560
221184 8443425
223232 8580721
225280 8582209
227328 8644669
229376 8658539
231424 8830059
233472 9016304
235520 9146523
237568 9155324
239616 9338105
241664 9302519
243712 9432884
245760 9463680
247808 9565350
249856 9664135
251904 9603925
253952 9632592
256000 9861414
258048 9766434
260096 9787374
262144 9862716
