2048 131.337
4096 272.749
6144 422.889
8192 572.461
10240 742.61
12288 894.25
14336 1056
16384 1212.15
18432 1387.88
20480 1545.06
22528 1712.51
24576 1867.12
26624 2047.38
28672 2201.6
30720 2404.91
32768 2522.02
34816 2752.09
36864 2967.8
38912 3088.8
40960 3237.7
43008 3435.04
45056 3948.78
47104 3791.29
49152 4003.03
51200 4169.16
53248 4328.26
55296 4473.4
57344 4603.48
59392 4886.51
61440 5041
63488 5208.45
65536 5727.31
67584 5998.24
69632 5836.48
71680 5967.9
73728 6189.44
75776 6321.86
77824 6470.94
79872 6629.59
81920 6779.8
83968 6991.31
86016 7183.11
88064 7457.84
90112 7513.76
92160 7700.06
94208 7862.91
96256 8036.01
98304 8215.21
100352 8413.79
102400 8620.06
104448 8939.8
106496 9082.12
108544 9177.2
110592 9373.14
112640 9546.45
114688 9726.07
116736 9894.17
118784 10144.7
120832 10368
122880 10543.2
124928 10738.9
126976 10862.5
129024 10997.2
131072 11164.3
133120 11434.3
135168 11617.6
137216 11919.2
139264 12059.6
141312 12239.3
143360 12402.8
145408 12561.1
147456 12717.1
149504 12943.5
151552 13155.5
153600 13343.3
155648 13532
157696 13704.4
159744 13935.5
161792 14224.2
163840 14292.9
165888 14441.2
167936 15313.3
169984 15890.9
172032 15132.7
174080 15317.3
176128 15408.5
178176 15598.5
180224 15713.1
182272 16334.3
184320 16867.8
186368 16363.4
188416 16467.7
190464 16633.9
192512 16765.9
194560 16955.5
196608 17098.3
198656 17403.7
200704 17600.9
202752 17803
204800 18065.3
206848 18213.5
208896 18399
210944 18581
212992 18750.5
215040 18969.9
217088 19174.1
219136 19344.7
221184 19959
223232 19909.6
225280 19922.6
227328 20873.3
229376 20224.8
231424 20448.3
233472 20733.5
235520 21029.6
237568 21230.7
239616 21983.6
241664 21671.8
243712 21835.1
245760 22034.2
247808 22236
249856 22716.5
251904 23270.3
253952 23022.1
256000 22836.6
258048 22978.3
260096 23079.1
262144 23327.2
