2048 22346
4096 47516
6144 82593
8192 100939
10240 136604
12288 170854
14336 193131
16384 218179
18432 252482
20480 285218
22528 341933
24576 369367
26624 392702
28672 413159
30720 439796
32768 461582
34816 504764
36864 538645
38912 579581
40960 623566
43008 647080
45056 729417
47104 724668
49152 775376
51200 781483
53248 825504
55296 832540
57344 881901
59392 889152
61440 938353
63488 930239
65536 971321
67584 997182
69632 1056496
71680 1064989
73728 1130691
75776 1140411
77824 1201051
79872 1226182
81920 1272961
83968 1312283
86016 1329007
88064 1368101
90112 1504333
92160 1493757
94208 1485377
96256 1525099
98304 1579853
100352 1601142
102400 1638276
104448 1675420
106496 1733150
108544 1748149
110592 1731959
112640 1794895
114688 1811473
116736 1819186
118784 1854941
120832 1857389
122880 1891146
124928 1896239
126976 1908817
129024 1931372
131072 2008276
133120 2011025
135168 2038670
137216 2079794
139264 2204627
141312 2203065
143360 2185626
145408 2236904
147456 2331129
149504 2361182
151552 2400154
153600 2459442
155648 2479217
157696 2491802
159744 2495639
161792 2550303
163840 2619344
165888 2706309
167936 2726801
169984 2751818
172032 2764223
174080 2891680
176128 2863598
178176 2937473
180224 3126318
182272 3093643
184320 3080493
186368 3070878
188416 3090773
190464 3120189
192512 3228655
194560 3249282
196608 3305282
198656 3344958
200704 3379673
202752 3357618
204800 3347152
206848 3458372
208896 3473842
210944 3509433
212992 3517898
215040 3614495
217088 3725044
219136 3609308
221184 3624382
223232 3615363
225280 3740748
227328 3709716
229376 3743145
231424 3840350
233472 3833500
235520 3787163
237568 3794200
239616 3856221
241664 3855202
243712 3966376
245760 4052544
247808 4011760
249856 3967253
251904 3963608
253952 3975544
256000 4078342
258048 4026226
260096 4062921
262144 4153658
