2048 21020
4096 44704
6144 79555
8192 95041
10240 128686
12288 161953
14336 185843
16384 202348
18432 236068
20480 268975
22528 321895
24576 339603
26624 366432
28672 383172
30720 406732
32768 427015
34816 461942
36864 497479
38912 535041
40960 567038
43008 597570
45056 675279
47104 666553
49152 725634
51200 746756
53248 781359
55296 775695
57344 815464
59392 817274
61440 854063
63488 855114
65536 895465
67584 913732
69632 987318
71680 991961
73728 1058288
75776 1063017
77824 1131789
79872 1121682
81920 1188772
83968 1224690
86016 1242814
88064 1294364
90112 1417945
92160 1388230
94208 1396969
96256 1448483
98304 1508722
100352 1527559
102400 1507409
104448 1551861
106496 1595223
108544 1611009
110592 1604348
112640 1679616
114688 1703012
116736 1708638
118784 1714333
120832 1737814
122880 1790787
124928 1792986
126976 1794388
129024 1803325
131072 1880280
133120 1894056
135168 1919964
137216 1955262
139264 2038451
141312 2068690
143360 2055788
145408 2107184
147456 2190531
149504 2198234
151552 2224185
153600 2315828
155648 2345293
157696 2361980
159744 2354769
161792 2401758
163840 2486787
165888 2536755
167936 2562997
169984 2605354
172032 2603400
174080 2681135
176128 2710375
178176 2807502
180224 2936840
182272 2929868
184320 2925659
186368 2893800
188416 2924518
190464 2964375
192512 3024777
194560 3059643
196608 3125887
198656 3189556
200704 3196812
202752 3172306
204800 3166600
206848 3258471
208896 3264265
210944 3304994
212992 3355145
215040 3400015
217088 3391645
219136 3372324
221184 3380176
223232 3451429
225280 3531277
227328 3557865
229376 3556237
231424 3619317
233472 3596588
235520 3567011
237568 3614362
239616 3668125
241664 3662830
243712 3689221
245760 3773515
247808 3823951
249856 3783455
251904 3772233
253952 3793489
256000 3804906
258048 3818297
260096 3866970
262144 3966253
