2048 103800
4096 223020
6144 351076
8192 476189
10240 609699
12288 731226
14336 860500
16384 1002169
18432 1148696
20480 1302092
22528 1440507
24576 1593454
26624 1691586
28672 1823607
30720 1986078
32768 2148591
34816 2314403
36864 2447314
38912 2590647
40960 2702227
43008 2849018
45056 3027532
47104 3195071
49152 3318182
51200 3502535
53248 3657205
55296 3762749
57344 3882655
59392 4082338
61440 4269204
63488 4438148
65536 4613321
67584 4649252
69632 4799157
71680 4987899
73728 5154798
75776 5315259
77824 5408474
79872 5625762
81920 5737524
83968 5929782
86016 6055177
88064 6173642
90112 6269016
92160 6495581
94208 6651786
96256 6904603
98304 6902122
100352 7087755
102400 7279040
104448 7428240
106496 7608393
108544 7791319
110592 7876922
112640 7998878
114688 8179980
116736 8326584
118784 8707617
120832 8715826
122880 8913821
124928 9016171
126976 9254526
129024 9250005
131072 9475249
133120 9599567
135168 9861490
137216 9982556
139264 10190836
141312 10457248
143360 10505212
145408 10734271
147456 10895194
149504 10917366
151552 11156606
153600 11341303
155648 11330563
157696 11518780
159744 11523274
161792 11930257
163840 12004107
165888 12364307
167936 12393419
169984 12691217
172032 12727075
174080 12840241
176128 13106747
178176 13139255
180224 13314184
182272 13752951
184320 13507344
186368 13914231
188416 14157636
190464 14278778
192512 14278093
194560 14524026
196608 14601177
198656 14762775
200704 15256985
202752 15121923
204800 15453792
206848 15478829
208896 15804931
210944 16015914
212992 16355685
215040 16211864
217088 16308150
219136 16610304
221184 16774868
223232 16797057
225280 17171630
227328 17228263
229376 17141756
231424 17735670
233472 17745270
235520 17902245
237568 18185082
239616 18310170
241664 18231762
243712 18720457
245760 18793609
247808 18997942
249856 18978995
251904 19329721
253952 19659525
256000 19658868
258048 20009211
260096 19833823
262144 20171501
