16 0.795
64 4.151
144 9.966
256 19.613
400 32.025
576 47.306
784 66.103
1024 90.545
1296 116.929
1600 147.166
1936 182.338
2304 224.024
2704 261.776
3136 310.548
3600 359.589
4096 415.117
4624 474.432
5184 536.217
5776 603.423
6400 682.58
7056 756.786
7744 835.949
8464 918.039
9216 1012.71
10000 1111.33
10816 1208.16
11664 1305.73
12544 1421.73
13456 1527.29
14400 1656.67
15376 1794.51
16384 1918.17
17424 2059.89
18496 2209.13
19600 2338.1
20736 2480.33
21904 2639.56
23104 2797.4
24336 2959.32
25600 3135.54
26896 3298.23
28224 3474.88
29584 3653.6
30976 3847.18
32400 4031.87
33856 4234.01
35344 4450.4
36864 4646.84
38416 4789.28
40000 5020.98
41616 5239.11
43264 5429.7
44944 5707.87
46656 5947.51
48400 6170.44
50176 6418.06
51984 6667.8
53824 6942.15
55696 7200.32
57600 7481.85
59536 7758.66
61504 8002.5
63504 8335.33
65536 8604.97
67600 8918.05
69696 9231
71824 9534.85
73984 9825.59
76176 10164.4
78400 10426.7
80656 10812.9
82944 11152.6
85264 11474.2
87616 11848.4
90000 12186.9
92416 12554.8
94864 12938.2
97344 13294.9
99856 13678.2
102400 14055
104976 14465.5
107584 14867.8
110224 15308.8
112896 15699.1
115600 16094
118336 16538.4
121104 16969.7
123904 17410.1
126736 17837.7
129600 18345.1
132496 18793.3
135424 19265.1
138384 19690.5
141376 20114
144400 20637.4
147456 21072.8
150544 21564.4
153664 22073.9
156816 22559.2
160000 23104.1
163216 23560.7
166464 24086.9
169744 24663.4
173056 25171.4
176400 25701.7
179776 26282.2
183184 26846.1
186624 27377.7
190096 27972.2
193600 28540.6
197136 29160.7
200704 29755.7
204304 30269.2
207936 30918.6
211600 31509.4
215296 32115.2
219024 32774.2
222784 33421.5
226576 34163
230400 34652.7
234256 35266.8
238144 35983.1
242064 36698.6
246016 37250.1
250000 37956.2
254016 38786.1
258064 39328.3
262144 40037.3
