16 0.932
64 3.584
144 8.919
256 16.745
400 26.491
576 40.054
784 53.834
1024 69.526
1296 88.6
1600 110.693
1936 135.608
2304 160.008
2704 188.114
3136 213.717
3600 245.335
4096 285.111
4624 318.114
5184 358.128
5776 389.593
6400 437.14
7056 476.989
7744 536.988
8464 592.801
9216 671.412
10000 714.34
10816 765.401
11664 826.425
12544 911.236
13456 984.235
14400 1043.87
15376 1098.28
16384 1178.28
17424 1243.36
18496 1365.16
19600 1438.12
20736 1524.53
21904 1608.99
23104 1679.87
24336 1811.51
25600 1897.93
26896 2003.63
28224 2112.99
29584 2195.13
30976 2321.59
32400 2422.11
33856 2488.82
35344 2659.15
36864 2733.69
38416 2863.66
40000 2971.29
41616 3121.48
43264 3272.33
44944 3420.12
46656 3537.37
48400 3613.11
50176 3761.5
51984 3933.32
53824 4018.04
55696 4237.92
57600 4407.98
59536 4467.76
61504 4648.32
63504 4851.55
65536 5018.54
67600 5202.98
69696 5297.74
71824 5466.32
73984 5708.24
76176 5894.73
78400 5984.23
80656 6234.1
82944 6348.38
85264 6477.85
87616 6745.82
90000 6933.14
92416 7090.4
94864 7359.71
97344 7508.61
99856 7691.89
102400 7888.9
104976 8187.48
107584 8271.03
110224 8469.56
112896 8766.21
115600 8887.43
118336 9152.82
121104 9362.27
123904 9645.22
126736 9826.6
129600 10123.2
132496 10376.2
135424 10517.3
138384 10791
141376 11104.8
144400 11261.3
147456 11648.6
150544 11779.7
153664 11272.2
156816 11024.9
160000 11171.2
163216 11282.8
166464 12757.5
169744 13418.7
173056 13766.8
176400 13877.5
179776 14152.5
183184 14516.1
186624 14807.8
190096 15097.5
193600 15424.1
197136 15702.9
200704 16114.9
204304 16266
207936 16641.5
211600 17088.4
215296 17249.4
219024 17494.3
222784 17872.2
226576 18206.7
230400 18528.3
234256 18800.1
238144 19098.7
242064 19382.9
246016 19846.8
250000 20156.8
254016 20455.8
258064 20819
262144 21133.1
