16 1.02
64 3.874
144 8.968
256 17.282
400 27.795
576 40.838
784 58.026
1024 76.196
1296 95.989
1600 117.806
1936 143.584
2304 171.79
2704 205.813
3136 240.216
3600 275.955
4096 316.101
4624 356.936
5184 396.166
5776 452.852
6400 492.4
7056 549.593
7744 597.354
8464 664.19
9216 723.965
10000 798.658
10816 864.967
11664 922.431
12544 990.946
13456 1081.13
14400 1142.14
15376 1231.45
16384 1319.63
17424 1410.92
18496 1515.09
19600 1590.35
20736 1680.47
21904 1793.54
23104 1872.12
24336 1977.28
25600 2072.05
26896 2201.29
28224 2311.54
29584 2409.21
30976 2508.84
32400 2654.2
33856 2767.9
35344 2894.12
36864 2992.18
38416 3175.06
40000 3311.14
41616 3451.99
43264 3598.96
44944 3748.21
46656 3914.55
48400 4053.39
50176 4220.06
51984 4381.58
53824 4533.98
55696 4684.15
57600 4882.37
59536 5030.99
61504 5187.82
63504 5371.61
65536 5481.09
67600 5751.52
69696 5942.32
71824 6062.93
73984 6264.59
76176 6452.3
78400 6646.98
80656 6864.34
82944 7035.11
85264 7296.11
87616 7417.99
90000 7595.84
92416 7911.47
94864 8141.86
97344 8326.13
99856 8586.93
102400 8817.47
104976 8996.39
107584 9261.95
110224 9508.43
112896 9734.09
115600 9996.62
118336 10201.5
121104 10430.8
123904 10739.9
126736 10974.7
129600 11216.1
132496 11484.3
135424 11733.1
138384 11997.6
141376 12336.3
144400 12584.2
147456 12823.6
150544 13125.4
153664 13375.9
156816 13670
160000 13887.3
163216 14245.5
166464 14493.7
169744 14874.7
173056 15165.8
176400 15470.6
179776 15797.1
183184 16120.8
186624 16432.8
190096 16800.7
193600 17013
197136 17321.2
200704 17662.4
204304 18022.6
207936 18428.7
211600 18826.1
215296 18956.9
219024 19384.3
222784 19693.8
226576 20077.5
230400 20443.4
234256 20743.7
238144 21102.8
242064 21521.2
246016 21544.4
250000 22468.1
254016 22518.4
258064 22992.5
262144 23226.4
