16 0.508
64 0.719
144 1.528
256 2.399
400 3.902
576 5.782
784 8.062
1024 10.88
1296 14.415
1600 18.36
1936 22.616
2304 27.811
2704 33.564
3136 39.718
3600 46.492
4096 53.525
4624 62.006
5184 70.57
5776 79.99
6400 89.79
7056 100.127
7744 110.957
8464 123.11
9216 135.864
10000 149.867
10816 163.905
11664 178.743
12544 194.103
13456 210.19
14400 230.304
15376 243.886
16384 261.475
17424 281.28
18496 301.964
19600 323.553
20736 345.293
21904 367.676
23104 390.999
24336 414.748
25600 442.577
26896 464.482
28224 489.948
29584 516.238
30976 542.979
32400 570.401
33856 603.218
35344 631.798
36864 663.404
38416 696.027
40000 729.412
41616 766.342
43264 797.561
44944 832.835
46656 868.332
48400 908.736
50176 943.14
51984 980.142
53824 1022.49
55696 1058.4
57600 1097.85
59536 1141.88
61504 1180.12
63504 1222.2
65536 1267.07
67600 1311.21
69696 1358.09
71824 1405.39
73984 1454.11
76176 1506.24
78400 1553.39
80656 1608.8
82944 1687.15
85264 1712.87
87616 1762.05
90000 1819.75
92416 1869.73
94864 1927.94
97344 1983.34
99856 2036.79
102400 2097.56
104976 2167.22
107584 2210.68
110224 2273.54
112896 2335.9
115600 2389.78
118336 2454.21
121104 2517.91
123904 2579.62
126736 2639.78
129600 2705.88
132496 2774.44
135424 2848.82
138384 2917.58
141376 2990.76
144400 3064.39
147456 3138.01
150544 3215.38
153664 3287.88
156816 3364.33
160000 3440.72
163216 3521.62
166464 3600.62
169744 3681.02
173056 3761.72
176400 3841.61
179776 3926.55
183184 4006.18
186624 4095.8
190096 4177.14
193600 4263.64
197136 4406.99
200704 4478.89
204304 4541.35
207936 4625.22
211600 4786.12
215296 4812.26
219024 4892.81
222784 5009.64
226576 5125.47
230400 5194.37
234256 5305.61
238144 5363.24
242064 5460.4
246016 5571.48
250000 5653.71
254016 5744.09
258064 5849.83
262144 5947.11
