16 1.173
64 1.655
144 4.019
256 7.944
400 15.107
576 25.38
784 42.36
1024 64.909
1296 93.348
1600 135.519
1936 190.896
2304 260.771
2704 349.408
3136 462.231
3600 600.097
4096 774.254
4624 963.743
5184 1195.56
5776 1476.59
6400 1790.72
7056 2169.27
7744 2600.58
8464 3085.21
9216 3637.4
10000 4290.81
10816 5086.98
11664 5855.18
12544 6806.11
13456 7898.85
14400 8971.33
15376 10374.2
16384 11742.4
17424 13185.1
18496 14986.2
19600 16643.7
20736 18722.6
21904 21216
23104 23597.8
24336 25653.1
25600 28724
26896 31997.3
28224 35171.8
29584 38350.2
30976 42183.9
32400 46218.4
33856 50891.7
35344 55418.1
36864 60326.8
38416 66371.8
40000 72124
41616 78402
43264 86665.4
44944 93959.3
46656 101509
48400 110061
50176 121154
51984 132336
53824 142073
55696 156210
57600 167043
59536 181805
61504 196527
63504 211583
65536 226020
67600 244221
69696 261356
71824 281254
73984 302048
76176 322339
78400 343138
80656 366934
82944 393918
85264 419546
87616 447113
90000 476275
92416 506728
94864 537273
97344 571875
99856 606563
102400 640950
104976 680072
107584 718483
110224 758634
112896 802458
115600 845475
118336 892852
121104 939715
123904 990121
126736 1.04408e+06
129600 1.0998e+06
132496 1.1555e+06
135424 1.21517e+06
138384 1.27885e+06
141376 1.34212e+06
144400 1.40638e+06
147456 1.47501e+06
150544 1.54483e+06
153664 1.61701e+06
156816 1.69157e+06
160000 1.77047e+06
163216 1.84839e+06
166464 1.93329e+06
169744 2.01624e+06
173056 2.10537e+06
176400 2.19383e+06
179776 2.28708e+06
183184 2.38198e+06
186624 2.48102e+06
190096 2.58268e+06
193600 2.68715e+06
197136 2.79131e+06
200704 2.90174e+06
204304 3.01432e+06
207936 3.12997e+06
211600 3.24685e+06
215296 3.36976e+06
219024 3.49548e+06
222784 3.62401e+06
226576 3.75355e+06
230400 3.88964e+06
234256 4.03046e+06
238144 4.16679e+06
242064 4.31504e+06
246016 4.46331e+06
250000 4.61381e+06
254016 4.7698e+06
258064 4.92999e+06
262144 5.09489e+06
