16 1.169
64 3.563
144 8.647
256 16.082
400 27.189
576 45.402
784 68.099
1024 97.401
1296 134.386
1600 179.402
1936 241.121
2304 309.087
2704 390.191
3136 485.824
3600 607.022
4096 729.912
4624 886.377
5184 1065.4
5776 1249.06
6400 1474.31
7056 1719.04
7744 1991.06
8464 2297.62
9216 2652.59
10000 3043.87
10816 3459.08
11664 3948.04
12544 4496.11
13456 5082.01
14400 5728.52
15376 6455.44
16384 7242.94
17424 8123.78
18496 9097.37
19600 10116.3
20736 11286.5
21904 12610.3
23104 13847.3
24336 15157.1
25600 16792.7
26896 18382.9
28224 20287.5
29584 22402.3
30976 24711.3
32400 26869.6
33856 29500.4
35344 32041
36864 35083.8
38416 38131.5
40000 41354.5
41616 44976.2
43264 48802.8
44944 52616.8
46656 56755.6
48400 60874.6
50176 65518.9
51984 70430.5
53824 75201.5
55696 80061.1
57600 86361.6
59536 92051.5
61504 98241.5
63504 105013
65536 112545
67600 119399
69696 127346
71824 135144
73984 144409
76176 154098
78400 163674
80656 173246
82944 184089
85264 195127
87616 207883
90000 220460
92416 233354
94864 246606
97344 261206
99856 276833
102400 291540
104976 308410
107584 324886
110224 341535
112896 360098
115600 380569
118336 400525
121104 421673
123904 443121
126736 466425
129600 490574
132496 514801
135424 540941
138384 567253
141376 595259
144400 623197
147456 654185
150544 685106
153664 717574
156816 750461
160000 785716
163216 820768
166464 858521
169744 896451
173056 938122
176400 979670
179776 1.02481e+06
183184 1.06839e+06
186624 1.11386e+06
190096 1.1601e+06
193600 1.20827e+06
197136 1.25785e+06
200704 1.31352e+06
204304 1.36504e+06
207936 1.41883e+06
211600 1.47515e+06
215296 1.53156e+06
219024 1.59281e+06
222784 1.65153e+06
226576 1.71585e+06
230400 1.78064e+06
234256 1.84531e+06
238144 1.91283e+06
242064 1.98322e+06
246016 2.05429e+06
250000 2.12854e+06
254016 2.20374e+06
258064 2.28066e+06
262144 2.35938e+06
