16 1.467
64 5.317
144 12.631
256 22.539
400 38.498
576 56.12
784 76.349
1024 102.73
1296 132.573
1600 166.922
1936 206.112
2304 247.332
2704 296.775
3136 347.05
3600 394.726
4096 455.3
4624 525.13
5184 590.344
5776 661.59
6400 748.908
7056 813.849
7744 912.169
8464 1004.67
9216 1101.21
10000 1198.09
10816 1299.05
11664 1406.32
12544 1512.76
13456 1639.15
14400 1747.35
15376 1905.71
16384 2001.61
17424 2179.14
18496 2313.94
19600 2466.6
20736 2602.27
21904 2770.05
23104 2925.9
24336 3076.38
25600 3265.31
26896 3439.99
28224 3611.71
29584 3848.47
30976 4037.14
32400 4182.98
33856 4401.67
35344 4646.17
36864 4826.65
38416 5070.18
40000 5265.42
41616 5502.07
43264 5766.68
44944 5980.42
46656 6225.79
48400 6450.4
50176 6710.29
51984 6977.97
53824 7236.54
55696 7489.73
57600 7735.7
59536 8107.67
61504 8421.64
63504 8721.9
65536 8856.75
67600 9262.37
69696 9642.51
71824 10000.9
73984 10255.7
76176 10639.4
78400 10981.2
80656 11249.4
82944 11599.5
85264 11957.2
87616 12278.9
90000 12640.7
92416 13002.4
94864 13446.6
97344 13705.6
99856 14015.8
102400 14432.3
104976 14782.3
107584 15153.1
110224 15520.3
112896 15866.8
115600 16277.9
118336 16810.5
121104 17281.4
123904 17732.9
126736 18084.4
129600 18427.3
132496 18828.7
135424 19462.9
138384 19925.9
141376 20423.9
144400 20828.2
147456 21267
150544 21830.5
153664 22341.6
156816 22765.1
160000 23209.7
163216 23617.9
166464 24224
169744 24734.6
173056 25271.7
176400 25746
179776 26183.7
183184 26729.1
186624 27208.2
190096 27701.7
193600 28225
197136 28733.6
200704 29373
204304 30007.3
207936 30463.9
211600 31084.5
215296 31636
219024 32277.6
222784 32733.4
226576 33225.5
230400 33805.2
234256 34592.4
238144 35348.3
242064 36065.2
246016 36655.7
250000 37342.5
254016 37777.6
258064 38240.2
262144 38666
