16 5.021
64 3.004
144 6.282
256 10.886
400 18.22
576 24.834
784 34.366
1024 44.036
1296 57.216
1600 70.399
1936 87.982
2304 101.478
2704 123.969
3136 140.616
3600 161.128
4096 182.948
4624 206.171
5184 233.235
5776 271.457
6400 292.814
7056 321.536
7744 357.937
8464 386.771
9216 417.374
10000 461.383
10816 511.238
11664 550.032
12544 580.618
13456 622.475
14400 667.036
15376 722.021
16384 760.722
17424 822.417
18496 856.899
19600 926.6
20736 969.271
21904 1048.08
23104 1107.75
24336 1156.99
25600 1220.8
26896 1273.11
28224 1340.58
29584 1455.05
30976 1487.92
32400 1542.54
33856 1612.39
35344 1701.31
36864 1740.37
38416 1837.36
40000 1925.64
41616 1980.29
43264 2114.3
44944 2195.14
46656 2271.59
48400 2344.8
50176 2413.07
51984 2513.31
53824 2585.65
55696 2688.67
57600 2772.31
59536 2937.32
61504 3014.56
63504 3094.85
65536 3232.76
67600 3280.98
69696 3421.95
71824 3540.7
73984 3594.17
76176 3756.13
78400 3886.28
80656 3977.59
82944 4085.73
85264 4264.24
87616 4403.69
90000 4537.46
92416 4664.66
94864 4782.73
97344 4863.16
99856 4959.65
102400 5105.79
104976 5199.55
107584 5389.04
110224 5471.97
112896 5623.24
115600 5703.86
118336 5937.01
121104 6086.16
123904 6208.87
126736 6305.69
129600 6418.52
132496 6522.26
135424 6684.84
138384 6896.39
141376 7056.94
144400 7159.98
147456 7234.09
150544 7467.1
153664 7654.5
156816 7821.46
160000 7973.25
163216 8050.35
166464 8277.41
169744 8573.72
173056 9080.21
176400 9050.66
179776 9176.32
183184 9274.19
186624 9519.53
190096 9618.25
193600 9761.57
197136 9857.18
200704 10062.2
204304 10286.7
207936 10502.3
211600 10586
215296 10783
219024 11029
222784 11206.7
226576 11405
230400 11563.2
234256 11922.5
238144 12399.9
242064 12451.7
246016 12491.4
250000 12751.4
254016 12888
258064 13020.7
262144 13120.1
