16 1.426
64 2.864
144 6.759
256 10.935
400 18.526
576 25.377
784 35.129
1024 44.28
1296 58.091
1600 72.152
1936 87.576
2304 101.271
2704 125.036
3136 141.132
3600 161.566
4096 179.288
4624 206.362
5184 232.085
5776 267.61
6400 291.273
7056 317.452
7744 352.515
8464 382.333
9216 416.765
10000 450.312
10816 507.24
11664 540.275
12544 574.161
13456 617.195
14400 661.581
15376 706.063
16384 735.151
17424 805.698
18496 846.713
19600 896.202
20736 950.425
21904 1036.36
23104 1151.96
24336 1214.01
25600 1209.12
26896 1252.77
28224 1302.27
29584 1404.75
30976 1439.2
32400 1487.53
33856 1563.33
35344 1653.63
36864 1695.84
38416 1785.31
40000 1844.81
41616 1947.5
43264 2080.33
44944 2184.69
46656 2219.72
48400 2275.25
50176 2364.42
51984 2453.36
53824 2536.01
55696 2611.96
57600 2701.76
59536 2917.49
61504 2942.76
63504 3010.85
65536 3047.47
67600 3187.18
69696 3339.09
71824 3429.29
73984 3596.74
76176 3777.62
78400 3751.18
80656 3853.7
82944 3992.92
85264 4169.2
87616 4338.16
90000 4416.51
92416 4560.33
94864 4609.55
97344 4663
99856 4786.8
102400 4955.17
104976 5019.01
107584 5153.19
110224 5260.74
112896 5373.56
115600 5519.05
118336 5757.3
121104 5893.49
123904 5989.56
126736 6043.61
129600 6135.48
132496 6254.25
135424 6449.22
138384 6649.44
141376 6800.4
144400 6898.18
147456 6997.14
150544 7210.2
153664 7376.27
156816 7483.89
160000 7663.23
163216 7766.57
166464 8006.93
169744 8256.55
173056 8557.94
176400 8786.5
179776 8939.59
183184 8979.83
186624 9142.17
190096 9295.25
193600 9414.49
197136 9552.99
200704 9744.29
204304 10176.8
207936 10133.5
211600 10263.2
215296 10468.4
219024 10798.1
222784 10778.6
226576 10924.4
230400 11125.8
234256 11479.4
238144 11806.4
242064 11879.5
246016 12043.3
250000 12247
254016 12390.4
258064 12440.7
262144 12495.6
