16 0.882
64 1.373
144 2.392
256 3.556
400 6.817
576 8.223
784 12.223
1024 14.617
1296 20.734
1600 25.232
1936 30.29
2304 36.287
2704 45.276
3136 53.832
3600 61.609
4096 64.764
4624 76.56
5184 94.019
5776 104.553
6400 112.302
7056 122.353
7744 133.594
8464 141.588
9216 160.934
10000 175.557
10816 199.784
11664 216.01
12544 239.782
13456 258.157
14400 271.012
15376 281.423
16384 288.792
17424 318.169
18496 349.344
19600 368.332
20736 391.247
21904 426.826
23104 460.812
24336 485.349
25600 499.87
26896 545.345
28224 543.093
29584 565.196
30976 599.025
32400 598.506
33856 632.648
35344 674.661
36864 723.076
38416 745.581
40000 778.199
41616 836.252
43264 883.459
44944 925.024
46656 955.093
48400 1015.46
50176 1059.86
51984 1083.46
53824 1179.99
55696 1134.23
57600 1194.76
59536 1201.87
61504 1248.89
63504 1254.42
65536 1294.93
67600 1326.92
69696 1418.04
71824 1431.68
73984 1522.48
76176 1552.89
78400 1632.83
80656 1652.32
82944 1742.45
85264 1817
87616 1882.56
90000 1995.26
92416 2026.39
94864 2062.01
97344 2134.85
99856 2359.22
102400 2194.33
104976 2289.62
107584 2372.99
110224 2374.48
112896 2564.56
115600 2514.17
118336 2660.99
121104 2557.52
123904 2630.15
126736 2621.7
129600 2645.36
132496 2749.99
135424 2805.55
138384 2915.81
141376 2967.46
144400 3030.76
147456 3191.99
150544 3179.01
153664 3290.98
156816 3418.11
160000 3436.09
163216 3538.31
166464 3664.1
169744 3778.88
173056 3887.05
176400 3954.27
179776 4056.13
183184 4215.22
186624 4200.16
190096 4332.78
193600 4047.91
197136 4373.74
200704 4700.1
204304 4642.65
207936 4779.23
211600 4873.25
215296 5020.44
219024 4907.36
222784 5014.33
226576 5073.8
230400 5266.6
234256 5463.24
238144 5275.99
242064 5379.55
246016 5474.36
250000 5497.85
254016 5535.14
258064 5543.94
262144 5716
