16 0.743
64 3.993
144 9.101
256 16.878
400 25.969
576 40.093
784 54.981
1024 72.874
1296 95.056
1600 120.57
1936 145.771
2304 180.172
2704 214.007
3136 258.553
3600 292.961
4096 337.242
4624 385.268
5184 448.523
5776 505.431
6400 556.468
7056 612.478
7744 688.014
8464 754.897
9216 818.558
10000 894.352
10816 981.976
11664 1066.23
12544 1155.67
13456 1241.95
14400 1326.94
15376 1444.74
16384 1531.13
17424 1627.3
18496 1775.13
19600 1868.78
20736 1970.09
21904 2085.95
23104 2267.75
24336 2375.88
25600 2514.16
26896 2654.18
28224 2818.33
29584 2938.63
30976 3091.12
32400 3213.48
33856 3416.7
35344 3545.06
36864 3742.65
38416 3926.7
40000 4041.45
41616 4280.95
43264 4471.62
44944 4580.19
46656 4746.59
48400 5005.37
50176 5164.62
51984 5318.97
53824 5609.09
55696 5781.13
57600 6032.7
59536 6218.45
61504 6526.97
63504 6665.16
65536 6864.47
67600 7202.35
69696 7418.75
71824 7642.34
73984 7903.26
76176 8323.95
78400 8378.06
80656 8564.5
82944 9021.62
85264 9109.65
87616 9532.8
90000 9804.75
92416 10100.1
94864 10269
97344 10642.7
99856 10882
102400 11244.9
104976 11412.8
107584 11744.6
110224 12290.1
112896 12488.9
115600 12881.9
118336 13132.9
121104 13638.7
123904 13638
126736 14127.4
129600 14238.1
132496 14762.2
135424 15145.4
138384 15477.5
141376 15823.8
144400 16239.8
147456 16535.4
150544 16673.1
153664 17393.7
156816 17603.9
160000 18181.5
163216 18597.2
166464 18730.4
169744 18930.6
173056 19669.3
176400 19935.3
179776 20408.7
183184 20961.9
186624 21456
190096 21784.5
193600 22056.7
197136 22486
200704 23233.7
204304 23687.9
207936 23900.9
211600 24159.9
215296 21912.5
219024 22876.1
222784 25757.2
226576 26224.9
230400 26806.4
234256 27447.5
238144 27783.6
242064 28356
246016 28599.7
250000 29148.3
254016 29826.8
258064 30382.9
262144 30752.5
