16 0.603
64 1.416
144 2.561
256 3.669
400 6.684
576 8.363
784 12.713
1024 14.986
1296 20.845
1600 25.873
1936 30.933
2304 36.909
2704 45.879
3136 55.32
3600 62.403
4096 66.371
4624 77.959
5184 90.649
5776 106.01
6400 114.283
7056 124.77
7744 135.445
8464 144.427
9216 165.028
10000 181.724
10816 203.337
11664 219.924
12544 243.357
13456 263.619
14400 275.958
15376 287.331
16384 301.81
17424 327.971
18496 352.066
19600 378.547
20736 402.553
21904 436.685
23104 466.757
24336 492.871
25600 505.766
26896 549.314
28224 551.633
29584 578.515
30976 608.697
32400 615.403
33856 651.012
35344 689.923
36864 741.851
38416 756.609
40000 786.92
41616 844.906
43264 901.174
44944 947.655
46656 978.902
48400 1043
50176 1082.87
51984 1112.63
53824 1161.2
55696 1163.2
57600 1224.69
59536 1262.45
61504 1280.29
63504 1282.62
65536 1339.68
67600 1360.82
69696 1458.94
71824 1469.2
73984 1559.51
76176 1590.64
78400 1678.55
80656 1695.35
82944 1780.09
85264 1865.02
87616 2000.94
90000 1986.65
92416 2083.18
94864 2163.41
97344 2183.62
99856 2289.74
102400 2251.89
104976 2348.14
107584 2426.59
110224 2414.76
112896 2459.13
115600 2567.88
118336 2558.68
121104 2603.19
123904 2695.28
126736 2736.7
129600 2720.77
132496 2814.18
135424 2883.84
138384 2986.81
141376 3044.69
144400 3104.57
147456 3263.33
150544 3255.56
153664 3364.52
156816 3511.43
160000 3520.1
163216 3622.51
166464 3751.61
169744 3861.49
173056 3960.6
176400 4042.69
179776 4148.37
183184 4324.35
186624 4390
190096 4607.57
193600 4545.52
197136 4697.99
200704 5000.21
204304 4842.01
207936 4841.87
211600 4969.83
215296 5120.76
219024 4966.47
222784 5112.72
226576 5180.86
230400 5377.06
234256 5349
238144 5354.03
242064 5453.67
246016 5591.06
250000 5565.46
254016 5605.44
258064 5759.1
262144 5901.94
