1 0.154188
4 0.223625
9 0.325062
16 0.624813
25 0.93925
36 1.45144
49 1.88187
64 2.66175
81 3.30275
100 4.26106
121 5.0345
144 6.47963
169 7.58425
196 9.30762
225 10.4001
256 12.2344
289 13.9377
324 16.7072
361 17.6684
400 20.0606
441 22.3341
484 24.5271
529 26.7914
576 30.0789
625 31.8621
676 36.373
729 37.2514
784 42.3956
841 43.2248
900 47.5809
961 49.5135
1024 55.0562
1089 57.3567
1156 61.3723
1225 64.9715
1296 69.4262
1369 73.5397
1444 77.452
1521 82.9058
1600 87.1503
1681 89.9859
1764 95.4467
1849 102.757
1936 105.092
2025 109.058
2116 114.087
2209 118.599
2304 124.657
2401 130.667
2500 138.304
2601 142.352
2704 150.708
2809 155.429
2916 163.833
3025 166.756
3136 174.005
3249 180.894
3364 189.587
3481 192.397
3600 204.371
3721 206.242
3844 218.765
3969 221.671
4096 232.173
4225 237.254
4356 249.271
4489 251.534
4624 263.813
4761 268.203
4900 279.305
5041 282.357
5184 294.299
5329 305.41
5476 320.118
5625 320.903
5776 335.343
5929 339.43
6084 349.764
6241 358.134
6400 367.569
6561 376.334
6724 392.412
6889 391.973
7056 405.049
7225 413.615
7396 432.079
7569 436.037
7744 450.417
7921 456.693
8100 474.328
8281 477.574
8464 496.108
8649 499.143
8836 515.978
9025 518.718
9216 541.281
9409 556.487
9604 575.415
9801 579.45
10000 597.703
10201 601.066
10404 613.822
10609 610.841
10816 633.555
11025 637.246
11236 663.093
11449 654.909
11664 679.609
11881 683.331
12100 701.394
12321 692.561
12544 728.819
12769 724.397
12996 758.714
13225 753.917
13456 785.008
13689 773.493
13924 810.13
14161 800.887
14400 822.457
14641 819.493
14884 858.512
15129 851.43
15376 882.976
15625 879.226
15876 918.462
16129 905.185
16384 938.852
16641 935.498
16900 970.619
17161 961.125
17424 994.982
17689 991.518
17956 1028.44
18225 1028.32
18496 1063.95
18769 1059.37
19044 1089.44
19321 1087.26
19600 1122.31
19881 1116.14
20164 1149.32
20449 1149.86
20736 1175.17
21025 1191.68
21316 1224.89
21609 1212.47
21904 1245.25
22201 1248.71
22500 1277.6
22801 1290.73
23104 1319.12
23409 1343.88
23716 1372.53
24025 1375.27
24336 1394.97
24649 1400.66
24964 1429.36
25281 1439.75
25600 1475.07
25921 1486.92
26244 1519.81
26569 1516.35
26896 1540.56
27225 1543.59
27556 1577.15
27889 1600
28224 1605.57
28561 1637.76
28900 1663.08
29241 1663.68
29584 1696.42
29929 1709.83
30276 1743.04
30625 1750.34
30976 1766.75
31329 1789.3
31684 1821.04
32041 1817.15
32400 1854.07
32761 1873.23
33124 1925.03
33489 1930.16
33856 1960.97
34225 1977.88
34596 2010.83
34969 2002.26
35344 2037.76
35721 2038.48
36100 2095.03
36481 2098.04
36864 2131.27
37249 2134.1
37636 2187.27
38025 2173.76
38416 2222.32
38809 2220.87
39204 2283.6
39601 2274.74
40000 2318.17
40401 2322.36
40804 2380.36
41209 2356.96
41616 2432.22
42025 2429.04
42436 2487.52
42849 2461.98
43264 2525.34
43681 2530.48
44100 2584.14
44521 2571.12
44944 2627.64
45369 2622.72
45796 2687.57
46225 2669.12
46656 2712.22
47089 2692.17
47524 2781.16
47961 2765.31
48400 2837.29
48841 2824.8
49284 2893.65
49729 2887.95
50176 2943.45
50625 2929.64
51076 2994.18
51529 2976.03
51984 3056.16
52441 3039.72
52900 3135.23
53361 3088.91
53824 3166.02
54289 3135.91
54756 3229.89
55225 3197.38
55696 3298.83
56169 3264.07
56644 3356.38
57121 3311.95
57600 3390.97
58081 3388.76
58564 3465.76
59049 3422.14
59536 3516.01
60025 3497.5
60516 3576.28
61009 3548
61504 3606.66
62001 3604.92
62500 3695.77
63001 3688.34
63504 3777.63
64009 3728.31
64516 3800.56
65025 3816.9
65536 3864.12
66049 3862.42
66564 3922.78
67081 3949.48
67600 4016.99
68121 3997.06
68644 4102.66
69169 4042.95
69696 4127.71
70225 4151.51
70756 4203.16
71289 4191.16
71824 4309.5
72361 4240.71
72900 4344.06
73441 4339.94
73984 4417.06
74529 4407.41
75076 4464.6
75625 4469.27
76176 4525.07
76729 4503.79
77284 4619.09
77841 4575.87
78400 4648.69
78961 4665.26
79524 4738.58
80089 4691.1
80656 4853.58
81225 4797.52
81796 4856.21
82369 4854.63
82944 4953.73
83521 4939.02
84100 5008.29
84681 5008.54
85264 5120.23
85849 5087.56
86436 5184.35
87025 5115.82
87616 5239.87
88209 5240
88804 5310.65
89401 5284.6
90000 5408.43
90601 5370.2
91204 5441.81
91809 5462.41
92416 5581.53
93025 5528.47
93636 5611.48
94249 5558.45
94864 5715.4
95481 5659.98
96100 5777.35
96721 5747.95
97344 5868.75
97969 5802.29
98596 5962.35
99225 5898.62
99856 6023.63
100489 5981.48
101124 6112.75
101761 6074.95
102400 6161.6
103041 6135.23
103684 6250.07
104329 6224.53
104976 6334.55
105625 6323.09
106276 6416.78
106929 6415.56
107584 6530.93
108241 6493.19
108900 6574.43
109561 6533.77
110224 6673.59
110889 6628.73
111556 6734.61
112225 6724.44
112896 6836.96
113569 6798.58
114244 6910.55
114921 6897.96
115600 7061.63
116281 6949.69
116964 7106.16
117649 7027.63
118336 7182.9
119025 7121.05
119716 7243.59
120409 7236.15
121104 7328.02
121801 7357.38
122500 7413.61
123201 7394.44
123904 7504.92
124609 7468.48
125316 7630.55
126025 7675.13
126736 7715.35
127449 7676.5
128164 7788.78
128881 7735.85
129600 7915.95
130321 7826.45
131044 7967.29
131769 7891.97
132496 8085.75
133225 8093.79
133956 8234.13
134689 8168.24
135424 8276.33
136161 8231.11
136900 8348.03
137641 8412.21
138384 8458.33
139129 8394.67
139876 8520.97
140625 8515.74
141376 8630.54
142129 8614.17
142884 8765.61
143641 8650.11
144400 8780.19
145161 8815.69
145924 8908.56
146689 8899.75
147456 8999.69
148225 8988.7
148996 9107.22
149769 9061.72
150544 9195.58
151321 9155.52
152100 9319.6
152881 9244.08
153664 9400.14
154449 9321.11
155236 9540.26
156025 9390.78
156816 9588.12
157609 9579.94
158404 9690.72
159201 9655.5
160000 9766.05
160801 9703.86
161604 9901.17
162409 9848.59
163216 10036.6
164025 9903.77
164836 10092.9
165649 10015.9
166464 10264.9
167281 10128
168100 10357.7
168921 10209.5
169744 10499.8
170569 10393.6
171396 10564.2
172225 10415.9
173056 10645.4
173889 10559.8
174724 10795.8
175561 10734.6
176400 10820.7
177241 10757.1
178084 11000.2
178929 10889.8
179776 11041.2
180625 10971.5
181476 11181.7
182329 11069.1
183184 11234.1
184041 11297.9
184900 11473.7
185761 11320.3
186624 11567.4
187489 11454.3
188356 11664.6
189225 11562.6
190096 11734.5
190969 11679.6
191844 11871.3
192721 11794.7
193600 11958.6
194481 11873.2
195364 12059.6
196249 11980.1
197136 12226.6
198025 12182.5
198916 12366.8
199809 12239.6
200704 12403.9
201601 12345.5
202500 12538
203401 12476.7
204304 12710.7
205209 12588.2
206116 12829
207025 12716.4
207936 12944.8
208849 12794.2
209764 13027.9
210681 12967.5
211600 13204.4
212521 13100.3
213444 13335.2
214369 13316.1
215296 13434.4
216225 13344.5
217156 13525.2
218089 13429.5
219024 13662.4
219961 13499.7
220900 13818.7
221841 13692.2
222784 13921.1
223729 13730.1
224676 14000
225625 13823.9
226576 14162.8
227529 13931.6
228484 14277.2
229441 14044.4
230400 14355.9
231361 14222.2
232324 14520.1
233289 14319.8
234256 14619.4
235225 14445.4
236196 14758.8
237169 14581.8
238144 14866.7
239121 14769.4
240100 15037.2
241081 14856.6
242064 15118.3
243049 15002.1
244036 15274.8
245025 15133.3
246016 15354.8
247009 15335.6
248004 15565.5
249001 15347.9
250000 15679.3
251001 15470.5
252004 15780
253009 15694.2
254016 15928.2
255025 15738.1
256036 16048.6
257049 15819.6
258064 16132.3
259081 15993.3
260100 16365.2
261121 16155.1
262144 16332.8
