1 0.1185
4 0.231187
9 0.457375
16 0.577562
25 0.842875
36 1.25988
49 1.609
64 2.29069
81 2.73612
100 3.46069
121 4.43613
144 5.44856
169 6.261
196 7.34425
225 8.77981
256 10.7508
289 11.8676
324 13.9487
361 15.4796
400 17.7518
441 19.3894
484 21.8646
529 23.9196
576 26.4729
625 29.1242
676 30.8693
729 33.1581
784 36.7055
841 39.4603
900 42.1509
961 46.6109
1024 48.9076
1089 51.1459
1156 55.448
1225 57.1792
1296 62.3369
1369 65.0321
1444 68.3769
1521 72.6662
1600 77.1138
1681 80.1247
1764 84.1517
1849 87.6182
1936 93.6436
2025 99.3362
2116 103.051
2209 106.858
2304 111.167
2401 116.161
2500 121.354
2601 127.548
2704 131.444
2809 137.853
2916 144.906
3025 149.188
3136 154.455
3249 158.609
3364 164.639
3481 170.787
3600 176.48
3721 183.577
3844 188.632
3969 193.244
4096 200.184
4225 207.916
4356 214.371
4489 219.484
4624 228.581
4761 234.437
4900 245.932
5041 249.679
5184 258.948
5329 263.588
5476 275.901
5625 280.552
5776 291.442
5929 296.004
6084 304.142
6241 309.372
6400 320.45
6561 326.956
6724 336.892
6889 343.923
7056 357.887
7225 362.6
7396 372.802
7569 378.097
7744 388.894
7921 400.776
8100 412.422
8281 417.095
8464 432.859
8649 436.638
8836 455.165
9025 455.148
9216 474.513
9409 478.288
9604 492.856
9801 497.781
10000 519.358
10201 525.323
10404 540.074
10609 548.683
10816 568.676
11025 568.208
11236 581.999
11449 590.919
11664 601.766
11881 613.043
12100 630.453
12321 640.366
12544 659.236
12769 663.572
12996 680.359
13225 687.381
13456 706.077
13689 713.486
13924 726.076
14161 732.225
14400 740.349
14641 743.365
14884 756.439
15129 765.331
15376 786.126
15625 790.834
15876 815.429
16129 821.188
16384 835.598
16641 852.926
16900 874.06
17161 875.751
17424 896.677
17689 904.323
17956 921.514
18225 923.978
18496 955.792
18769 965.078
19044 982.573
19321 988.093
19600 1007.37
19881 1019.49
20164 1030.02
20449 1041.07
20736 1072.92
21025 1073.88
21316 1098.18
21609 1103.05
21904 1124.45
22201 1133.95
22500 1156.8
22801 1164.98
23104 1187.63
23409 1193.91
23716 1220.62
24025 1228.32
24336 1254.48
24649 1272.83
24964 1295.29
25281 1294.47
25600 1332.59
25921 1334.76
26244 1360.2
26569 1371.27
26896 1398.74
27225 1409.38
27556 1447.48
27889 1436.72
28224 1469.9
28561 1474.92
28900 1501.01
29241 1506.79
29584 1539.63
29929 1545.9
30276 1579.1
30625 1587.34
30976 1635.2
31329 1637.44
31684 1658.28
32041 1663.06
32400 1687.71
32761 1687.98
33124 1715.69
33489 1747.6
33856 1775.8
34225 1774.34
34596 1813.75
34969 1818.66
35344 1847.07
35721 1855.18
36100 1891.51
36481 1893.45
36864 1938
37249 1936.94
37636 1965.47
38025 1965.63
38416 2016.35
38809 2022.67
39204 2067.07
39601 2076.01
40000 2107.16
40401 2113.11
40804 2152.41
41209 2138.21
41616 2185.52
42025 2205.27
42436 2239.77
42849 2254.32
43264 2286.13
43681 2290.15
44100 2351.07
44521 2329.74
44944 2382.66
45369 2381.43
45796 2414.53
46225 2444.99
46656 2482.67
47089 2482.16
47524 2524.07
47961 2519.88
48400 2565.31
48841 2558.69
49284 2604.84
49729 2621.37
50176 2640.73
50625 2692.64
51076 2710.16
51529 2723.91
51984 2763.45
52441 2770.92
52900 2843.47
53361 2826.81
53824 2877.09
54289 2877.64
54756 2933.63
55225 2943.13
55696 2968.47
56169 2992.6
56644 3036.21
57121 3024
57600 3079.47
58081 3074.49
58564 3133.46
59049 3128.24
59536 3204.96
60025 3209.67
60516 3231.41
61009 3236.45
61504 3291.53
62001 3281.9
62500 3353.13
63001 3352.74
63504 3418.98
64009 3412.29
64516 3456.11
65025 3467.25
65536 3537.33
66049 3502.11
66564 3536.51
67081 3570.76
67600 3645.46
68121 3641.04
68644 3688.23
69169 3703.37
69696 3723.5
70225 3757.7
70756 3789.9
71289 3812.21
71824 3904.56
72361 3853.98
72900 3915.75
73441 3900.61
73984 3984.73
74529 3975.93
75076 4037.55
75625 4072.04
76176 4120.03
76729 4130.85
77284 4144.52
77841 4129.06
78400 4252.83
78961 4254
79524 4299.95
80089 4298.05
80656 4357.99
81225 4354.82
81796 4429.99
82369 4446.09
82944 4491.23
83521 4496.63
84100 4571.52
84681 4556.48
85264 4595.53
85849 4608.68
86436 4697.94
87025 4676.15
87616 4727.71
88209 4755.84
88804 4845.6
89401 4869.15
90000 4885.43
90601 4861.06
91204 4943.23
91809 4962.85
92416 5034.4
93025 5019.52
93636 5086.64
94249 5068.23
94864 5123.91
95481 5134.86
96100 5205.67
96721 5213.12
97344 5298.76
97969 5294.16
98596 5317.67
99225 5338.67
99856 5457.09
100489 5494.66
101124 5500.26
101761 5522.27
102400 5521.82
103041 5603.23
103684 5662.57
104329 5630.28
104976 5728.02
105625 5716.93
106276 5769.82
106929 5776.66
107584 5861.96
108241 5835.2
108900 5936.13
109561 5932.5
110224 5993.89
110889 5992.18
111556 6064.1
112225 6093.76
112896 6137.72
113569 6133.15
114244 6237.02
114921 6221.58
115600 6324.29
116281 6317.6
116964 6395.43
117649 6393.22
118336 6460.11
119025 6455.75
119716 6512.97
120409 6530.58
121104 6653.96
121801 6577.39
122500 6670.89
123201 6687.6
123904 6718.12
124609 6774.51
125316 6859.01
126025 6824.99
126736 6939.39
127449 6944.39
128164 6975.36
128881 7037.86
129600 7069.66
130321 7094.96
131044 7172.67
131769 7152.81
132496 7233.38
133225 7266.73
133956 7350.53
134689 7306.69
135424 7410.02
136161 7402.45
136900 7481.02
137641 7441.66
138384 7576.66
139129 7554.23
139876 7643.75
140625 7635.07
141376 7774.13
142129 7761.21
142884 7862.08
143641 7856.83
144400 7958.02
145161 7978.86
145924 8013.2
146689 7995.75
147456 8133.49
148225 8126.32
148996 8236.48
149769 8219.41
150544 8291.6
151321 8295.36
152100 8401.64
152881 8390.76
153664 8500.9
154449 8491.9
155236 8555.96
156025 8580.37
156816 8652.59
157609 8664.3
158404 8735.69
159201 8758.87
160000 8851.98
160801 8849.88
161604 8941.9
162409 8955
163216 9087.42
164025 9034.91
164836 9107.73
165649 9088.41
166464 9224.77
167281 9246.81
168100 9351.68
168921 9291.48
169744 9506.29
170569 9407.97
171396 9487.47
172225 9461.75
173056 9603.67
173889 9599.76
174724 9755.71
175561 9766.81
176400 9866.38
177241 9800.78
178084 9936.26
178929 9959.49
179776 10038.3
180625 9996.94
181476 10125.5
182329 10127.1
183184 10255.9
184041 10168.7
184900 10331.7
185761 10285.8
186624 10461.9
187489 10390
188356 10512.3
189225 10447.7
190096 10677
190969 10598.2
191844 10712.5
192721 10715.1
193600 10827.8
194481 10814.8
195364 10954.8
196249 10867.2
197136 11028.2
198025 11039.9
198916 11199.1
199809 11148.2
200704 11261.4
201601 11237.8
202500 11327.8
203401 11375.7
204304 11442.3
205209 11441.9
206116 11577.2
207025 11537.4
207936 11743.5
208849 11655
209764 11819.8
210681 11752.4
211600 11913.4
212521 11866.4
213444 11930.3
214369 11994
215296 12133.1
216225 12136.4
217156 12206.7
218089 12252.1
219024 12338.1
219961 12356.8
220900 12405
221841 12401.8
222784 12563.9
223729 12536.9
224676 12707.3
225625 12651.2
226576 12838.8
227529 12730.6
228484 12962.6
229441 12944.3
230400 12994.8
231361 12969.2
232324 13134.2
233289 13108
234256 13261.9
235225 13196.8
236196 13348.6
237169 13320.7
238144 13433.8
239121 13416.1
240100 13577.7
241081 13580.2
242064 13681.4
243049 13633.3
244036 13802.9
245025 13775
246016 13925.5
247009 13932.4
248004 14046.1
249001 14012.8
250000 14123.6
251001 14090.7
252004 14311.8
253009 14300
254016 14369.5
255025 14335.9
256036 14540.7
257049 14504.2
258064 14631.6
259081 14521.3
260100 14786.9
261121 14749.3
262144 14907.3
