1 0.149125
4 0.214812
9 0.29525
16 0.611812
25 0.938875
36 1.37931
49 1.98506
64 2.81256
81 3.49981
100 4.65306
121 5.72844
144 7.08206
169 8.05706
196 10.0054
225 11.5616
256 13.6154
289 15.3746
324 17.7112
361 20.3537
400 22.3914
441 24.5664
484 27.9125
529 30.4118
576 34.1338
625 36.3175
676 41.2779
729 43.6163
784 48.0087
841 50.546
900 55.5607
961 59.1781
1024 64.1445
1089 67.5236
1156 74.6636
1225 77.7883
1296 82.3259
1369 87.2429
1444 92.5341
1521 97.0316
1600 103.937
1681 108.406
1764 115.891
1849 121.258
1936 132.775
2025 134.728
2116 142.988
2209 146.445
2304 155.818
2401 162.579
2500 171.355
2601 179.037
2704 187.733
2809 192.32
2916 202.474
3025 208.855
3136 221.297
3249 228.996
3364 240.645
3481 246.6
3600 260.1
3721 268.341
3844 280.449
3969 285.792
4096 304.002
4225 308.651
4356 322.464
4489 330.551
4624 344.887
4761 351.959
4900 368.148
5041 374.109
5184 391.447
5329 398.518
5476 413.61
5625 423.363
5776 439.423
5929 444.04
6084 461.134
6241 469.973
6400 488.567
6561 497.097
6724 515.53
6889 523.592
7056 548.965
7225 553.138
7396 580.543
7569 584.287
7744 599.144
7921 604.991
8100 629.312
8281 640.841
8464 668.293
8649 672.189
8836 696.467
9025 700.603
9216 720.14
9409 729.647
9604 752.666
9801 756.456
10000 781.908
10201 789.941
10404 818.196
10609 821.111
10816 840.612
11025 847.871
11236 873.467
11449 883.736
11664 908.157
11881 918.017
12100 947.51
12321 952.861
12544 981.692
12769 991.527
12996 1024.44
13225 1030.7
13456 1060.68
13689 1065.47
13924 1093.64
14161 1108.98
14400 1136.26
14641 1149.33
14884 1176.26
15129 1189.92
15376 1221.12
15625 1228.5
15876 1258.66
16129 1271.96
16384 1305.94
16641 1323.96
16900 1362.42
17161 1371.74
17424 1407.65
17689 1406.36
17956 1440.52
18225 1451.12
18496 1488.44
18769 1496.01
19044 1540.31
19321 1550.63
19600 1591.06
19881 1609.98
20164 1654.74
20449 1652.03
20736 1680.66
21025 1692.61
21316 1728.25
21609 1732.91
21904 1786.13
22201 1796.17
22500 1836.4
22801 1851.35
23104 1895.73
23409 1898.93
23716 1945.57
24025 1954.94
24336 1996.56
24649 2005.44
24964 2049.66
25281 2054.33
25600 2104.29
25921 2128.12
26244 2166.1
26569 2195.91
26896 2264.89
27225 2293.73
27556 2311.04
27889 2321.49
28224 2388.6
28561 2380.92
28900 2445.39
29241 2433.36
29584 2492.28
29929 2496.78
30276 2542.14
30625 2555.66
30976 2611.67
31329 2612.95
31684 2672.41
32041 2677.6
32400 2742.06
32761 2754.15
33124 2814.81
33489 2819.31
33856 2876.89
34225 2887.2
34596 2942.06
34969 2939.07
35344 3000.45
35721 3007.6
36100 3081.22
36481 3081.92
36864 3130.15
37249 3150.91
37636 3211.38
38025 3222.01
38416 3300.35
38809 3303.78
39204 3380.85
39601 3392.18
40000 3453.1
40401 3443.21
40804 3517.51
41209 3519.2
41616 3582.18
42025 3600.11
42436 3677.72
42849 3683.67
43264 3737.37
43681 3749.51
44100 3830.76
44521 3839.45
44944 3900.45
45369 3904.69
45796 3992.84
46225 4025.18
46656 4114.9
47089 4084.44
47524 4164.1
47961 4163.62
48400 4242.71
48841 4268.34
49284 4350.83
49729 4336.33
50176 4417.02
50625 4400.17
51076 4487.53
51529 4484.94
51984 4556.05
52441 4567.61
52900 4673.94
53361 4755.71
53824 4781.51
54289 4778.26
54756 4861.59
55225 4869.7
55696 4939.16
56169 4950.35
56644 5016.57
57121 5036.1
57600 5127.08
58081 5117.7
58564 5232.82
59049 5249.36
59536 5314.64
60025 5333.84
60516 5417.14
61009 5417.72
61504 5515.9
62001 5536.12
62500 5607.87
63001 5650.3
63504 5711.36
64009 5729.75
64516 5803.01
65025 5796.58
65536 5908.71
66049 5891.68
66564 5997.5
67081 5987.58
67600 6110.46
68121 6130.64
68644 6212.15
69169 6187.91
69696 6297.65
70225 6303.95
70756 6432.78
71289 6438.3
71824 6524.95
72361 6479.56
72900 6582.47
73441 6654.79
73984 6731.16
74529 6708.35
75076 6823.6
75625 6898.79
76176 6957.81
76729 6949.57
77284 7067.26
77841 7029.32
78400 7159.78
78961 7190.03
79524 7300.93
80089 7237.67
80656 7400.34
81225 7383.72
81796 7524.11
82369 7530.61
82944 7625.11
83521 7633.5
84100 7742.88
84681 7747.04
85264 7860.73
85849 7856.38
86436 8000.69
87025 7995.78
87616 8115.83
88209 8079.26
88804 8276.77
89401 8244.88
90000 8337.18
90601 8363.61
91204 8492.81
91809 8507.62
92416 8604.77
93025 8652.82
93636 8705.92
94249 8712.54
94864 8820.32
95481 8858.44
96100 8963.15
96721 8957.8
97344 9113.08
97969 9140.68
98596 9271.33
99225 9237.7
99856 9400.21
100489 9404.13
101124 9499.34
101761 9518.38
102400 9632.69
103041 9604.57
103684 9766.83
104329 9830.87
104976 9942.86
105625 9935.9
106276 10034.3
106929 10050.2
107584 10144
108241 10194.6
108900 10313.9
109561 10349.8
110224 10406.7
110889 10475.2
111556 10579.9
112225 10647.3
112896 10833.7
113569 10777.9
114244 10879.2
114921 10904.3
115600 11063.8
116281 11030.7
116964 11128.5
117649 11188.3
118336 11358.4
119025 11317.5
119716 11455.6
120409 11474.6
121104 11623.9
121801 11602
122500 11785.5
123201 11914
123904 11896.5
124609 11953.7
125316 12176.1
126025 12149.5
126736 12250.2
127449 12214.9
128164 12404.3
128881 12437.8
129600 12546.7
130321 12525.5
131044 12680.2
131769 12685.3
132496 12851.5
133225 12831.7
133956 12994.4
134689 13030.6
135424 13171.2
136161 13122.9
136900 13324.3
137641 13349.1
138384 13484.7
139129 13473.7
139876 13657.6
140625 13629.7
141376 13836.2
142129 13764.2
142884 13954.4
143641 14005.2
144400 14127
145161 14161.3
145924 14320.5
146689 14315.8
147456 14476.8
148225 14459.9
148996 14648.6
149769 14676.3
150544 14779.8
151321 14815.4
152100 14987.1
152881 14974.5
153664 15167.8
154449 15098.5
155236 15255.3
156025 15324.4
156816 15463.8
157609 15433.5
158404 15660.5
159201 15666.7
160000 15825.6
160801 15833.9
161604 15981.5
162409 16001.9
163216 16153.3
164025 16165.3
164836 16351.4
165649 16373.7
166464 16504.3
167281 16582.4
168100 16773.4
168921 16712.4
169744 16876.9
170569 16852.8
171396 17070.9
172225 17071
173056 17282.5
173889 17176.5
174724 17471
175561 17458.1
176400 17720.4
177241 17692.6
178084 18004.7
178929 17807.5
179776 18017.3
180625 17989.7
181476 18232
182329 18212.2
183184 18410.5
184041 18398.4
184900 18608.7
185761 18583.9
186624 18795.1
187489 18746.9
188356 19003
189225 18977.8
190096 19150.1
190969 19169
191844 19360.3
192721 19323.3
193600 19620.1
194481 19639.3
195364 19832.7
196249 19757.4
197136 20045.7
198025 20129.8
198916 20269.6
199809 20246
200704 20663.1
201601 20512
202500 20749.1
203401 20737.1
204304 21004.2
205209 21053.4
206116 21391.3
207025 21401.5
207936 22053.1
208849 21539.8
209764 21722.1
210681 21587.2
211600 21868.1
212521 21819.4
213444 22074.3
214369 21968.5
215296 22222.3
216225 22155
217156 22391.5
218089 22532.1
219024 22683.7
219961 22642.9
220900 22970.9
221841 22915.6
222784 23099.8
223729 23067.3
224676 23250.5
225625 23229.5
226576 23502.9
227529 23442.4
228484 23743.7
229441 23699.5
230400 23983.3
231361 23941.2
232324 24158
233289 24165.7
234256 24373.5
235225 24449.2
236196 24735.7
237169 24648.7
238144 24901.7
239121 24835.2
240100 25235.4
241081 25087.1
242064 25413.8
243049 25435.3
244036 25812.1
245025 25756.2
246016 26144.8
247009 26695.3
248004 26404.2
249001 26262.4
250000 26556
251001 26425.3
252004 26741.6
253009 26653.4
254016 27465.9
255025 26983.9
256036 27175.3
257049 26991.9
258064 27381.7
259081 27376.2
260100 27572
261121 27687.6
262144 27824.7
