1 0.321062
4 0.091
9 0.114125
16 0.149
25 0.201562
36 0.2595
49 0.335938
64 0.414125
81 0.528688
100 0.630438
121 0.745
144 0.92425
169 1.10256
196 1.24181
225 1.42062
256 1.62106
289 1.90425
324 2.158
361 2.41694
400 2.67812
441 2.97119
484 3.28831
529 3.65581
576 4.07675
625 4.4415
676 4.85375
729 5.27262
784 5.72969
841 6.19656
900 6.67931
961 7.1805
1024 7.71025
1089 8.35463
1156 8.95388
1225 10.4178
1296 10.2012
1369 10.8714
1444 11.5621
1521 12.2919
1600 13.2503
1681 13.7796
1764 14.5286
1849 15.3185
1936 16.1164
2025 16.9425
2116 17.8995
2209 18.8369
2304 19.7907
2401 21.5619
2500 21.7169
2601 22.7606
2704 23.8
2809 24.8767
2916 25.9575
3025 27.0561
3136 29.0366
3249 29.3054
3364 30.4833
3481 31.6563
3600 32.8685
3721 34.9369
3844 36.9891
3969 37.8523
4096 38.0749
4225 40.2436
4356 40.8482
4489 42.5716
4624 44.7308
4761 45.2518
4900 46.7987
5041 48.359
5184 51.0868
5329 51.6927
5476 53.3425
5625 54.9991
5776 56.8141
5929 59.4452
6084 60.2418
6241 63.193
6400 63.902
6561 66.6687
6724 68.9529
6889 69.5277
7056 72.2682
7225 73.3984
7396 75.4472
7569 77.4364
7744 79.379
7921 81.4956
8100 84.4348
8281 85.8475
8464 90.9493
8649 93.9847
8836 94.0763
9025 96.5836
9216 99.6361
9409 101.451
9604 105.584
9801 107.557
10000 109.515
10201 111.684
10404 117.975
10609 119.496
10816 121.996
11025 123.603
11236 127.309
11449 130.114
11664 132.038
11881 137.742
12100 140.564
12321 142.769
12544 144.848
12769 147.931
12996 151.758
13225 155.999
13456 157.88
13689 160.579
13924 164.743
14161 167.188
14400 170.73
14641 174.108
14884 177.478
15129 181.628
15376 182.514
15625 184.481
15876 188.706
16129 191.306
16384 196.309
16641 199.236
16900 203.661
17161 208.092
17424 213.503
17689 217.283
17956 221.024
18225 225.622
18496 226.555
18769 232.301
19044 234.729
19321 239.662
19600 243.681
19881 246.647
20164 251.366
20449 254.232
20736 258.613
21025 263.233
21316 269.704
21609 275
21904 279.084
22201 283.809
22500 288.46
22801 291.729
23104 295.566
23409 300.759
23716 303.284
24025 307.597
24336 312.275
24649 318.483
24964 323.69
25281 328.876
25600 331.945
25921 337.899
26244 342.333
26569 347.762
26896 352.26
27225 360.043
27556 362.402
27889 368.547
28224 372.358
28561 380.052
28900 382.287
29241 387.945
29584 391.947
29929 397.739
30276 402.349
30625 408.218
30976 413.63
31329 419.673
31684 428.207
32041 429.103
32400 435.224
32761 444.208
33124 446.724
33489 450.836
33856 457.278
34225 460.906
34596 468.406
34969 473.374
35344 480.469
35721 487.209
36100 493.791
36481 502.951
36864 507.995
37249 512.182
37636 518.317
38025 523.456
38416 531.843
38809 536.821
39204 543.522
39601 548.532
40000 554.64
40401 560.546
40804 566.009
41209 570.943
41616 574.784
42025 584.462
42436 590.358
42849 593.748
43264 602.242
43681 612.973
44100 617.478
44521 622.662
44944 630.756
45369 639.045
45796 645.675
46225 654.801
46656 657.608
47089 664.521
47524 667.145
47961 671.613
48400 681.55
48841 684.211
49284 691.287
49729 690.634
50176 701.925
50625 708.133
51076 713.508
51529 718.016
51984 728.625
52441 729.228
52900 735.938
53361 744.577
53824 752.209
54289 754.122
54756 763.306
55225 772.561
55696 782.537
56169 787.11
56644 797.132
57121 794.154
57600 806.952
58081 812.529
58564 827.87
59049 825.228
59536 833.576
60025 842.225
60516 850.328
61009 852.61
61504 863.908
62001 865.199
62500 873.02
63001 881.463
63504 887.995
64009 896.062
64516 904.106
65025 913.588
65536 921.323
66049 932.818
66564 941.901
67081 950.204
67600 958.312
68121 965.133
68644 970.243
69169 980.381
69696 984.903
70225 989.194
70756 1001.46
71289 1010.84
71824 1017.18
72361 1025.93
72900 1034.01
73441 1048.66
73984 1058
74529 1069.59
75076 1073.49
75625 1087.16
76176 1099.52
76729 1103.7
77284 1118.33
77841 1124.16
78400 1124.9
78961 1138.71
79524 1147.13
80089 1155.32
80656 1164.58
81225 1174.76
81796 1183.6
82369 1199.83
82944 1201
83521 1218.29
84100 1227.64
84681 1233.38
85264 1241.94
85849 1249.19
86436 1255.5
87025 1268.44
87616 1276.78
88209 1308.25
88804 1292.03
89401 1303.82
90000 1312.41
90601 1324.34
91204 1342.69
91809 1350.61
92416 1354.19
93025 1356.28
93636 1371.84
94249 1384.81
94864 1402.58
95481 1413.08
96100 1420.18
96721 1424.64
97344 1440.35
97969 1451.32
98596 1460.32
99225 1467.98
99856 1477.62
100489 1480.96
101124 1495.91
101761 1519.65
102400 1520.86
103041 1530.62
103684 1534.6
104329 1542.24
104976 1550.81
105625 1564.62
106276 1583.03
106929 1593.29
107584 1606.21
108241 1613.35
108900 1618.53
109561 1634.19
110224 1645.1
110889 1650.48
111556 1659.73
112225 1670.88
112896 1683.17
113569 1697.88
114244 1707.98
114921 1711.84
115600 1729.26
116281 1744.73
116964 1761.47
117649 1774.46
118336 1778.27
119025 1786.39
119716 1784.72
120409 1796.22
121104 1816.97
121801 1842.56
122500 1853.48
123201 1858.92
123904 1859.82
124609 1878.67
125316 1887.23
126025 1897.17
126736 1899.82
127449 1908.42
128164 1932.38
128881 1946.62
129600 1953.29
130321 1969.33
131044 1976.64
131769 1992.01
132496 2004.03
133225 2020.77
133956 2035.94
134689 2073.88
135424 2050.2
136161 2057.19
136900 2072.41
137641 2082.94
138384 2100.24
139129 2115.84
139876 2126.41
140625 2148.64
141376 2166.83
142129 2177.4
142884 2242.96
143641 2209.62
144400 2202.76
145161 2213.03
145924 2237.41
146689 2251.43
147456 2268.97
148225 2267.07
148996 2286.6
149769 2300.4
150544 2308.46
151321 2323.45
152100 2343.37
152881 2438
153664 2420.36
154449 2391.83
155236 2401.65
156025 2412.29
156816 2423.87
157609 2435.97
158404 2451.93
159201 2473.95
160000 2473.16
160801 2470.68
161604 2500.35
162409 2537.53
163216 2540.84
164025 2545.72
164836 2569.65
165649 2582.49
166464 2592.47
167281 2646.24
168100 2626.2
168921 2647.14
169744 2662.96
170569 2665.04
171396 2672.92
172225 2684.9
173056 2704.82
173889 2719.6
174724 2744.64
175561 2745.41
176400 2751.22
177241 2786.27
178084 2804.41
178929 2819.9
179776 2823.09
180625 2839.33
181476 2851.15
182329 2874.78
183184 2884.18
184041 2903.29
184900 2930.4
185761 2931.93
186624 2955.07
187489 2962.96
188356 2972.51
189225 2987.56
190096 2993.6
190969 3003.19
191844 3031.2
192721 3055.39
193600 3080.68
194481 3085.21
195364 3096.69
196249 3125.83
197136 3153.36
198025 3162.92
198916 3184.19
199809 3209.58
200704 3227.44
201601 3228.59
202500 3250.4
203401 3262.31
204304 3282.32
205209 3298.08
206116 3318.49
207025 3331.29
207936 3338.82
208849 3364.37
209764 3387.03
210681 3384.4
211600 3396.61
212521 3415.94
213444 3445.42
214369 3442.31
215296 3473.07
216225 3496.15
217156 3504.81
218089 3517.38
219024 3552.9
219961 3544.26
220900 3561.66
221841 3586.94
222784 3611.77
223729 3608.99
224676 3635.62
225625 3665.94
226576 3653.31
227529 3672.47
228484 3697.65
229441 3718.95
230400 3741.48
231361 3749.62
232324 3760.7
233289 3770.83
234256 3804.66
235225 3842.55
236196 3828.4
237169 3876.78
238144 3918.31
239121 3897.95
240100 3922.53
241081 3920.91
242064 3935.88
243049 3955.62
244036 3960.05
245025 3994.44
246016 4018.15
247009 4063.15
248004 4060.2
249001 4072.31
250000 4073.41
251001 4106.86
252004 4139.71
253009 4131.27
254016 4151.42
255025 4165.34
256036 4192.51
257049 4192.32
258064 4228.2
259081 4284.72
260100 4266.83
261121 4312.5
262144 4307.63
