1 0.336
4 0.17
9 0.27525
16 0.50325
25 0.811875
36 0.979125
49 1.35844
64 1.66919
81 2.14062
100 2.62194
121 3.05694
144 3.7905
169 4.51644
196 5.56531
225 6.70737
256 8.40594
289 9.98775
324 12.1576
361 14.4126
400 17.7731
441 19.5106
484 22.5502
529 25.9184
576 29.9584
625 33.6394
676 37.4231
729 42.1935
784 46.4291
841 51.0797
900 57.0179
961 61.4316
1024 67.1898
1089 74.4232
1156 80.1231
1225 86.8922
1296 96.3779
1369 103.486
1444 112.234
1521 119.212
1600 128
1681 137.818
1764 151.178
1849 160.51
1936 171.38
2025 184.001
2116 198.963
2209 210.12
2304 223.864
2401 241.648
2500 254.869
2601 271.489
2704 285.613
2809 303.023
2916 320.605
3025 340.608
3136 357.729
3249 377.966
3364 398.419
3481 418.619
3600 442.497
3721 465.746
3844 489.319
3969 518.278
4096 539.99
4225 565.992
4356 596.698
4489 627.159
4624 661.178
4761 698.815
4900 721.306
5041 757.544
5184 789.476
5329 824.605
5476 860.007
5625 895.338
5776 933.156
5929 975.313
6084 1017.51
6241 1064.23
6400 1110.01
6561 1152.08
6724 1197.28
6889 1251.19
7056 1298.54
7225 1342.92
7396 1397.08
7569 1459.66
7744 1518.63
7921 1572.69
8100 1629.87
8281 1703.9
8464 1755.8
8649 1813.33
8836 1900.97
9025 1961.45
9216 2033.56
9409 2100.32
9604 2194.49
9801 2260.1
10000 2337.62
10201 2430.46
10404 2510.75
10609 2587.79
10816 2688.05
11025 2782.22
11236 2872.65
11449 2953.96
11664 3069.23
11881 3177
12100 3261.66
12321 3382.84
12544 3485.28
12769 3603.09
12996 3711.62
13225 3820.91
13456 3936.29
13689 4051.98
13924 4188.75
14161 4318.8
14400 4447.63
14641 4565.33
14884 4704.71
15129 4853.52
15376 5000.46
15625 5136.39
15876 5316.1
16129 5456.7
16384 5625.12
16641 5746.07
16900 5964.78
17161 6135.64
17424 6280.8
17689 6468.84
17956 6610.36
18225 6832.09
18496 7027.59
18769 7226.59
19044 7370.81
19321 7613.24
19600 7787.94
19881 8016.26
20164 8243.85
20449 8451.11
20736 8705.15
21025 8948.93
21316 9148.4
21609 9403.35
21904 9672.99
22201 9883.33
22500 10131.1
22801 10432.3
23104 10624
23409 10902
23716 11203.9
24025 11515.8
24336 11732.2
24649 12045.8
24964 12364.4
25281 12604.8
25600 12896.3
25921 13225
26244 13521.1
26569 13858.1
26896 14214.5
27225 14598.1
27556 14817.8
27889 15206
28224 15580
28561 15906
28900 16236.3
29241 16637.2
29584 17072.3
29929 17392.4
30276 17772.4
30625 18116.6
30976 18491.6
31329 18932.8
31684 19393.9
32041 19759.3
32400 20297.4
32761 20624.5
33124 21115.4
33489 21531
33856 21952
34225 22470
34596 22921.8
34969 23425.2
35344 23956.1
35721 24454.5
36100 25045.1
36481 25399.8
36864 25936.4
37249 26517.7
37636 26969.2
38025 27479.2
38416 28023.4
38809 28633.6
39204 29222.9
39601 29810.4
40000 30364.8
40401 30982.9
40804 31625.6
41209 32191.7
41616 32767.9
42025 33414.6
42436 34102.7
42849 34725.6
43264 35485.8
43681 36094.6
44100 36682.1
44521 37485.9
44944 37987.1
45369 38914.9
45796 39545.2
46225 40233.7
46656 40979.9
47089 41795.6
47524 42561.3
47961 43248.7
48400 44179.9
48841 45006.1
49284 45698.7
49729 46525.9
50176 47278.2
50625 48199.8
51076 48986.6
51529 50019.2
51984 50806.7
52441 51631.4
52900 52660.1
53361 53565.1
53824 54378.9
54289 55331.1
54756 56168.4
55225 57109.6
55696 57967.2
56169 58909.5
56644 59957.6
57121 61000
57600 61864.2
58081 62841.7
58564 63898.8
59049 64998.1
59536 66065.8
60025 66901.5
60516 68063.7
61009 69116.2
61504 70187
62001 71250.6
62500 72481.3
63001 73806.9
63504 74772.8
64009 76025.4
64516 77300.4
65025 78455.4
65536 79709.7
66049 81027.2
66564 82325.4
67081 83533.5
67600 84939.7
68121 85965.9
68644 87451.8
69169 88859.5
69696 90050
70225 91737.1
70756 92918
71289 94249.4
71824 95947.4
72361 97252.3
72900 98832.2
73441 100202
73984 101765
74529 103339
75076 104914
75625 106443
76176 108103
76729 109748
77284 111702
77841 113138
78400 114899
78961 116717
79524 118314
80089 120159
80656 121915
81225 123781
81796 125566
82369 127239
82944 129299
83521 131171
84100 133025
84681 135169
85264 137173
85849 139541
86436 141452
87025 143520
87616 145402
88209 147625
88804 150005
89401 152344
90000 154691
90601 156669
91204 158554
91809 161017
92416 163696
93025 166144
93636 168432
94249 170873
94864 173143
95481 175831
96100 178555
96721 180795
97344 183896
97969 186351
98596 189233
99225 191790
99856 194810
100489 197841
101124 200142
101761 203282
102400 206257
103041 209060
103684 212503
104329 214798
104976 217599
105625 220854
106276 224542
106929 227284
107584 229693
108241 233238
108900 236505
109561 240069
110224 243193
110889 246906
111556 250370
112225 254388
112896 257033
113569 261291
114244 264807
114921 268501
115600 271518
116281 275744
116964 279946
117649 282808
118336 286332
119025 290715
119716 294512
120409 297770
121104 302008
121801 306821
122500 310079
123201 314151
123904 319112
124609 323136
125316 327481
126025 331749
126736 336056
127449 340282
128164 345237
128881 349776
129600 353938
130321 359285
131044 363923
131769 368799
132496 373863
133225 377857
133956 383860
134689 388349
135424 393442
136161 398938
136900 403839
137641 408764
138384 413640
139129 418586
139876 424503
140625 429072
141376 434817
142129 440032
142884 445400
143641 450748
144400 455863
145161 461385
145924 466499
146689 472474
147456 478211
148225 484211
148996 489737
149769 496081
150544 501819
151321 508057
152100 514473
152881 521049
153664 526898
154449 533995
155236 539847
156025 546418
156816 552479
157609 559869
158404 566063
159201 572443
160000 579173
160801 586044
161604 592172
162409 598698
163216 606346
164025 612813
164836 619875
165649 626867
166464 633882
167281 641629
168100 648797
168921 655864
169744 663912
170569 670541
171396 678009
172225 685557
173056 693093
173889 700844
174724 708350
175561 716735
176400 724453
177241 732367
178084 739655
178929 747374
179776 755596
180625 764431
181476 772096
182329 779836
183184 788103
184041 797057
184900 806127
185761 814665
186624 823117
187489 832006
188356 840891
189225 849455
190096 858529
190969 867105
191844 876546
192721 885439
193600 894976
194481 903633
195364 913344
196249 923013
197136 932958
198025 942085
198916 951805
199809 961407
200704 971177
201601 981096
202500 991635
203401 1.0023e+06
204304 1.01239e+06
205209 1.02191e+06
206116 1.03315e+06
207025 1.04289e+06
207936 1.05382e+06
208849 1.06342e+06
209764 1.07399e+06
210681 1.08494e+06
211600 1.09426e+06
212521 1.10463e+06
213444 1.11499e+06
214369 1.12764e+06
215296 1.13764e+06
216225 1.14825e+06
217156 1.16018e+06
218089 1.17176e+06
219024 1.18228e+06
219961 1.19433e+06
220900 1.20536e+06
221841 1.2154e+06
222784 1.22735e+06
223729 1.24348e+06
224676 1.25233e+06
225625 1.26102e+06
226576 1.27233e+06
227529 1.28555e+06
228484 1.29735e+06
229441 1.30914e+06
230400 1.32189e+06
231361 1.3351e+06
232324 1.34642e+06
233289 1.35924e+06
234256 1.37232e+06
235225 1.38388e+06
236196 1.3986e+06
237169 1.41492e+06
238144 1.4233e+06
239121 1.43488e+06
240100 1.44872e+06
241081 1.46269e+06
242064 1.47513e+06
243049 1.48901e+06
244036 1.5024e+06
245025 1.5152e+06
246016 1.52781e+06
247009 1.54224e+06
248004 1.55499e+06
249001 1.56938e+06
250000 1.58187e+06
251001 1.59464e+06
252004 1.60833e+06
253009 1.62155e+06
254016 1.63646e+06
255025 1.65061e+06
256036 1.66483e+06
257049 1.67983e+06
258064 1.69386e+06
259081 1.70994e+06
260100 1.72301e+06
261121 1.73824e+06
262144 1.75201e+06
