1 0.302125
4 0.208
9 0.237125
16 0.290875
25 0.454
36 0.595562
49 0.744313
64 0.925687
81 1.37781
100 1.70863
121 2.12413
144 2.69319
169 3.50538
196 3.86775
225 4.63806
256 5.53019
289 6.5615
324 7.63837
361 9.01206
400 11.2911
441 12.0646
484 13.8701
529 15.9043
576 18.1979
625 20.4141
676 24.0888
729 27.0705
784 29.4854
841 32.8368
900 36.7086
961 40.8386
1024 45.5516
1089 50.8614
1156 56.4654
1225 62.3871
1296 69.0278
1369 76.5305
1444 81.9406
1521 89.8613
1600 98.1491
1681 109.316
1764 117.858
1849 127.22
1936 138.179
2025 153.784
2116 164.635
2209 177.388
2304 192.365
2401 207.108
2500 222.625
2601 242.822
2704 266.31
2809 281.306
2916 305.083
3025 323.278
3136 345.589
3249 368.489
3364 398.584
3481 423.568
3600 453.866
3721 481.465
3844 519.823
3969 551.79
4096 589.282
4225 626.253
4356 661.207
4489 698.049
4624 740.844
4761 782.519
4900 832.219
5041 885.064
5184 933.587
5329 985.903
5476 1045.06
5625 1100.03
5776 1152.76
5929 1216.55
6084 1280.6
6241 1340.58
6400 1418.27
6561 1496.96
6724 1568.86
6889 1638.87
7056 1710.85
7225 1796.94
7396 1898.76
7569 1972.72
7744 2058.22
7921 2162.57
8100 2228.71
8281 2332.28
8464 2445.61
8649 2551.61
8836 2666.52
9025 2772.27
9216 2886.53
9409 3008.7
9604 3130.45
9801 3246.84
10000 3371.64
10201 3512.25
10404 3663.1
10609 3953.04
10816 3984.65
11025 4108.21
11236 4300.96
11449 4459.23
11664 4628.72
11881 4791.97
12100 4964.87
12321 5124.54
12544 5357.75
12769 5592.27
12996 5786.27
13225 5965.86
13456 6193.94
13689 6422.76
13924 6622.06
14161 6894.68
14400 7040.65
14641 7347.94
14884 7600.82
15129 7807.13
15376 8071.39
15625 8306.85
15876 8581.15
16129 8937.06
16384 9189.51
16641 9477.16
16900 9799.61
17161 10063.3
17424 10407.9
17689 10678.5
17956 11032.7
18225 11361.8
18496 11757.1
18769 12091.5
19044 12362.7
19321 12779.8
19600 13123.3
19881 13585.6
20164 13977.1
20449 14347.7
20736 14860.5
21025 15141.8
21316 15600.6
21609 16044.3
21904 16491.9
22201 16864.2
22500 17372.2
22801 17810.9
23104 18264.3
23409 18805.1
23716 19271.4
24025 20021.1
24336 20337.7
24649 20947.1
24964 21345.1
25281 21988.9
25600 22527.7
25921 23124.3
26244 23675.7
26569 24278.2
26896 24919.9
27225 25648
27556 26149.5
27889 26833.8
28224 27456.2
28561 28117.7
28900 28772.9
29241 29401.7
29584 30104.4
29929 30878.2
30276 31576.8
30625 32260
30976 32992.2
31329 33768.2
31684 34538.3
32041 35325.6
32400 36082.7
32761 36859.9
33124 37703.8
33489 38581.2
33856 39432.2
34225 40235.6
34596 41003.9
34969 41926.2
35344 43037.7
35721 43797.3
36100 44802.7
36481 45858
36864 46627.9
37249 47863.1
37636 48858.3
38025 49703.3
38416 50619
38809 51651.1
39204 52830.7
39601 53887.6
40000 54923.6
40401 56108.8
40804 57066.1
41209 58268
41616 59597
42025 60652.3
42436 61677.4
42849 63048.6
43264 64491.9
43681 65656.1
44100 66882.2
44521 68253.6
44944 69444.7
45369 70601.2
45796 72042.2
46225 73351.2
46656 74743
47089 76124.3
47524 77529.3
47961 78989.9
48400 80411.9
48841 81794.5
49284 83594.8
49729 84987.3
50176 87052.8
50625 88289.4
51076 89848.9
51529 91371.4
51984 93153.2
52441 94449.9
52900 96146
53361 97884.6
53824 99690
54289 101726
54756 103564
55225 105251
55696 107056
56169 108653
56644 110645
57121 112425
57600 114548
58081 116104
58564 118455
59049 120486
59536 122377
60025 124401
60516 126555
61009 128359
61504 130648
62001 132644
62500 135303
63001 137509
63504 139567
64009 141712
64516 143951
65025 146467
65536 148793
66049 151501
66564 154197
67081 156259
67600 159081
68121 161540
68644 164266
69169 166571
69696 170461
70225 173000
70756 175820
71289 178700
71824 181990
72361 185144
72900 188729
73441 191414
73984 195526
74529 198476
75076 201810
75625 206094
76176 209520
76729 212816
77284 216986
77841 220957
78400 225190
78961 229046
79524 233571
80089 237670
80656 242288
81225 246254
81796 250783
82369 255306
82944 260420
83521 265250
84100 269739
84681 274470
85264 280261
85849 284471
86436 289805
87025 294870
87616 300171
88209 305258
88804 310090
89401 316367
90000 321713
90601 327086
91204 333383
91809 338557
92416 344858
93025 350826
93636 355893
94249 361363
94864 368651
95481 374492
96100 380766
96721 387610
97344 393755
97969 401084
98596 407003
99225 413971
99856 420455
100489 427385
101124 434940
101761 441287
102400 448735
103041 455629
103684 463351
104329 470707
104976 477915
105625 485643
106276 493223
106929 501504
107584 508659
108241 516904
108900 524880
109561 532624
110224 540787
110889 548639
111556 557348
112225 565191
112896 574606
113569 582384
114244 592047
114921 600205
115600 608882
116281 618855
116964 626835
117649 636576
118336 645826
119025 654313
119716 664321
120409 673476
121104 682524
121801 692777
122500 702712
123201 712806
123904 722893
124609 732921
125316 742412
126025 752298
126736 763227
127449 773607
128164 783935
128881 794183
129600 805380
130321 816089
131044 826953
131769 837429
132496 848408
133225 859876
133956 872043
134689 882596
135424 894393
136161 910571
136900 916865
137641 927304
138384 944811
139129 952883
139876 962519
140625 975404
141376 986653
142129 1.0035e+06
142884 1.01342e+06
143641 1.02422e+06
144400 1.03623e+06
145161 1.04944e+06
145924 1.0625e+06
146689 1.07491e+06
147456 1.08842e+06
148225 1.10088e+06
148996 1.11429e+06
149769 1.1265e+06
150544 1.13964e+06
151321 1.15396e+06
152100 1.16764e+06
152881 1.18261e+06
153664 1.19559e+06
154449 1.21023e+06
155236 1.22316e+06
156025 1.2374e+06
156816 1.25169e+06
157609 1.26435e+06
158404 1.27976e+06
159201 1.29513e+06
160000 1.30903e+06
160801 1.32398e+06
161604 1.33982e+06
162409 1.35292e+06
163216 1.36739e+06
164025 1.38377e+06
164836 1.39734e+06
165649 1.4141e+06
166464 1.42983e+06
167281 1.44461e+06
168100 1.45989e+06
168921 1.47666e+06
169744 1.49214e+06
170569 1.50752e+06
171396 1.52458e+06
172225 1.54129e+06
173056 1.5581e+06
173889 1.57402e+06
174724 1.58968e+06
175561 1.60724e+06
176400 1.62602e+06
177241 1.64559e+06
178084 1.66028e+06
178929 1.67871e+06
179776 1.69487e+06
180625 1.71288e+06
181476 1.72915e+06
182329 1.74622e+06
183184 1.76347e+06
184041 1.77949e+06
184900 1.79741e+06
185761 1.8168e+06
186624 1.83609e+06
187489 1.85501e+06
188356 1.87365e+06
189225 1.89191e+06
190096 1.91131e+06
190969 1.93029e+06
191844 1.95021e+06
192721 1.96928e+06
193600 1.98693e+06
194481 2.00855e+06
195364 2.02661e+06
196249 2.04872e+06
197136 2.06695e+06
198025 2.08557e+06
198916 2.11182e+06
199809 2.12888e+06
200704 2.14744e+06
201601 2.17305e+06
202500 2.19035e+06
203401 2.20971e+06
204304 2.23208e+06
205209 2.25267e+06
206116 2.27265e+06
207025 2.29394e+06
207936 2.31742e+06
208849 2.33897e+06
209764 2.36082e+06
210681 2.38253e+06
211600 2.40442e+06
212521 2.42544e+06
213444 2.44983e+06
214369 2.48302e+06
215296 2.4966e+06
216225 2.5281e+06
217156 2.54512e+06
218089 2.57169e+06
219024 2.5934e+06
219961 2.61512e+06
220900 2.63935e+06
221841 2.66281e+06
222784 2.68774e+06
223729 2.7116e+06
224676 2.73586e+06
225625 2.76344e+06
226576 2.78712e+06
227529 2.81109e+06
228484 2.83698e+06
229441 2.86192e+06
230400 2.88757e+06
231361 2.91153e+06
232324 2.93734e+06
233289 2.96334e+06
234256 2.99783e+06
235225 3.01332e+06
236196 3.03944e+06
237169 3.06699e+06
238144 3.09344e+06
239121 3.11908e+06
240100 3.14644e+06
241081 3.17678e+06
242064 3.20183e+06
243049 3.22954e+06
244036 3.25661e+06
245025 3.30007e+06
246016 3.31429e+06
247009 3.34169e+06
248004 3.36978e+06
249001 3.39823e+06
250000 3.42602e+06
251001 3.45595e+06
252004 3.48182e+06
253009 3.51424e+06
254016 3.5449e+06
255025 3.57397e+06
256036 3.6034e+06
257049 3.63187e+06
258064 3.66493e+06
259081 3.69414e+06
260100 3.72359e+06
261121 3.75288e+06
262144 3.78019e+06
