1 0.1715
4 0.662875
9 0.526125
16 0.900125
25 1.89844
36 2.06331
49 2.66662
64 3.70463
81 5.00019
100 5.94438
121 7.47719
144 8.77681
169 10.6849
196 11.9989
225 14.3106
256 16.6143
289 18.4056
324 21.0561
361 23.8269
400 26.5465
441 30.2437
484 33.3712
529 36.6476
576 40.1673
625 43.8433
676 47.6005
729 52.5916
784 55.1179
841 60.2195
900 63.9989
961 69.5398
1024 73.649
1089 80.7279
1156 83.265
1225 89.3285
1296 94.8513
1369 100.255
1444 105.79
1521 110.635
1600 118.945
1681 125.482
1764 131.091
1849 138.84
1936 146.721
2025 151.693
2116 160.335
2209 168.699
2304 175.592
2401 186.499
2500 192.201
2601 202.745
2704 211.202
2809 220.272
2916 227.157
3025 235.36
3136 245.45
3249 258.659
3364 265.864
3481 275.662
3600 285.854
3721 298.25
3844 309.91
3969 320.669
4096 327.871
4225 341.968
4356 355.552
4489 368.707
4624 376.559
4761 392.42
4900 402.584
5041 412.686
5184 428.817
5329 445.403
5476 458.727
5625 469.758
5776 488.103
5929 500.583
6084 508.96
6241 524.424
6400 539.75
6561 557.864
6724 570.996
6889 585.935
7056 598.787
7225 616.442
7396 637.786
7569 654.433
7744 671.051
7921 685.167
8100 699.741
8281 711.57
8464 731.052
8649 757.278
8836 770.506
9025 784.541
9216 803.188
9409 822.085
9604 844.587
9801 860.524
10000 876.086
10201 896.301
10404 920.634
10609 941.53
10816 959.353
11025 976.083
11236 995.501
11449 1014.93
11664 1030.94
11881 1051.4
12100 1064.9
12321 1089.93
12544 1111.48
12769 1134.56
12996 1156.61
13225 1175.8
13456 1199.5
13689 1245.41
13924 1296.82
14161 1313.28
14400 1293
14641 1324.23
14884 1355.31
15129 1375.33
15376 1400.31
15625 1426.86
15876 1440.84
16129 1460.58
16384 1467.77
16641 1516.04
16900 1549.09
17161 1576.68
17424 1611.02
17689 1633.79
17956 1654.57
18225 1665.11
18496 1697.92
18769 1724.89
19044 1760.74
19321 1789.19
19600 1808.89
19881 1838.65
20164 1855.98
20449 1880.28
20736 1908.05
21025 1951.88
21316 1985.89
21609 1983.68
21904 2020.97
22201 2045.16
22500 2068.35
22801 2115.46
23104 2146.64
23409 2162.51
23716 2189.83
24025 2220.82
24336 2237.32
24649 2280.97
24964 2330.39
25281 2358.46
25600 2384.97
25921 2412.8
26244 2460.02
26569 2489.41
26896 2526.54
27225 2555.82
27556 2586.84
27889 2613.54
28224 2644.75
28561 2660.57
28900 2710.95
29241 2744.95
29584 2797.7
29929 2849.44
30276 2884.63
30625 2909.11
30976 2947.23
31329 2981.74
31684 3011.11
32041 3063.19
32400 3078.97
32761 3073.76
33124 3130.11
33489 3166.1
33856 3226.19
34225 3280.87
34596 3317.37
34969 3364.88
35344 3418.37
35721 3433.12
36100 3464.03
36481 3474.45
36864 3522.48
37249 3573.94
37636 3620.57
38025 3665.17
38416 3720.26
38809 3773.8
39204 3795.7
39601 3806.9
40000 3866.67
40401 3903.02
40804 3919.69
41209 3976.26
41616 4021.28
42025 4087.16
42436 4131.44
42849 4178.54
43264 4220.56
43681 4263.47
44100 4290.84
44521 4342.72
44944 4365.82
45369 4396.71
45796 4461.66
46225 4524.9
46656 4559.54
47089 4576.19
47524 4607.96
47961 4662.21
48400 4731.1
48841 4728.57
49284 4778.29
49729 4834.49
50176 4889.24
50625 4948.2
51076 4994.5
51529 5033.78
51984 5072.03
52441 5150.59
52900 5186.44
53361 5225.17
53824 5312.71
54289 5332.09
54756 5355.24
55225 5533.59
55696 5502.04
56169 5491.88
56644 5553.43
57121 5596.63
57600 5629.4
58081 5729.19
58564 5792.22
59049 5862.82
59536 5905.94
60025 5984.95
60516 6039.91
61009 6082.35
61504 6134.19
62001 6200.17
62500 6225.92
63001 6258.18
63504 6308.85
64009 6370.47
64516 6415.39
65025 6423.7
65536 6449.79
66049 6526.06
66564 6594.93
67081 6689.03
67600 6767.82
68121 6829.75
68644 6869.27
69169 6944.19
69696 7026.55
70225 7050.13
70756 7124.15
71289 7168.13
71824 7214.18
72361 7273.3
72900 7288.1
73441 7371.77
73984 7418.13
74529 7530.94
75076 7553.65
75625 7623.09
76176 7700.61
76729 7749.81
77284 7803.54
77841 7849.42
78400 7919.63
78961 7964.53
79524 8045.04
80089 8063.1
80656 8141.54
81225 8198.37
81796 8364.42
82369 8293.26
82944 8387.97
83521 8412.7
84100 8497.81
84681 8591.62
85264 8673.83
85849 8705.48
86436 8747.02
87025 8900.94
87616 8889.33
88209 8958.6
88804 9015.76
89401 9081.23
90000 9150.58
90601 9222.02
91204 9292.19
91809 9358.83
92416 9382.95
93025 9444.91
93636 9492.07
94249 9552.39
94864 9629.68
95481 9691.29
96100 9846.7
96721 9821.87
97344 9885.71
97969 9953.46
98596 10001
99225 10116.6
99856 10183.7
100489 10329.7
101124 10361.9
101761 10420.9
102400 10473.4
103041 10571.9
103684 10604.5
104329 10652.3
104976 10748.5
105625 10795.8
106276 10848.8
106929 11021
107584 11009.6
108241 11107.9
108900 11165.1
109561 11266.5
110224 11266.6
110889 11361.1
111556 11403.4
112225 11451.6
112896 11568.8
113569 11582.5
114244 11645.4
114921 11757.9
115600 11821.3
116281 11969.8
116964 12011.1
117649 12126
118336 12217.3
119025 12345
119716 12348.2
120409 12481.5
121104 12563.2
121801 12636.9
122500 12820
123201 12757.6
123904 12863.2
124609 12930.6
125316 13017
126025 13102.6
126736 13122.6
127449 13157.6
128164 13295.9
128881 13307.3
129600 13385.4
130321 13453.5
131044 13482.8
131769 13547.4
132496 13635.1
133225 13793
133956 13910.3
134689 13934.3
135424 14042.8
136161 14177.4
136900 14207.9
137641 14382
138384 14450.3
139129 14595.1
139876 14635.9
140625 14858.5
141376 14845.6
142129 14922.5
142884 15001.7
143641 15026.3
144400 15141.8
145161 15173.5
145924 15265.2
146689 15345.6
147456 15349.6
148225 15438.7
148996 15594
149769 15623.7
150544 15794
151321 15884.1
152100 16105.1
152881 16055.4
153664 16161.2
154449 16415.7
155236 16331.6
156025 16461.7
156816 16494
157609 16607.8
158404 16625.1
159201 16772.8
160000 16755
160801 16896
161604 16888.3
162409 16985.2
163216 17082.7
164025 17175.9
164836 17286.6
165649 17387
166464 17520.7
167281 17561.2
168100 17672.8
168921 17843.1
169744 17892
170569 18016.3
171396 18111.9
172225 18192.7
173056 18406.2
173889 18324.4
174724 18465.8
175561 18596
176400 18651.2
177241 18750.3
178084 18807.4
178929 18879
179776 18976.1
180625 19029.8
181476 19165.6
182329 19221.5
183184 19430.2
184041 19463.5
184900 19626.8
185761 19639.3
186624 19748.5
187489 19818.7
188356 19961.9
189225 20014
190096 20052.6
190969 20153.9
191844 20311.5
192721 20341.9
193600 20451.8
194481 20529.9
195364 20575.8
196249 20679.4
197136 20804.5
198025 21023.4
198916 21235.5
199809 21155.5
200704 21267.8
201601 21324.5
202500 21524.4
203401 21625.3
204304 21690.7
205209 21837.4
206116 21914.9
207025 21996.8
207936 22122.9
208849 22203.3
209764 22313.2
210681 22495.7
211600 22533.8
212521 22606.8
213444 22749.4
214369 22884.9
215296 22926.4
216225 23183.1
217156 23199.6
218089 23307.3
219024 23407.5
219961 23489.8
220900 23565.1
221841 23651.3
222784 23753
223729 23774.6
224676 23883.8
225625 24030
226576 24136.4
227529 24236.5
228484 24305.1
229441 24515.5
230400 24526.4
231361 24675.8
232324 24897.6
233289 24949.8
234256 25098.3
235225 25179.1
236196 25376.2
237169 25519.4
238144 25860.8
239121 25924.3
240100 25941.4
241081 26022.9
242064 26186.4
243049 26323.3
244036 26374.5
245025 26496.1
246016 26587.3
247009 26706.1
248004 26821.2
249001 26944.2
250000 27030.5
251001 27113.6
252004 27226
253009 27241.3
254016 27346.4
255025 27560.6
256036 27560.1
257049 27681.3
258064 27742
259081 27821.4
260100 27913.1
261121 27977.7
262144 27999.1
