1 0.1095
4 0.877563
9 0.400438
16 0.56525
25 0.97975
36 1.18406
49 1.62044
64 2.10463
81 2.8375
100 3.22956
121 4.13869
144 4.59437
169 5.61856
196 6.22575
225 7.18881
256 8.06862
289 9.00056
324 10.1209
361 12.7323
400 12.6201
441 13.9563
484 15.5056
529 16.9818
576 17.954
625 20.7186
676 21.9463
729 23.4459
784 25.6409
841 26.6303
900 28.4988
961 31.1534
1024 32.3439
1089 35.2431
1156 36.4033
1225 39.6612
1296 41.2523
1369 46.0519
1444 47.8881
1521 48.7124
1600 51.4878
1681 53.9119
1764 56.6233
1849 60.6543
1936 63.9128
2025 66.0869
2116 67.8024
2209 72.2473
2304 73.6252
2401 77.7232
2500 81.4576
2601 84.0749
2704 91.3899
2809 93.8877
2916 95.9776
3025 100.321
3136 104.399
3249 108.046
3364 110.42
3481 115.232
3600 118.338
3721 125.106
3844 129.765
3969 133.954
4096 135.735
4225 141.011
4356 147.133
4489 152.686
4624 154.539
4761 161.462
4900 167.575
5041 171.919
5184 175.93
5329 186.144
5476 193.452
5625 197.461
5776 202.434
5929 206.984
6084 211.212
6241 215.702
6400 222.193
6561 227.281
6724 234.463
6889 241.309
7056 248.182
7225 255.589
7396 266.209
7569 274.224
7744 276.642
7921 282.47
8100 286.569
8281 291.116
8464 298.493
8649 310.537
8836 317.168
9025 319.586
9216 323.039
9409 334.038
9604 339.844
9801 349.723
10000 355.788
10201 359.522
10404 369.084
10609 381.615
10816 393.93
11025 402.851
11236 411.45
11449 419.24
11664 429.088
11881 433.174
12100 444.09
12321 446.75
12544 454.782
12769 470.421
12996 477.716
13225 480.462
13456 490.249
13689 501.526
13924 509.164
14161 514.469
14400 522.304
14641 538.553
14884 554.015
15129 562.819
15376 570.469
15625 578.323
15876 582.454
16129 594.409
16384 600.221
16641 609.029
16900 621.361
17161 635.292
17424 647.535
17689 662.024
17956 666.752
18225 673.059
18496 677.887
18769 697.098
19044 716.906
19321 721.68
19600 736.599
19881 745.809
20164 752.221
20449 756.51
20736 771.851
21025 791.262
21316 811.078
21609 832.416
21904 844.989
22201 848.084
22500 846.471
22801 855.778
23104 873.386
23409 882.489
23716 891.519
24025 905.418
24336 918.497
24649 921.836
24964 932.118
25281 949.559
25600 965.262
25921 978.363
26244 1009.41
26569 985.238
26896 1001.2
27225 1019.23
27556 1033.47
27889 1050.3
28224 1057.45
28561 1060.77
28900 1082.61
29241 1106.07
29584 1130.55
29929 1140.73
30276 1158.29
30625 1175.13
30976 1181.55
31329 1194.39
31684 1204.62
32041 1222.46
32400 1225.21
32761 1271.64
33124 1279.68
33489 1261.9
33856 1299.33
34225 1309.88
34596 1313.91
34969 1327.37
35344 1336.43
35721 1344.52
36100 1365.43
36481 1375.87
36864 1380.6
37249 1396.73
37636 1417.07
38025 1442.32
38416 1459.09
38809 1474.44
39204 1495.51
39601 1504.97
40000 1517.26
40401 1526.89
40804 1529.98
41209 1554.72
41616 1585.97
42025 1598.55
42436 1622.35
42849 1650.23
43264 1680.49
43681 1700.49
44100 1710.72
44521 1727.28
44944 1737.93
45369 1725.05
45796 1749.79
46225 1781.48
46656 1787.78
47089 1796.03
47524 1824.08
47961 1840.62
48400 1846.29
48841 1850.71
49284 1866.24
49729 1891.57
50176 1917.04
50625 1936.11
51076 1947.75
51529 1967.17
51984 1981.61
52441 2004.99
52900 2004.72
53361 2008.35
53824 2033.65
54289 2066.29
54756 2089.09
55225 2100.45
55696 2127.04
56169 2136.95
56644 2151.65
57121 2158.21
57600 2185.05
58081 2217.88
58564 2262.25
59049 2285.73
59536 2334.28
60025 2329.87
60516 2362.05
61009 2367.48
61504 2366.18
62001 2398.89
62500 2421.59
63001 2431.78
63504 2445.97
64009 2454.02
64516 2459.86
65025 2488.43
65536 2502.33
66049 2510.64
66564 2531.4
67081 2565.41
67600 2565.95
68121 2605.49
68644 2650.65
69169 2668.56
69696 2701.05
70225 2719.7
70756 2733.1
71289 2763.92
71824 2767.11
72361 2774.09
72900 2778.52
73441 2798.45
73984 2823.38
74529 2855.18
75076 2867.46
75625 2893.64
76176 2934.12
76729 2941.81
77284 2976.79
77841 2992.23
78400 3038.27
78961 3070.3
79524 3065.32
80089 3074.71
80656 3102.33
81225 3108.38
81796 3121.36
82369 3139.63
82944 3177.04
83521 3220.68
84100 3251.27
84681 3286.53
85264 3329.96
85849 3360.29
86436 3394.38
87025 3416.37
87616 3456.71
88209 3471.56
88804 3490.06
89401 3521.04
90000 3499.15
90601 3504.13
91204 3550.29
91809 3705.42
92416 3651.16
93025 3631.7
93636 3665.58
94249 3672.75
94864 3681.91
95481 3719.12
96100 3744.81
96721 3746.86
97344 3763.01
97969 3781.82
98596 3803.57
99225 3826.12
99856 3854.13
100489 3871.67
101124 3919.23
101761 3951.17
102400 3965.73
103041 4011.44
103684 4024.16
104329 4040.17
104976 4049.3
105625 4068.55
106276 4279.48
106929 4138.99
107584 4147.22
108241 4179.87
108900 4239.95
109561 4243.04
110224 4267.83
110889 4286.11
111556 4310.99
112225 4341.26
112896 4365.64
113569 4388.23
114244 4398.71
114921 4412.17
115600 4457.78
116281 4533.48
116964 4551.17
117649 4617.02
118336 4665.06
119025 4715.52
119716 4705.75
120409 4756.07
121104 4801.2
121801 4848.06
122500 4876.43
123201 4836.61
123904 4887.44
124609 4891.65
125316 4916.43
126025 4965.49
126736 4942.99
127449 5001.92
128164 5024.93
128881 5036.07
129600 5055.65
130321 5076.14
131044 5076.22
131769 5098.25
132496 5162.46
133225 5187.35
133956 5213.24
134689 5250.38
135424 5264.71
136161 5368.12
136900 5372.78
137641 5407.78
138384 5434.59
139129 5455.39
139876 5525.23
140625 5541.77
141376 5584.36
142129 5650.96
142884 5644.21
143641 5660.18
144400 5627.69
145161 5641.24
145924 5703.5
146689 5698.79
147456 5728.08
148225 5751.29
148996 5782.19
149769 5845.79
150544 5866.95
151321 5905.76
152100 5970.19
152881 6012.63
153664 5997.25
154449 6042
155236 6098.91
156025 6147.99
156816 6150.76
157609 6216.96
158404 6246.53
159201 6232.17
160000 6253.13
160801 6456.57
161604 6305.06
162409 6332.54
163216 6327.43
164025 6401.3
164836 6354.02
165649 6414.9
166464 6496.37
167281 6547.26
168100 6593.43
168921 6651.92
169744 6691.28
170569 6722.78
171396 6767.55
172225 6823.29
173056 6907.95
173889 6944.24
174724 6957.88
175561 7030.19
176400 7016.25
177241 7067.22
178084 7082.53
178929 7125.55
179776 7180.59
180625 7135.29
181476 7210.34
182329 7243.47
183184 7275.8
184041 7282.9
184900 7392.08
185761 7410.61
186624 7389.46
187489 7451.37
188356 7541.61
189225 7573.46
190096 7539.58
190969 7561.77
191844 7691.94
192721 7601.58
193600 7660.87
194481 7653.19
195364 7691.46
196249 7674.64
197136 7715.7
198025 7786.42
198916 7786.78
199809 7832.11
200704 7900.33
201601 7924.25
202500 8005.79
203401 8011.88
204304 8075.11
205209 8153.84
206116 8142.35
207025 8172.89
207936 8221.55
208849 8240
209764 8271.44
210681 8392.02
211600 8329.9
212521 8347.02
213444 8361.76
214369 8404.44
215296 8521.07
216225 8516.83
217156 8577.44
218089 8665.7
219024 8690.61
219961 8716
220900 8779.03
221841 8862.16
222784 8936.09
223729 8883.57
224676 8910.12
225625 8929.21
226576 8979.64
227529 8983.07
228484 9023.87
229441 9028.86
230400 9091.82
231361 9307.16
232324 9232.43
233289 9280.45
234256 9361.9
235225 9440.38
236196 9490.43
237169 9551.43
238144 9613.97
239121 9631.12
240100 9724.77
241081 9746.04
242064 9806.15
243049 9795.85
244036 9815.14
245025 9839.02
246016 9845.3
247009 9892.72
248004 9921.85
249001 9974.56
250000 10012.4
251001 10035.8
252004 10126.1
253009 10099.7
254016 10146.1
255025 10147.5
256036 10192.1
257049 10248.9
258064 10241.6
259081 10302.4
260100 10335.1
261121 10468.7
262144 10398.7
