1 0.122687
4 0.57525
9 0.458688
16 0.610937
25 1.12219
36 1.34119
49 1.94525
64 2.19388
81 3.30163
100 3.46463
121 4.31987
144 4.79581
169 5.93056
196 6.59462
225 7.59144
256 8.23794
289 9.60144
324 10.7022
361 12.3003
400 13.2439
441 14.5417
484 16.2043
529 18.6309
576 18.6879
625 20.3726
676 24.0832
729 24.596
784 25.7261
841 27.6495
900 29.8995
961 32.7217
1024 32.6605
1089 36.0568
1156 38.4588
1225 39.5355
1296 42.2628
1369 46.7322
1444 48.8064
1521 49.7019
1600 52.9401
1681 54.9102
1764 57.3086
1849 61.6988
1936 64.0626
2025 65.8065
2116 69.261
2209 73.0887
2304 75.5026
2401 78.8051
2500 82.0023
2601 85.7319
2704 91.2151
2809 94.6961
2916 98.5608
3025 101.271
3136 103.829
3249 108.581
3364 111.57
3481 115.81
3600 120.603
3721 128.294
3844 132.49
3969 133.341
4096 135.485
4225 142.366
4356 149.054
4489 152.797
4624 158.118
4761 162.878
4900 166.949
5041 170.721
5184 177.82
5329 185.673
5476 194.461
5625 199.8
5776 205.88
5929 206.907
6084 210.505
6241 216.388
6400 224.006
6561 228.677
6724 234.146
6889 240.31
7056 247.853
7225 255.209
7396 264.044
7569 274.658
7744 277.486
7921 279.601
8100 286.742
8281 290.548
8464 297.897
8649 307.559
8836 314.863
9025 319.985
9216 323.672
9409 335.42
9604 345.445
9801 346.397
10000 353.027
10201 360.662
10404 370.66
10609 382.101
10816 397.756
11025 404.03
11236 414.015
11449 416.014
11664 421.944
11881 429.49
12100 435.706
12321 443.338
12544 453.502
12769 464.268
12996 472.187
13225 477.805
13456 485.725
13689 495.983
13924 512.158
14161 519.786
14400 528.293
14641 546.154
14884 553.439
15129 558.505
15376 566.279
15625 572.512
15876 580.868
16129 584.843
16384 585.143
16641 601.554
16900 616.313
17161 637.393
17424 645.548
17689 653.054
17956 658.71
18225 669.403
18496 683.874
18769 693.672
19044 712.957
19321 710.991
19600 718.614
19881 731.084
20164 740.009
20449 748.923
20736 768.479
21025 789.429
21316 805.021
21609 828.921
21904 840.692
22201 843.105
22500 856.27
22801 860.928
23104 876.946
23409 869.891
23716 880.277
24025 883.664
24336 894.942
24649 909.694
24964 933.742
25281 946.727
25600 959.179
25921 965.436
26244 978.301
26569 982.825
26896 1000.48
27225 1013.24
27556 1016.6
27889 1029.4
28224 1042.03
28561 1045.8
28900 1065.92
29241 1094.49
29584 1110.24
29929 1128.8
30276 1136.64
30625 1151.17
30976 1160.49
31329 1171.09
31684 1169.91
32041 1196.34
32400 1186.87
32761 1197.17
33124 1206.59
33489 1230.02
33856 1243.42
34225 1276.83
34596 1295.52
34969 1313.37
35344 1319.48
35721 1320.32
36100 1329.12
36481 1346.23
36864 1357.12
37249 1381.7
37636 1397.78
38025 1435.9
38416 1438.1
38809 1438.71
39204 1449.63
39601 1465.65
40000 1470.98
40401 1495.85
40804 1512.55
41209 1524.32
41616 1555.77
42025 1580.2
42436 1594.46
42849 1625.37
43264 1657.39
43681 1677.83
44100 1685.71
44521 1707.1
44944 1730.45
45369 1715.22
45796 1728.3
46225 1768.69
46656 1775.75
47089 1762.2
47524 1785.47
47961 1784.87
48400 1796.55
48841 1810.84
49284 1845.29
49729 1875.12
50176 1885.91
50625 1895.83
51076 1907.89
51529 1924.25
51984 1944.83
52441 1944.8
52900 1963.21
53361 2009.43
53824 2024.37
54289 2031.71
54756 2045.32
55225 2049.33
55696 2085.66
56169 2082.31
56644 2109.05
57121 2124.27
57600 2150.7
58081 2175.01
58564 2213.04
59049 2254.67
59536 2279.58
60025 2282.1
60516 2277.11
61009 2307.26
61504 2337.73
62001 2352.08
62500 2361.46
63001 2371.33
63504 2387.24
64009 2398.18
64516 2392.97
65025 2400.95
65536 2396.72
66049 2431.35
66564 2468.25
67081 2507.69
67600 2529.38
68121 2557.34
68644 2606.56
69169 2613.26
69696 2632.64
70225 2639.15
70756 2648.59
71289 2682.65
71824 2683.38
72361 2720.03
72900 2767.8
73441 2714.23
73984 2765.68
74529 2784.81
75076 2816.58
75625 2863.19
76176 2864.92
76729 2897.73
77284 2888.42
77841 2870.14
78400 2916.8
78961 2938.51
79524 2964.27
80089 2989.97
80656 3073.59
81225 3033.88
81796 3043.97
82369 3073.35
82944 3090.82
83521 3135.89
84100 3164.37
84681 3201.77
85264 3249.08
85849 3283.21
86436 3328.31
87025 3366.79
87616 3401.56
88209 3392.66
88804 3410.07
89401 3445.8
90000 3472.7
90601 3439.71
91204 3475.03
91809 3516.63
92416 3559.29
93025 3568.1
93636 3533.74
94249 3550.16
94864 3594.45
95481 3657.26
96100 3631.47
96721 3671.46
97344 3661.87
97969 3658.67
98596 3692.7
99225 3735.33
99856 3739.52
100489 3798.23
101124 3866.88
101761 3843.24
102400 3852.81
103041 3907.73
103684 3934.56
104329 3942.85
104976 3980.39
105625 3979.74
106276 3972.35
106929 4002.2
107584 4094.13
108241 4093.17
108900 4103.53
109561 4120.53
110224 4122.31
110889 4178.38
111556 4202.04
112225 4210.84
112896 4214.72
113569 4249.21
114244 4293.33
114921 4301.48
115600 4340.37
116281 4397.3
116964 4449.68
117649 4488.1
118336 4528.89
119025 4589.55
119716 4599.71
120409 4617.14
121104 4608.36
121801 4657.58
122500 4697.94
123201 4728.12
123904 4707.54
124609 4749.17
125316 4786.18
126025 4822.17
126736 4797.05
127449 4839.36
128164 4863.31
128881 4826.69
129600 4837.43
130321 4884.98
131044 4871.19
131769 4901.94
132496 4943.59
133225 5006.6
133956 5037.63
134689 5057.39
135424 5100.68
136161 5141.62
136900 5194.37
137641 5221.85
138384 5243.29
139129 5266.81
139876 5348.16
140625 5364.2
141376 5388.88
142129 5419.6
142884 5406.81
143641 5496.97
144400 5459.6
145161 5646.84
145924 5502.95
146689 5504.92
147456 5584.96
148225 5584.57
148996 5673.61
149769 5675.95
150544 5695.95
151321 5771.24
152100 5826.37
152881 5840.28
153664 5817.6
154449 5823.72
155236 5857.84
156025 5881.68
156816 5936.32
157609 5986.51
158404 6033.54
159201 6023.13
160000 6116.27
160801 6060.23
161604 6088.78
162409 6115.01
163216 6140.8
164025 6196.1
164836 6291.84
165649 6301.25
166464 6336.87
167281 6353.58
168100 6439.59
168921 6451.32
169744 6508.12
170569 6566.02
171396 6565.18
172225 6669.82
173056 6763.13
173889 6794.39
174724 6817.2
175561 6802.29
176400 6837.5
177241 6866.19
178084 6874.95
178929 6919.71
179776 6930.33
180625 6995.58
181476 7044.61
182329 7015.82
183184 7124.29
184041 7129.64
184900 7189.4
185761 7196.78
186624 7193.2
187489 7172.49
188356 7208.73
189225 7306.18
190096 7305.22
190969 7335.88
191844 7330.83
192721 7329.18
193600 7401.52
194481 7396.49
195364 7410.21
196249 7432.08
197136 7503.65
198025 7525.94
198916 7580.26
199809 7598.99
200704 7657.86
201601 7715.33
202500 7716.2
203401 7790.57
204304 7860.08
205209 7824.96
206116 7920.41
207025 7939.75
207936 7951.77
208849 7994.75
209764 8019.75
210681 8021.02
211600 8109.33
212521 8075.55
213444 8117.15
214369 8216.81
215296 8236.2
216225 8288.6
217156 8406.93
218089 8332.08
219024 8403.97
219961 8377.57
220900 8411.24
221841 8410.78
222784 8545.23
223729 8528.61
224676 8519.7
225625 8579.05
226576 8629.65
227529 8640.18
228484 8652.98
229441 8709.84
230400 8789.68
231361 8821.09
232324 8888.7
233289 8948.94
234256 9044.64
235225 9117.85
236196 9122.17
237169 9196.15
238144 9321.4
239121 9326.99
240100 9333.35
241081 9378.5
242064 9373.11
243049 9406.76
244036 9447.2
245025 9454.82
246016 9566.55
247009 9574.92
248004 9567.34
249001 9578.96
250000 9613.46
251001 9661.15
252004 9661.08
253009 9655.04
254016 9722.05
255025 9763.13
256036 9815.25
257049 9804.95
258064 9805.37
259081 9811.09
260100 9799.08
261121 9967.06
262144 9940.87
