1 0.114688
4 0.1675
9 0.274875
16 0.385625
25 0.522687
36 0.6015
49 0.716688
64 0.860125
81 1.07713
100 1.23062
121 1.30831
144 1.65187
169 1.97444
196 2.2365
225 2.59762
256 2.6595
289 2.94344
324 3.59669
361 4.22806
400 4.46169
441 4.83506
484 5.20744
529 5.55394
576 6.0855
625 6.8175
676 7.69875
729 8.37063
784 9.42475
841 9.892
900 10.2801
961 10.5371
1024 10.8798
1089 12.2896
1156 12.7751
1225 14.0321
1296 14.9184
1369 16.3194
1444 17.5481
1521 18.7923
1600 19.1919
1681 20.5059
1764 21.7521
1849 21.444
1936 22.395
2025 23.2762
2116 23.6584
2209 25.2379
2304 27.9498
2401 28.1
2500 29.6333
2601 31.3508
2704 33.5771
2809 35.6819
2916 37.4086
3025 39.0023
3136 40.3374
3249 41.4031
3364 44.1253
3481 43.1728
3600 46.1415
3721 45.4578
3844 46.8549
3969 47.8901
4096 48.3079
4225 50.2839
4356 53.1217
4489 53.9295
4624 58.6104
4761 58.5072
4900 63.4653
5041 62.9306
5184 67.0181
5329 70.4508
5476 72.8898
5625 74.342
5776 78.4673
5929 78.6815
6084 83.1277
6241 86.9049
6400 85.9721
6561 88.1119
6724 91.1768
6889 90.8116
7056 92.1533
7225 98.2194
7396 95.6389
7569 98.3163
7744 102.042
7921 101.375
8100 102.106
8281 105.496
8464 107.407
8649 112.176
8836 114.145
9025 116.556
9216 124.345
9409 124.419
9604 129.139
9801 133.863
10000 133.587
10201 137.64
10404 143.277
10609 149.461
10816 152.677
11025 154.976
11236 160.699
11449 168.798
11664 165.522
11881 172.686
12100 178.895
12321 184.354
12544 186.026
12769 183.826
12996 188.78
13225 193.987
13456 196.797
13689 192.76
13924 196.555
14161 199.96
14400 210.52
14641 208.874
14884 211.174
15129 214.365
15376 218.074
15625 217.912
15876 218.683
16129 217.932
16384 223.873
16641 229.954
16900 232.863
17161 238.34
17424 248.863
17689 247.651
17956 251.926
18225 256.506
18496 267.186
18769 265.899
19044 272.031
19321 278.689
19600 290.686
19881 285.05
20164 289.107
20449 297.157
20736 302.48
21025 313.141
21316 318.957
21609 326.796
21904 333.394
22201 337.943
22500 344.776
22801 358.888
23104 358.815
23409 358.339
23716 364.501
24025 375.665
24336 383.267
24649 397.252
24964 401.468
25281 400.11
25600 393.498
25921 410.165
26244 407.661
26569 416.137
26896 424.392
27225 423.117
27556 420.798
27889 426.616
28224 429.626
28561 433.896
28900 450.437
29241 451.219
29584 446.334
29929 456.833
30276 459.485
30625 458.946
30976 468.612
31329 465.5
31684 467.966
32041 467.355
32400 469.675
32761 480.437
33124 489.855
33489 490.509
33856 499.2
34225 505.99
34596 518.705
34969 530.933
35344 529.653
35721 527.671
36100 539.597
36481 546.185
36864 567.36
37249 561.891
37636 564.082
38025 574.663
38416 585.181
38809 601.476
39204 607.308
39601 603.663
40000 611.608
40401 616.923
40804 626.813
41209 640.876
41616 651.13
42025 662.665
42436 674.689
42849 680.536
43264 689.042
43681 691.873
44100 693.165
44521 706.11
44944 717.972
45369 734.719
45796 739.36
46225 732.822
46656 729.682
47089 740.265
47524 753.976
47961 771.192
48400 769.113
48841 789.895
49284 812.946
49729 806.311
50176 806.333
50625 805.616
51076 801.613
51529 808.871
51984 824.949
52441 824.839
52900 831.716
53361 844.998
53824 858.39
54289 850.377
54756 842.612
55225 843.65
55696 848.338
56169 862.815
56644 868.593
57121 879.271
57600 898.414
58081 890.846
58564 888.163
59049 886.464
59536 896.525
60025 917.177
60516 916.768
61009 919.546
61504 940.408
62001 951.778
62500 945.886
63001 930.266
63504 933.842
64009 933.91
64516 933.396
65025 944.564
65536 964.9
66049 988.039
66564 1000.44
67081 995.377
67600 995.7
68121 1012.07
68644 1018.33
69169 1036.68
69696 1055.93
70225 1061
70756 1054.03
71289 1061.99
71824 1080.57
72361 1094.81
72900 1104.98
73441 1133.56
73984 1138.26
74529 1136.74
75076 1134.31
75625 1147.37
76176 1160.37
76729 1174.2
77284 1181.37
77841 1213.24
78400 1219.39
78961 1229.33
79524 1235.02
80089 1227.07
80656 1241.73
81225 1258.11
81796 1271.47
82369 1295.12
82944 1303.34
83521 1307.06
84100 1325.16
84681 1342.72
85264 1353.71
85849 1366.14
86436 1396.47
87025 1413.05
87616 1419.46
88209 1404.86
88804 1417.28
89401 1433.41
90000 1454.72
90601 1494.02
91204 1504.97
91809 1518.2
92416 1512.67
93025 1514.1
93636 1511.74
94249 1519.57
94864 1557.52
95481 1556.95
96100 1578.74
96721 1576.52
97344 1587.6
97969 1647.02
98596 1673.02
99225 1658.91
99856 1659.05
100489 1650.24
101124 1639.82
101761 1652.78
102400 1650.02
103041 1699.15
103684 1708
104329 1689.58
104976 1710.46
105625 1724.64
106276 1748.57
106929 1758.57
107584 1782.1
108241 1761.95
108900 1755.99
109561 1733.75
110224 1776.69
110889 1790.33
111556 1789.96
112225 1794.76
112896 1782.13
113569 1807.7
114244 1831.56
114921 1860.25
115600 1863.93
116281 1859.96
116964 1861.68
117649 1857.45
118336 1873.82
119025 1883.59
119716 1909.07
120409 1919.12
121104 1927.48
121801 1893.11
122500 1935.54
123201 1953.91
123904 1962.47
124609 1958.02
125316 1948.95
126025 1961.4
126736 1968.14
127449 1982.14
128164 1957.48
128881 1950.92
129600 1975.71
130321 2013.46
131044 2005.1
131769 2038.97
132496 2031.74
133225 2060.74
133956 2057.04
134689 2078.67
135424 2090.18
136161 2108.49
136900 2120.28
137641 2138.9
138384 2162.55
139129 2174.89
139876 2217.54
140625 2213.91
141376 2208.23
142129 2206.78
142884 2226.37
143641 2245.1
144400 2264.36
145161 2278.76
145924 2284.11
146689 2328.73
147456 2360.14
148225 2359.87
148996 2379.53
149769 2349.38
150544 2369.53
151321 2387.49
152100 2425.45
152881 2439.68
153664 2456.6
154449 2480.15
155236 2520
156025 2525.01
156816 2538.67
157609 2541.78
158404 2522.5
159201 2532.79
160000 2557.09
160801 2575.08
161604 2588.14
162409 2608.16
163216 2617.78
164025 2657.06
164836 2689.91
165649 2698.7
166464 2718.67
167281 2744.84
168100 2786.14
168921 2784.74
169744 2813.99
170569 2839.06
171396 2831.8
172225 2833.91
173056 2881.72
173889 2890.69
174724 2953.96
175561 2949.79
176400 2927.82
177241 2944.23
178084 2963.64
178929 2996.9
179776 3064.09
180625 3087.29
181476 3106.92
182329 3157.12
183184 3136.78
184041 3182.67
184900 3142.68
185761 3131.28
186624 3110.34
187489 3163.6
188356 3162.4
189225 3197.74
190096 3220.27
190969 3237.37
191844 3253.01
192721 3314.72
193600 3327.97
194481 3319.35
195364 3346.29
196249 3419.28
197136 3455.34
198025 3481.42
198916 3480.24
199809 3593.43
200704 3471.3
201601 3493.51
202500 3497.03
203401 3482.19
204304 3469
205209 3497.59
206116 3530.57
207025 3572.51
207936 3564.59
208849 3563.79
209764 3617.42
210681 3609.39
211600 3634.11
212521 3622.8
213444 3682.71
214369 3709.08
215296 3739.44
216225 3703.69
217156 3736.14
218089 3669.58
219024 3652.14
219961 3735.68
220900 3691.05
221841 3709.94
222784 3760.63
223729 3752.5
224676 3797.06
225625 3804.64
226576 3813.53
227529 3810.18
228484 3833.19
229441 3905.89
230400 3892.8
231361 3913.42
232324 3872.98
233289 3930.57
234256 3898.87
235225 3927.29
236196 3901.07
237169 3910.27
238144 3906.12
239121 4000.67
240100 4020.05
241081 4036.86
242064 3997.94
243049 3992.9
244036 4044.77
245025 4073.53
246016 4083.88
247009 4090.59
248004 4085.63
249001 4143.74
250000 4104.09
251001 4096.1
252004 4082.72
253009 4101.7
254016 4140.01
255025 4103.49
256036 4139.91
257049 4123.98
258064 4113.53
259081 4174.16
260100 4185.52
261121 4248.11
262144 4312.78
