1 0.14725
4 0.20475
9 0.339938
16 0.556125
25 0.970938
36 1.36694
49 1.85763
64 2.52681
81 3.14162
100 3.749
121 5.112
144 5.79931
169 7.00981
196 8.36487
225 9.51738
256 11.1944
289 12.5881
324 13.6779
361 15.9367
400 17.7936
441 20.1569
484 22.2429
529 24.2671
576 27.0281
625 29.7614
676 32.2326
729 35.0338
784 38.0206
841 40.727
900 44.2628
961 48.4135
1024 52.4004
1089 54.7956
1156 58.2623
1225 63.2926
1296 67.2266
1369 69.7531
1444 75.9672
1521 78.5881
1600 82.538
1681 87.3052
1764 92.6818
1849 98.9409
1936 103.995
2025 110.533
2116 112.334
2209 122.606
2304 122.904
2401 134.806
2500 136.737
2601 142.175
2704 149.6
2809 159.14
2916 164.031
3025 168.507
3136 175.49
3249 185.673
3364 192.643
3481 198.351
3600 207.117
3721 210.845
3844 219.766
3969 227.348
4096 238.168
4225 245.637
4356 261.079
4489 262.278
4624 270.5
4761 281.757
4900 290.283
5041 296.758
5184 304.103
5329 316.632
5476 334.074
5625 333.764
5776 345.384
5929 355.455
6084 374.656
6241 378.427
6400 391.111
6561 401.772
6724 411.817
6889 424.27
7056 433.064
7225 447.646
7396 451.491
7569 459.324
7744 475.292
7921 495.092
8100 497.281
8281 505.571
8464 521.714
8649 537.389
8836 552.645
9025 564.712
9216 573.656
9409 592.6
9604 603.972
9801 624.501
10000 632.004
10201 644.341
10404 659.839
10609 672.78
10816 700.959
11025 713.229
11236 718.228
11449 723.14
11664 749.326
11881 746.045
12100 760.701
12321 773.687
12544 775.535
12769 810.364
12996 803.493
13225 840.048
13456 858.718
13689 851.704
13924 867.66
14161 898.97
14400 920.849
14641 931.766
14884 934.283
15129 948.267
15376 974.957
15625 1000.39
15876 999.826
16129 1029.06
16384 1048.27
16641 1058.45
16900 1079.24
17161 1090.75
17424 1113.3
17689 1132.69
17956 1154.54
18225 1170.26
18496 1202.63
18769 1184.54
19044 1235.46
19321 1262.26
19600 1235.87
19881 1272.81
20164 1281.71
20449 1334.01
20736 1330.08
21025 1364.77
21316 1395.78
21609 1415.79
21904 1460.71
22201 1446.22
22500 1468.15
22801 1470.25
23104 1517.37
23409 1539.42
23716 1596.11
24025 1578.52
24336 1606.17
24649 1606.09
24964 1634.42
25281 1719.91
25600 1719.34
25921 1712.5
26244 1719.44
26569 1755
26896 1783.82
27225 1832.48
27556 1803.74
27889 1826.65
28224 1874.17
28561 1891.28
28900 1914.29
29241 1954.04
29584 1950.48
29929 1993.84
30276 2018.52
30625 2038.65
30976 2111.44
31329 2103.1
31684 2125.7
32041 2112.81
32400 2202.41
32761 2220.43
33124 2231.74
33489 2228.45
33856 2252.54
34225 2329.78
34596 2358.09
34969 2381.72
35344 2372.97
35721 2439.52
36100 2425.85
36481 2485.54
36864 2518.99
37249 2553.65
37636 2536.53
38025 2580.93
38416 2634.48
38809 2680.24
39204 2659.57
39601 2795.06
40000 2741.83
40401 2747.95
40804 2807.29
41209 2833.04
41616 2838.46
42025 2855.45
42436 2885.67
42849 2962.84
43264 3019.31
43681 3019.52
44100 3010.04
44521 3085.84
44944 3106.97
45369 3148.04
45796 3171.49
46225 3221.23
46656 3203.41
47089 3266.57
47524 3299.72
47961 3307.58
48400 3351.77
48841 3420.55
49284 3410.47
49729 3433.11
50176 3497.84
50625 3538.32
51076 3578.01
51529 3600.42
51984 3630.42
52441 3663.13
52900 3706.95
53361 3811.13
53824 3807.85
54289 3794.21
54756 3870.77
55225 3872.37
55696 3947.3
56169 3973.59
56644 3994.45
57121 4041.27
57600 4008.61
58081 4174.88
58564 4120.47
59049 4120.02
59536 4220.57
60025 4248.23
60516 4354.42
61009 4361.27
61504 4367.61
62001 4404.04
62500 4407.89
63001 4463.6
63504 4490.77
64009 4589.22
64516 4563
65025 4632.74
65536 4704.91
66049 4686.62
66564 4727.66
67081 4799.59
67600 4813.71
68121 4863.64
68644 4992.37
69169 4931.55
69696 5026.89
70225 5040.95
70756 5110.45
71289 5097.75
71824 5144.82
72361 5197.4
72900 5211.89
73441 5302.94
73984 5339.73
74529 5397.46
75076 5367.23
75625 5459.98
76176 5511.79
76729 5463.7
77284 5491.8
77841 5587.4
78400 5667
78961 5706.79
79524 5682.26
80089 5777.44
80656 5861.92
81225 5950.39
81796 5910.77
82369 6019.8
82944 5964.6
83521 6046.59
84100 6068.4
84681 6199.83
85264 6233.69
85849 6308.9
86436 6279.85
87025 6292.53
87616 6439.38
88209 6482.62
88804 6453.39
89401 6650.94
90000 6570.28
90601 6690.28
91204 6699.13
91809 6699.22
92416 6800.8
93025 6769.22
93636 6850.82
94249 6907.39
94864 6965.72
95481 7035.58
96100 7091.7
96721 7100.33
97344 6978.28
97969 7152.89
98596 7253.23
99225 7323.92
99856 7326.02
100489 7478.92
101124 7394.01
101761 7474.68
102400 7522.4
103041 7582.72
103684 7836.08
104329 7672.54
104976 7911.75
105625 7884.16
106276 7890.18
106929 7821.83
107584 8018.22
108241 8068.25
108900 8113.39
109561 8030.55
110224 8219.36
110889 8167.56
111556 8340.14
112225 8233.64
112896 8354.95
113569 8574.66
114244 8449.03
114921 8509.63
115600 8637.58
116281 8610.11
116964 8681.97
117649 8824.8
118336 8720.09
119025 8893.15
119716 8873.67
120409 9016.2
121104 9027.4
121801 9046.86
122500 9072.55
123201 9296.43
123904 9290.76
124609 9267.4
125316 9348.84
126025 9470
126736 9487.39
127449 9581.25
128164 9733.43
128881 9649.23
129600 9710.91
130321 9721.48
131044 9933.16
131769 9907.12
132496 9905.92
133225 10061.6
133956 10071.9
134689 10138.2
135424 10305.7
136161 10275.8
136900 10289.1
137641 10405.6
138384 10280.4
139129 10484.6
139876 10605.9
140625 10598.3
141376 10722.1
142129 10792.4
142884 10703.8
143641 10809.2
144400 10864.7
145161 11031.5
145924 11039.6
146689 11175.2
147456 11239.3
148225 11154.6
148996 11219.8
149769 11366.7
150544 11330.7
151321 11383.5
152100 11634.3
152881 11583.4
153664 11606.8
154449 11645.4
155236 11801.3
156025 11803.1
156816 11872.7
157609 11861.3
158404 11908.1
159201 12264.2
160000 12196
160801 12221.4
161604 12323.5
162409 12321.2
163216 12408
164025 12545.5
164836 12503.4
165649 12604.2
166464 12837.5
167281 12790.8
168100 12831.3
168921 13025.5
169744 12731.6
170569 12944.1
171396 13191.8
172225 13213.5
173056 13101.7
173889 13252.3
174724 13511.4
175561 13521.6
176400 13628.2
177241 13608.3
178084 13678.9
178929 13662.6
179776 13934.3
180625 13941
181476 13948.1
182329 13998.5
183184 13941.4
184041 14374.3
184900 14291.4
185761 14337
186624 14354.7
187489 14356.7
188356 14611.2
189225 14507.4
190096 14732.1
190969 14818.2
191844 14622.5
192721 14854
193600 14836.3
194481 15138.1
195364 14865.4
196249 15196.7
197136 15087.2
198025 15302
198916 15341.4
199809 15586.8
200704 15585.1
201601 15767.7
202500 15813.8
203401 15794.9
204304 15906.9
205209 15836.2
206116 16124.2
207025 15942.8
207936 16314.2
208849 16344.7
209764 16385.1
210681 16448.7
211600 16361.1
212521 16594.8
213444 16637.8
214369 16683.3
215296 16959.5
216225 16870.3
217156 17104.6
218089 17002.7
219024 17303.8
219961 17432.7
220900 17249.6
221841 17209.8
222784 17395.7
223729 17508.3
224676 17574.3
225625 17828.6
226576 17662.2
227529 17930.7
228484 18004.2
229441 17688.4
230400 17913.4
231361 18326.4
232324 17999.9
233289 18286.9
234256 18656.1
235225 18635.3
236196 18736.6
237169 18816.6
238144 18649.6
239121 18774.8
240100 18822.7
241081 19138.7
242064 19008.7
243049 18977.6
244036 19022.3
245025 19354.1
246016 19295.6
247009 19208.5
248004 19461.1
249001 19733.2
250000 19740.8
251001 19789.9
252004 19999
253009 20254.9
254016 20129.3
255025 20121.2
256036 20215.1
257049 20258.4
258064 20514.5
259081 20524.3
260100 20500.8
261121 20534.3
262144 20655.5
