1 0.131875
4 0.129375
9 0.219563
16 0.318688
25 0.464188
36 0.533438
49 0.649813
64 0.739312
81 1.02438
100 1.07512
121 1.21225
144 1.51062
169 1.86106
196 2.08044
225 2.48988
256 2.48112
289 2.81725
324 3.3645
361 4.06969
400 4.21194
441 4.688
484 4.90831
529 5.33812
576 5.76487
625 6.5425
676 7.35663
729 8.03244
784 8.80031
841 10.3396
900 9.84056
961 10.1014
1024 10.3731
1089 11.4741
1156 12.1786
1225 13.3736
1296 14.2372
1369 15.5944
1444 16.8043
1521 18.0319
1600 18.2124
1681 19.6039
1764 19.8248
1849 20.4873
1936 21.6736
2025 21.4367
2116 22.6539
2209 24.4244
2304 26.0586
2401 27.7621
2500 28.1049
2601 29.9952
2704 32.1447
2809 34.8958
2916 34.8416
3025 37.2132
3136 38.8392
3249 40.3274
3364 41.0244
3481 41.3137
3600 43.4258
3721 43.2844
3844 44.7133
3969 45.0776
4096 47.4514
4225 47.2992
4356 50.5404
4489 51.4672
4624 54.8514
4761 55.9966
4900 59.2647
5041 60.4249
5184 62.942
5329 67.0595
5476 68.7275
5625 71.2301
5776 74.4229
5929 76.3579
6084 79.1239
6241 83.3269
6400 81.1053
6561 86.5261
6724 87.7943
6889 86.4551
7056 89.7528
7225 95.2145
7396 93.6514
7569 95.8589
7744 97.2361
7921 98.6082
8100 98.6419
8281 101.436
8464 103.15
8649 107.573
8836 110.618
9025 114.914
9216 120.532
9409 119.061
9604 124.741
9801 130.159
10000 130.221
10201 134.908
10404 140.627
10609 144.836
10816 148.182
11025 150.391
11236 155.605
11449 164.349
11664 161.767
11881 165.42
12100 170.681
12321 178.138
12544 179.963
12769 178.036
12996 183.104
13225 188.044
13456 190.926
13689 187.888
13924 190.544
14161 196.373
14400 201.658
14641 199.356
14884 203.766
15129 204.705
15376 209.987
15625 209.814
15876 210.332
16129 211.43
16384 216.146
16641 222.409
16900 224.058
17161 229.394
17424 238.071
17689 237.999
17956 241.366
18225 249.698
18496 256.16
18769 254.533
19044 260.597
19321 267.178
19600 274.136
19881 272.838
20164 280.151
20449 285.662
20736 292.91
21025 301.453
21316 310.899
21609 314.762
21904 320.282
22201 326.383
22500 332.907
22801 347.314
23104 351.373
23409 347.214
23716 353.942
24025 365.608
24336 374.644
24649 384.62
24964 383.804
25281 377.824
25600 380.364
25921 392.62
26244 399.369
26569 399.981
26896 410.901
27225 408.562
27556 405.961
27889 409.962
28224 412.947
28561 419.148
28900 435.566
29241 434.608
29584 432.201
29929 437.358
30276 444.388
30625 448.536
30976 449.678
31329 447.945
31684 448.376
32041 448.664
32400 453.726
32761 462.15
33124 468.885
33489 470.563
33856 489.175
34225 496.97
34596 507.102
34969 509.715
35344 507.044
35721 509.366
36100 517.729
36481 527.417
36864 543.904
37249 542.855
37636 543.966
38025 558.036
38416 566.526
38809 582.884
39204 588.616
39601 584.479
40000 590.267
40401 596.966
40804 608.715
41209 624.005
41616 630.833
42025 641.077
42436 650.286
42849 654.848
43264 672.741
43681 681.169
44100 675.306
44521 689.178
44944 705.683
45369 720.31
45796 718.004
46225 719.563
46656 705.836
47089 715.418
47524 727.703
47961 748.042
48400 753.383
48841 768.262
49284 791.908
49729 786.724
50176 781.016
50625 774.586
51076 774.787
51529 788.549
51984 799.307
52441 800.598
52900 822.216
53361 818.4
53824 828.516
54289 825.452
54756 817.998
55225 826.855
55696 825.8
56169 832.585
56644 844.294
57121 849.289
57600 863.433
58081 874.359
58564 881.941
59049 880.45
59536 873.667
60025 894.27
60516 894.891
61009 896.639
61504 937.847
62001 930.984
62500 911.425
63001 908.04
63504 919.303
64009 922.916
64516 917.117
65025 928.531
65536 949.504
66049 960.505
66564 954.691
67081 956.668
67600 965.94
68121 992.31
68644 1000.99
69169 1012.6
69696 1034.6
70225 1042.14
70756 1032.91
71289 1035.45
71824 1046.31
72361 1063.34
72900 1070.21
73441 1093.29
73984 1110.57
74529 1107.42
75076 1105.18
75625 1106.81
76176 1120.87
76729 1140.26
77284 1164.06
77841 1188.34
78400 1188.63
78961 1180.59
79524 1204.45
80089 1240.38
80656 1247.37
81225 1219.59
81796 1236.36
82369 1258
82944 1265.33
83521 1283.1
84100 1309.09
84681 1309.14
85264 1325.85
85849 1326.65
86436 1341.84
87025 1373.19
87616 1374.9
88209 1387.41
88804 1396.13
89401 1416.42
90000 1420.74
90601 1454.95
91204 1479.28
91809 1472.16
92416 1461.32
93025 1450.66
93636 1463.13
94249 1476.47
94864 1497.59
95481 1514.01
96100 1531.9
96721 1552.38
97344 1563.07
97969 1592.12
98596 1626.87
99225 1633.42
99856 1619.07
100489 1620.4
101124 1605.42
101761 1610.76
102400 1598.14
103041 1634.97
103684 1651.79
104329 1661.66
104976 1684.21
105625 1677.81
106276 1678.14
106929 1707.09
107584 1735.87
108241 1724.02
108900 1748.03
109561 1720.18
110224 1708.69
110889 1724.07
111556 1740.67
112225 1753.28
112896 1750
113569 1783.46
114244 1783.34
114921 1805.24
115600 1818.41
116281 1819.04
116964 1828.06
117649 1820.32
118336 1825.91
119025 1836.62
119716 1844.28
120409 1859.87
121104 1871.16
121801 1853.68
122500 1891.52
123201 1907.78
123904 1925.72
124609 1917.85
125316 1913.85
126025 1892.56
126736 1914.59
127449 1925.15
128164 1913.4
128881 1899.94
129600 1919
130321 1943.8
131044 1961.12
131769 2005.25
132496 1997.52
133225 2014.62
133956 2004.35
134689 2044.92
135424 2044.29
136161 2046.52
136900 2078.38
137641 2091.47
138384 2170.71
139129 2221.69
139876 2168.9
140625 2166.88
141376 2171.16
142129 2161.93
142884 2168.44
143641 2195.98
144400 2205.87
145161 2214.02
145924 2231.26
146689 2272.68
147456 2300.62
148225 2306.72
148996 2301.01
149769 2311.12
150544 2289.01
151321 2318.29
152100 2346.04
152881 2411.58
153664 2379.15
154449 2416.48
155236 2447.25
156025 2476.27
156816 2476.34
157609 2483.67
158404 2478.46
159201 2471.23
160000 2494.84
160801 2501.11
161604 2513.36
162409 2551.83
163216 2564.78
164025 2608.1
164836 2628.16
165649 2665.71
166464 2688.06
167281 2682.21
168100 2707.06
168921 2721.66
169744 2729.98
170569 2743.12
171396 2774.3
172225 2796.27
173056 2831.48
173889 2828.18
174724 2853.96
175561 2867.59
176400 2863.19
177241 2885.67
178084 2902.16
178929 2945.63
179776 2949.83
180625 3021.58
181476 3054.12
182329 3047.42
183184 3050.11
184041 3060.47
184900 3126.18
185761 3055.82
186624 3027.95
187489 3079.33
188356 3105.64
189225 3095.41
190096 3143.75
190969 3160.66
191844 3177.72
192721 3203.9
193600 3239.85
194481 3224.9
195364 3263.93
196249 3328.4
197136 3401.17
198025 3414.29
198916 3496.78
199809 3428.84
200704 3383.56
201601 3375.02
202500 3402.7
203401 3411.67
204304 3412.76
205209 3441.55
206116 3483.52
207025 3467.42
207936 3483.8
208849 3440.35
209764 3487.63
210681 3555.25
211600 3562.76
212521 3600.36
213444 3618.52
214369 3627.93
215296 3642.49
216225 3591.36
217156 3589.77
218089 3708.18
219024 3631.38
219961 3666.66
220900 3617.77
221841 3665.86
222784 3667.61
223729 3703.65
224676 3755.28
225625 3718.04
226576 3736.1
227529 3764.76
228484 3737.72
229441 3811.07
230400 3842.02
231361 3857.16
232324 3797.54
233289 3842.52
234256 3818.79
235225 3830.77
236196 3812.76
237169 3820.78
238144 3853.46
239121 3918.77
240100 3917.8
241081 3923.81
242064 3911.6
243049 3916.45
244036 3928.48
245025 3977.49
246016 4007.95
247009 4028.13
248004 4038.9
249001 4042.26
250000 4005
251001 4020.68
252004 4038.61
253009 4021.35
254016 4043.69
255025 4012.17
256036 4018.72
257049 4029.49
258064 4054.12
259081 4122.94
260100 4183.53
261121 4122.11
262144 4189.97
