4 0.9252874986180719 294.2414245605469 318 0.013594278935992946
16 1.3994835888729935 1176.9656982421875 841 0.013594278935992946
36 1.3778214469536534 2648.172821044922 1922 0.013594278935992946
64 1.3382213737830444 4707.86279296875 3518 0.013594278935992946
100 1.3204156550015567 7356.035614013672 5571 0.013594278935992946
144 1.3160257527866428 10592.691284179688 8049 0.013594278935992946
196 1.288341506877562 14417.829803466797 11191 0.013594278935992946
256 1.2156381881011555 18831.451171875 15491 0.013594278935992946
324 1.215377633319954 23833.555389404297 19610 0.013594278935992946
400 1.1822147316507168 29424.142456054688 24889 0.013594278935992946
484 1.153663600396169 35603.21237182617 30861 0.013594278935992946
576 1.1367988070594213 42370.76513671875 37272 0.013594278935992946
676 1.1335810689295467 49726.80075073242 43867 0.013594278935992946
784 1.1238686390698078 57671.31921386719 51315 0.013594278935992946
900 1.1105312509623928 66204.32052612305 59615 0.013594278935992946
1024 1.1126740034786848 75325.8046875 67698 0.013594278935992946
1156 1.108347844818347 85035.77169799805 76723 0.013594278935992946
1296 1.0944621674467567 95334.22155761719 87106 0.013594278935992946
1444 1.114410531981592 106221.15426635742 95316 0.013594278935992946
1600 1.0953816713593436 117696.56982421875 107448 0.013594278935992946
1764 1.1022524759919572 129760.46823120117 117723 0.013594278935992946
1936 1.0911775032931945 142412.8494873047 130513 0.013594278935992946
2116 1.0894398151708087 155653.7135925293 142875 0.013594278935992946
2304 1.0835542889183514 169483.060546875 156414 0.013594278935992946
2500 1.0902352996818936 183900.8903503418 168680 0.013594278935992946
2704 1.086218267918292 198907.2030029297 183119 0.013594278935992946
2916 1.1047521850436937 214501.99850463867 194163 0.013594278935992946
3136 1.1080676356135049 230685.27685546875 208187 0.013594278935992946
3364 1.1073389629723003 247457.03805541992 223470 0.013594278935992946
3600 1.1168729686490102 264817.2821044922 237106 0.013594278935992946
3844 1.1201537385968092 282766.00900268555 252435 0.013594278935992946
4096 1.1281088886767232 301303.21875 267087 0.013594278935992946
4356 1.121129535271582 320428.91134643555 285809 0.013594278935992946
4624 1.1188549284299603 340143.0867919922 304010 0.013594278935992946
4900 1.1164703233966558 360445.7450866699 322844 0.013594278935992946
5184 1.1153332111659084 381336.88623046875 341904 0.013594278935992946
5476 1.117717680257577 402816.5102233887 360392 0.013594278935992946
5776 1.1144777635811198 424884.6170654297 381241 0.013594278935992946
6084 1.119768427581027 447541.2067565918 399673 0.013594278935992946
6400 1.1146379316965458 470786.279296875 422367 0.013594278935992946
6724 1.1135220977462084 494619.8346862793 444194 0.013594278935992946
7056 1.1191215775210648 519041.8729248047 463794 0.013594278935992946
7396 1.1164148354215213 544052.3940124512 487321 0.013594278935992946
7744 1.1195670676302514 569651.3979492188 508814 0.013594278935992946
8100 1.121612857488616 595838.8847351074 531234 0.013594278935992946
8464 1.1166677506122464 622614.8543701172 557565 0.013594278935992946
8836 1.1163138261659378 649979.306854248 582255 0.013594278935992946
9216 1.1152897858322655 677932.2421875 607853 0.013594278935992946
9604 1.1084217468528796 706473.660369873 637369 0.013594278935992946
10000 1.1065268543581952 735603.5614013672 664786 0.013594278935992946
10404 1.1014013506019646 765321.9452819824 694862 0.013594278935992946
10816 1.1027747335843714 795628.8120117188 721479 0.013594278935992946
11236 1.0993161716327209 826524.1615905762 751853 0.013594278935992946
11664 1.0980562716839197 858007.9940185547 781388 0.013594278935992946
12100 1.0978236798882717 890080.3092956543 810768 0.013594278935992946
12544 1.093436364911908 922741.107421875 843891 0.013594278935992946
12996 1.09514247694532 955990.3883972168 872937 0.013594278935992946
13456 1.0928271070623017 989828.1522216797 905750 0.013594278935992946
13924 1.09529759125954 1024254.3988952637 935138 0.013594278935992946
14400 1.0917970375579322 1059269.1284179688 970207 0.013594278935992946
14884 1.088656114376704 1094872.340789795 1005710 0.013594278935992946
15376 1.089563646287305 1131064.0360107422 1038089 0.013594278935992946
15876 1.0871160624028382 1167844.2140808105 1074259 0.013594278935992946
16384 1.0890897676175466 1205212.875 1106624 0.013594278935992946
16900 1.0847886991194697 1243170.0187683105 1146002 0.013594278935992946
17424 1.0824670229401683 1281715.6453857422 1184069 0.013594278935992946
17956 1.0853504205921995 1320849.754852295 1216980 0.013594278935992946
18496 1.0855615993872099 1360572.3471679688 1253335 0.013594278935992946
19044 1.0886685294468261 1400883.4223327637 1286786 0.013594278935992946
19600 1.0889673572907064 1441782.9803466797 1323991 0.013594278935992946
20164 1.0904744801414172 1483271.0212097168 1360207 0.013594278935992946
20736 1.0791746548113326 1525347.544921875 1413439 0.013594278935992946
21316 1.0775504008367127 1568012.5514831543 1455164 0.013594278935992946
21904 1.0763393676054331 1611266.0408935547 1496987 0.013594278935992946
22500 1.0860915939720117 1655108.0131530762 1523912 0.013594278935992946
23104 1.0801872080393593 1699538.4682617188 1573374 0.013594278935992946
23716 1.0806361613867135 1744557.4062194824 1614380 0.013594278935992946
24336 1.0818830447225993 1790164.8270263672 1654675 0.013594278935992946
24964 1.0730430048431556 1836360.730682373 1711358 0.013594278935992946
25600 1.0761893131078102 1883145.1171875 1749827 0.013594278935992946
26244 1.072847939624175 1930517.986541748 1799433 0.013594278935992946
26896 1.0770540393051893 1978479.3387451172 1836936 0.013594278935992946
27556 1.0719186082273764 2027029.1737976074 1891029 0.013594278935992946
28224 1.0722072785945191 2076167.4916992188 1936349 0.013594278935992946
28900 1.0739275181341381 2125894.292449951 1979551 0.013594278935992946
29584 1.0754675070829245 2176209.5760498047 2023501 0.013594278935992946
30276 1.0699482552365847 2227113.3424987793 2081515 0.013594278935992946
30976 1.072770128889759 2278605.591796875 2124039 0.013594278935992946
31684 1.0679391059647647 2330686.323944092 2182415 0.013594278935992946
32400 1.068275881068578 2383355.5389404297 2231030 0.013594278935992946
33124 1.0681545334009699 2436613.2367858887 2281143 0.013594278935992946
33856 1.0636511600757952 2490459.4174804688 2341425 0.013594278935992946
34596 1.066762440780345 2544894.08102417 2385624 0.013594278935992946
35344 1.0669627558296975 2599917.227416992 2436746 0.013594278935992946
36100 1.06603947721837 2655528.8566589355 2491023 0.013594278935992946
36864 1.061899819298434 2711728.96875 2553658 0.013594278935992946
37636 1.0598969334545858 2768517.5636901855 2612063 0.013594278935992946
38416 1.0623244727104728 2825894.641479492 2660105 0.013594278935992946
39204 1.0640517920651686 2883860.20211792 2710263 0.013594278935992946
40000 1.068880113602643 2942414.2456054688 2752801 0.013594278935992946
40804 1.0644962107425509 3001556.7719421387 2819697 0.013594278935992946
41616 1.0649383590943238 3061287.7811279297 2874615 0.013594278935992946
42436 1.0622235295992857 3121607.273162842 2938748 0.013594278935992946
43264 1.067087636913268 3182515.248046875 2982431 0.013594278935992946
44100 1.0645782889755273 3244011.7057800293 3047227 0.013594278935992946
44944 1.0617061389812688 3306096.6463623047 3113947 0.013594278935992946
45796 1.0599022739880848 3368770.069793701 3178378 0.013594278935992946
46656 1.064595060931127 3432031.9760742188 3223791 0.013594278935992946
47524 1.0575917937081631 3495882.3652038574 3305512 0.013594278935992946
48400 1.0601712728389323 3560321.237182617 3358251 0.013594278935992946
49284 1.060569080877949 3625348.592010498 3418305 0.013594278935992946
50176 1.0560119242912835 3690964.4296875 3495192 0.013594278935992946
51076 1.0594646095535398 3757168.750213623 3546290 0.013594278935992946
51984 1.05640600477511 3823961.553588867 3619784 0.013594278935992946
52900 1.059300014322356 3891342.8398132324 3673504 0.013594278935992946
53824 1.0541418750919789 3959312.6088867188 3755958 0.013594278935992946
54756 1.0515821390329432 4027870.860809326 3830296 0.013594278935992946
55696 1.0531082485193841 4097017.5955810547 3890405 0.013594278935992946
56644 1.0516897730421064 4166752.8132019043 3961960 0.013594278935992946
57600 1.0509800487732939 4237076.513671875 4031548 0.013594278935992946
58564 1.0541474736097762 4307988.696990967 4086704 0.013594278935992946
59536 1.048978734424665 4379489.36315918 4175003 0.013594278935992946
60516 1.0501472780343009 4451578.512176514 4239004 0.013594278935992946
61504 1.0506142968441947 4524256.144042969 4306296 0.013594278935992946
62500 1.0473727436906308 4597522.258758545 4389576 0.013594278935992946
63504 1.0501837294056593 4671376.856323242 4448152 0.013594278935992946
64516 1.0505542374708043 4745819.936737061 4517444 0.013594278935992946
65536 1.052223750563124 4820851.5 4581584 0.013594278935992946
66564 1.0480250496056074 4896471.546112061 4672094 0.013594278935992946
67600 1.0475085209174435 4972680.075073242 4747150 0.013594278935992946
68644 1.0471437879141172 5049477.086883545 4822143 0.013594278935992946
69696 1.0468928647944544 5126862.581542969 4897218 0.013594278935992946
70756 1.046626841794623 5204836.559051514 4972963 0.013594278935992946
71824 1.0464285710286112 5283399.01940918 5048982 0.013594278935992946
72900 1.0449195195608996 5362549.962615967 5132022 0.013594278935992946
73984 1.0462064132526032 5442289.388671875 5201927 0.013594278935992946
75076 1.0442985530984807 5522617.297576904 5288351 0.013594278935992946
76176 1.0438297226246296 5603533.689331055 5368245 0.013594278935992946
77284 1.044324920424143 5685038.563934326 5443745 0.013594278935992946
78400 1.0437522390094007 5767131.921386719 5525384 0.013594278935992946
79524 1.0454448360508435 5849813.761688232 5595526 0.013594278935992946
80656 1.048350313465 5933084.084838867 5659448 0.013594278935992946
81796 1.0408372740631031 6016942.890838623 5780868 0.013594278935992946
82944 1.043429113639197 6101390.1796875 5847441 0.013594278935992946
84100 1.0438763976469174 6186425.951385498 5926397 0.013594278935992946
85264 1.041340004906581 6272050.205932617 6023057 0.013594278935992946
86436 1.0421885223251313 6358262.943328857 6100876 0.013594278935992946
87616 1.0411261178989233 6445064.163574219 6190474 0.013594278935992946
88804 1.0407117302412654 6532453.866668701 6276910 0.013594278935992946
90000 1.041111150486775 6620432.052612305 6359006 0.013594278935992946
91204 1.0395430412434836 6708998.721405029 6453796 0.013594278935992946
92416 1.039494685676472 6798153.873046875 6539864 0.013594278935992946
93636 1.0424804240721275 6887897.507537842 6607220 0.013594278935992946
94864 1.0463966145846708 6978229.62487793 6668819 0.013594278935992946
96100 1.043211752590544 7069150.225067139 6776333 0.013594278935992946
97344 1.040591586967568 7160659.308105469 6881335 0.013594278935992946
98596 1.0388566427165757 7252756.87399292 6981480 0.013594278935992946
99856 1.0389708574902936 7345442.922729492 7069922 0.013594278935992946
101124 1.039515448383727 7438717.454315186 7155947 0.013594278935992946
102400 1.0384752834838353 7532580.46875 7253500 0.013594278935992946
103684 1.03773180371834 7627031.966033936 7349714 0.013594278935992946
104976 1.0386666273236442 7722071.946166992 7434601 0.013594278935992946
106276 1.0375385437710822 7817700.40914917 7534853 0.013594278935992946
107584 1.0367232802849393 7913917.354980469 7633587 0.013594278935992946
108900 1.0373600834553909 8010722.783660889 7722220 0.013594278935992946
110224 1.0353616230873675 8108116.69519043 7831193 0.013594278935992946
111556 1.0372421938316425 8206099.089569092 7911459 0.013594278935992946
112896 1.0377379196878733 8304669.966796875 8002666 0.013594278935992946
114244 1.0353399254690145 8403829.32687378 8116976 0.013594278935992946
115600 1.0349912561528452 8503577.169799805 8216086 0.013594278935992946
116964 1.035651181324069 8603913.495574951 8307733 0.013594278935992946
118336 1.0352146370056468 8704838.304199219 8408728 0.013594278935992946
119716 1.0359889553437422 8806351.595672607 8500430 0.013594278935992946
121104 1.0351869382970411 8908453.369995117 8605647 0.013594278935992946
122500 1.0366102003034372 9011143.627166748 8692895 0.013594278935992946
123904 1.0357083941204284 9114422.3671875 8800182 0.013594278935992946
125316 1.036491447252965 9218289.590057373 8893744 0.013594278935992946
126736 1.035502074590216 9322745.295776367 9003116 0.013594278935992946
128164 1.0363646449678725 9427789.484344482 9096981 0.013594278935992946
129600 1.036691372578375 9533422.155761719 9196008 0.013594278935992946
131044 1.037277775730318 9639643.310028076 9293213 0.013594278935992946
132496 1.0353342045143141 9746452.947143555 9413823 0.013594278935992946
133956 1.0324570971767157 9853851.067108154 9544078 0.013594278935992946
135424 1.0300248204584208 9961837.669921875 9671454 0.013594278935992946
136900 1.0309055008157555 10070412.755584717 9768512 0.013594278935992946
138384 1.0319810160404383 10179576.32409668 9864112 0.013594278935992946
139876 1.0298108542801356 10289328.375457764 9991474 0.013594278935992946
141376 1.0291684439851274 10399668.909667969 10104924 0.013594278935992946
142884 1.0279751710417475 10510597.926727295 10224564 0.013594278935992946
144400 1.0284972983731717 10622115.426635742 10327801 0.013594278935992946
145924 1.0281554386273413 10734221.40939331 10440271 0.013594278935992946
147456 1.026756930379055 10846915.875 10564249 0.013594278935992946
148996 1.0266928577997931 10960198.82345581 10675246 0.013594278935992946
150544 1.0270916429791945 11074070.254760742 10781969 0.013594278935992946
152100 1.0265586215291105 11188530.168914795 10899066 0.013594278935992946
153664 1.024743117122784 11303578.565917969 11030646 0.013594278935992946
155236 1.02334208722272 11419215.445770264 11158747 0.013594278935992946
156816 1.0225211819088016 11535440.80847168 11281371 0.013594278935992946
158404 1.0214156565977974 11652254.654022217 11407946 0.013594278935992946
160000 1.02156856942224 11769656.982421875 11521162 0.013594278935992946
161604 1.0212361028715087 11887647.793670654 11640450 0.013594278935992946
163216 1.0215692957583344 12006227.087768555 11752729 0.013594278935992946
164836 1.020702786728011 12125394.864715576 11879457 0.013594278935992946
166464 1.020614586974728 12245151.124511719 11997821 0.013594278935992946
168100 1.020008343453845 12365495.867156982 12122936 0.013594278935992946
169744 1.0192328567187403 12486429.092651367 12250811 0.013594278935992946
171396 1.0196370505746861 12607950.800994873 12365136 0.013594278935992946
173056 1.022607550983731 12730060.9921875 12448628 0.013594278935992946
174724 1.0163280279403508 12852759.666229248 12646271 0.013594278935992946
176400 1.0164468451463482 12976046.823120117 12766085 0.013594278935992946
178084 1.016184538254269 13099922.462860107 12891283 0.013594278935992946
179776 1.0156309657511984 13224386.585449219 13020858 0.013594278935992946
181476 1.0146421051817973 13349439.190887451 13156796 0.013594278935992946
183184 1.017291917795965 13475080.279174805 13246031 0.013594278935992946
184900 1.013573410621143 13601309.85031128 13419166 0.013594278935992946
186624 1.013872517080275 13728127.904296875 13540290 0.013594278935992946
188356 1.0142224622052256 13855534.441131592 13661238 0.013594278935992946
190096 1.0131248760315112 13983529.46081543 13802375 0.013594278935992946
191844 1.013997972117175 14112112.963348389 13917299 0.013594278935992946
193600 1.01229212290495 14241284.948730469 14068355 0.013594278935992946
195364 1.0121299861355793 14371045.41696167 14198814 0.013594278935992946
197136 1.0122199757161756 14501394.368041992 14326327 0.013594278935992946
198916 1.0102072529310802 14632331.801971436 14484485 0.013594278935992946
200704 1.0090709765487158 14763857.71875 14631139 0.013594278935992946
202500 1.0082992687635453 14895972.118377686 14773364 0.013594278935992946
204304 1.0080111421447506 15028675.000854492 14909235 0.013594278935992946
206116 1.0081140237988058 15161966.36618042 15039932 0.013594278935992946
207936 1.006942364303868 15295846.214355469 15190389 0.013594278935992946
209764 1.0071701182294166 15430314.545379639 15320465 0.013594278935992946
211600 1.0067797941013314 15565371.35925293 15460552 0.013594278935992946
213444 1.0056676692358857 15701016.655975342 15612530 0.013594278935992946
215296 1.00592675248679 15837250.435546875 15743940 0.013594278935992946
217156 1.0050680200292603 15974072.69796753 15893524 0.013594278935992946
219024 1.0042845806417882 16111483.443237305 16042747 0.013594278935992946
220900 1.0047128202133262 16249482.671356201 16173261 0.013594278935992946
222784 1.0030202102884056 16388070.382324219 16338724 0.013594278935992946
224676 1.0033832078728226 16527246.576141357 16471520 0.013594278935992946
226576 1.0043789163373849 16667011.252807617 16594346 0.013594278935992946
228484 1.0033532184226985 16807364.412322998 16751194 0.013594278935992946
230400 1.002229136304811 16948306.0546875 16910610 0.013594278935992946
232324 1.0024494362297687 17089836.179901123 17048078 0.013594278935992946
234256 1.0030874934746383 17231954.787963867 17178915 0.013594278935992946
236196 1.000449181857086 17374661.878875732 17366861 0.013594278935992946
238144 1.0008263752061786 17517957.45263672 17503493 0.013594278935992946
240100 1.0015769795398946 17661841.509246826 17634033 0.013594278935992946
242064 1.0005635473193453 17806314.048706055 17796285 0.013594278935992946
244036 1.0013466143753356 17951375.071014404 17927234 0.013594278935992946
246016 0.9995024076598925 18097024.576171875 18106034 0.013594278935992946
248004 1.0004064282044456 18243262.564178467 18235851 0.013594278935992946
250000 0.99996112377872 18390089.03503418 18390804 0.013594278935992946
252004 0.9996156833068834 18537503.988739014 18544631 0.013594278935992946
254016 0.9995477911445824 18685507.42529297 18693961 0.013594278935992946
256036 0.9991386013255914 18834099.344696045 18850337 0.013594278935992946
258064 0.9995394249886146 18983279.746948242 18992027 0.013594278935992946
260100 0.9995725265553486 19133048.63204956 19141231 0.013594278935992946
262144 1 19283406 19283406 0.013594278935992946
