4 0.000013494527097942052 0.005006469553336501 371 798.9662090992341
16 0.00009412868725427029 0.08010351285338402 851 199.74155227480853
36 0.00020429422358703102 0.4055240338202566 1985 88.77402323324823
64 0.00035113868648058746 1.2816562056541443 3650 49.93538806870213
100 0.0005322407672793525 3.129043470835313 5879 31.958648363969363
144 0.000725607754543067 6.4883845411241055 8942 22.193505808312057
196 0.0009568964653368046 12.02053339756094 12562 16.30543283875988
256 0.0012370452609317916 20.50649929046631 16577 12.483847017175533
324 0.0015366507643825218 32.847446739440784 21376 9.863780359249803
400 0.001835081575154498 50.06469553336501 27282 7.989662090992341
484 0.0022211363513347992 73.29972073039971 33001 6.603026521481273
576 0.0025888816124185958 103.81415265798569 40100 5.548376452078014
676 0.002959225515580377 142.9897769128438 48320 4.727610704729195
784 0.003416622865788656 192.32853436097503 56292 4.07635820968997
900 0.0038882627813214958 253.45252113766037 65184 3.5509609293299293
1024 0.004363897383122668 328.10398864746094 75186 3.1209617542938832
1156 0.004965389060516529 418.1453435642179 84212 2.764588958820879
1296 0.005439669907997149 525.5591478310525 96616 2.465945089812451
1444 0.006147341769071147 652.4481186603662 106135 2.213202795288737
1600 0.006727147835682051 801.0351285338402 119075 1.9974155227480852
1764 0.007504090181982691 973.6632052024361 129751 1.8117147598622088
1936 0.008164825478184317 1172.7955316863954 143640 1.6507566303703183
2116 0.008979947225125883 1401.0154462752398 156016 1.5103330984862648
2304 0.009743119171101764 1661.026442527771 170482 1.3870941130195036
2500 0.010536237793203406 1955.6521692720708 185612 1.2783459345587744
2704 0.011359495293543298 2287.836430605501 201403 1.1819026761822988
2916 0.012262384714874933 2660.6431858947035 216976 1.0959755954722004
3136 0.013219591673578487 3077.2565497756004 232780 1.0190895524224926
3364 0.01401713572331898 3540.980792153394 252618 0.950019273601943
3600 0.015038178534699109 4055.240338202566 269663 0.8877402323324823
3844 0.01606810021361283 4623.579768366879 287749 0.8313904361074236
4096 0.01710378202964642 5249.663818359375 306930 0.7802404385734708
4356 0.018221450341156326 5937.277379162377 325840 0.7336696134979193
4624 0.019330055465104985 6690.325497027487 346110 0.6911472397052197
4900 0.02036842748748285 7512.833373475587 368847 0.6522173135503951
5184 0.021702522983546448 8408.94636529684 387464 0.6164862724531127
5476 0.022790364931651933 9382.92998455069 411706 0.5836130088380088
5776 0.024073244516365708 10439.169898565859 433642 0.5533006988221842
6084 0.02547570348573441 11582.171929940348 454636 0.5252900783032439
6400 0.02676680538850774 12816.562056541443 478823 0.4993538806870213
6724 0.02801131456849871 14147.086411505705 505049 0.47529221243261993
7056 0.029376368363543237 15578.611283238977 530311 0.4529286899655522
7396 0.030593733505074282 17116.123115416383 559465 0.4321071979985041
7744 0.03228157112281337 18764.728506982327 581283 0.41268915759257957
8100 0.033673939920858334 20529.65421215049 609660 0.39455121436999213
8464 0.03506829001794983 22416.247140403837 639217 0.3775832746215662
8836 0.03672426759060383 24429.97435649461 665227 0.3616868307375437
9216 0.03848883207377343 26576.423080444336 690497 0.3467735282548759
9604 0.03975139376697562 28861.300687543815 726045 0.33276393548489547
10000 0.041792239370912164 31290.434708353132 748714 0.3195864836396936
10404 0.043210334864737666 33869.77282870165 783835 0.30717655098009766
10816 0.04494584930827707 36605.382889688015 814433 0.2954756690455747
11236 0.04653673593674402 39503.45288768015 848866 0.28443083271599645
11664 0.04838759250845982 42570.290974315256 879777 0.2739938988680501
12100 0.05032701059603866 45812.32545649982 910293 0.2641210608592509
12544 0.052208546163693324 49236.10479640961 943066 0.25477238810562314
12996 0.053656144523434486 52848.29761148966 984944 0.24591142169874855
13456 0.05540953229318067 56655.6926744543 1022490 0.23750481840048576
13924 0.057300837538076514 60665.19891328714 1058714 0.22952203651227637
14400 0.05963210551099338 64883.845411241055 1088069 0.22193505808312058
14884 0.06115873795405622 69318.78140683821 1133424 0.21471814273024298
15376 0.06362246553774062 73977.27629387006 1162754 0.2078476090268559
15876 0.06537517863194434 78866.71962139732 1206371 0.20130163998468986
16384 0.06755835009832782 83994.62109375 1243290 0.1950601096433677
16900 0.0694577212745285 89368.61057052738 1286662 0.18910442818916784
17424 0.0718618189639089 94996.43806659803 1321932 0.18341740337447981
17956 0.07393589603277655 100885.97375209979 1364506 0.17798311630635644
18496 0.07611870922520399 107045.20795243979 1406293 0.17278680992630494
19044 0.0780634560129918 113482.25114829442 1453718 0.16781478872069608
19600 0.08074478992549199 120205.33397560939 1488707 0.16305432838759878
20164 0.08295183020457109 127222.80722559965 1533695 0.1584935943462079
20736 0.08575236275241795 134543.14184474945 1568973 0.15412156811327818
21316 0.08739481202180234 142174.9289348123 1626812 0.14992798069041735
21904 0.09020557284872455 150126.87975281104 1664275 0.1459032522095022
22500 0.09250259462275681 158407.82571103773 1712469 0.14203843717319717
23104 0.09487238205588722 167026.71837705374 1760541 0.13832517470554606
23716 0.09700433091419923 175992.6294736897 1814276 0.1347556432955362
24336 0.10032512436999731 185314.75087904558 1847142 0.13132251957581098
24964 0.10203705031070713 195002.39462649054 1911094 0.1280189407305294
25600 0.10562634490785507 205064.9929046631 1941419 0.12483847017175533
26244 0.10715443047881221 215512.09805747098 2011229 0.12177506616357782
26896 0.11013471538573397 226353.38258409128 2055241 0.11882305310815498
27556 0.1126427191136116 237598.6391389703 2109312 0.11597709523867529
28224 0.11589703388729237 249257.78053182364 2150683 0.11323217249138805
28900 0.1177813690823936 261340.8397276362 2218864 0.11058355835283516
29584 0.12153569870082946 273857.96984666213 2253313 0.10802679949962603
30276 0.12292916929620316 286819.4441644249 2333209 0.10555769706688256
30976 0.12746630148429117 300235.6561117172 2355412 0.10317228939814489
31684 0.12843806371039473 314117.1192746011 2445670 0.10086683614432951
32400 0.1326727322789001 328474.46739440784 2475825 0.09863780359249803
33124 0.13410038996302495 343318.454367738 2560160 0.09648185111692237
33856 0.1387244873337253 358659.9542464614 2585412 0.09439581865539155
34596 0.14023549246725792 374509.9612377172 2670579 0.09237671512304707
35344 0.1439102215846833 390879.5897039138 2716135 0.09042170768438593
36100 0.14650619687641603 407780.07416272885 2783364 0.08852811181154949
36864 0.15029836065755525 425222.7692871094 2829191 0.08669338206371897
37636 0.15196510641907285 443219.1499052716 2916585 0.0849151035284551
38416 0.15624530483335095 461780.81100070104 2955486 0.08319098387122387
39204 0.158401552170976 480919.4677121525 3036078 0.08151884594421326
40000 0.16207196839849328 500646.9553336501 3089041 0.0798966209099234
40804 0.16468572749016414 520975.2293144872 3163451 0.07832234183896031
41616 0.16752058634429323 541916.3652592264 3234924 0.07679413774502442
42436 0.17055661563058253 563482.5589276997 3303786 0.07531022802330418
43264 0.1741502063224856 585686.1262350082 3363109 0.07386891726139368
44100 0.17680706393565354 608539.5032515225 3441828 0.07246859039448836
44944 0.18057782315401952 632055.2462028824 3500182 0.07110770817899911
45796 0.18387907519683847 656246.0314699968 3568900 0.06978480296089039
46656 0.18766049628881645 681124.6555890441 3629558 0.06849847471701252
47524 0.19094896670137934 706704.0352514719 3701010 0.06724738734948524
48400 0.19371310248281343 732997.2073039971 3783932 0.06603026521481273
49284 0.19815917678957276 760017.3287486059 3835388 0.06484588987088986
50176 0.20082193939700058 787777.6767425537 3922767 0.06369309702640578
51076 0.20463268485902317 816291.6485983653 3989058 0.06257077367837999
51984 0.20742265414465805 845572.7617838345 4076569 0.06147785542468714
52900 0.21118260082497473 875634.6539220249 4146339 0.06041332393945059
53824 0.21386583409351462 906491.0827912688 4238597 0.05937620460012144
54756 0.21787477495050867 938155.9263251682 4305941 0.058365564255916
55696 0.2213283907074017 970643.1826125942 4385534 0.05738050912806909
56644 0.22569449309747494 1003966.9698976872 4448345 0.05642018283307917
57600 0.22995928339124141 1038141.5265798569 4514458 0.055483764520780146
58564 0.23277974755010475 1073181.2112137822 4610286 0.054570467119679944
59536 0.2362480022471159 1109100.5025094114 4694645 0.053679535682560744
60516 0.24019919989048988 1145913.999331962 4770682 0.05281024582584666
61504 0.24497393986772745 1183636.420701921 4831683 0.051961902256713974
62500 0.24775342554339996 1222282.6057950442 4933464 0.05113383738235098
63504 0.2522305385192387 1261867.5139423572 5002834 0.050325409996172465
64516 0.25636373569429766 1302406.2246301544 5080306 0.04953600403616058
65536 0.2615419973046216 1343913.9375 5138425 0.048765027410841925
66564 0.26454761814645483 1386405.972348727 5240667 0.04801191088872268
67600 0.2679492488692742 1429897.769128438 5336450 0.04727610704729196
68644 0.271246210300939 1474404.8879465049 5435670 0.04655708927796947
69696 0.2772749868454662 1519943.0090655684 5481717 0.045854350843619954
70756 0.27995024299811433 1566527.9329035392 5595737 0.04516740398548443
71824 0.28326686996843103 1614175.5800335966 5698427 0.04449577907658911
72900 0.2885336078498589 1662901.9911841897 5763287 0.04383902381888802
73984 0.2918257076492218 1712723.3272390366 5868994 0.043196702481576234
75076 0.29630284518618466 1763655.8692371247 5952207 0.0425683951781786
76176 0.30037642562530764 1815716.0183727108 6044802 0.04195369718017402
77284 0.3049190145255192 1868920.295995321 6129235 0.04135221826506051
78400 0.3092740540857838 1923285.3436097503 6218709 0.040763582096899696
79524 0.31389967136431857 1978827.9228760635 6304014 0.04018742563750486
80656 0.3167950846440125 2035564.9156095944 6425494 0.03962339858655198
81796 0.3239728183012212 2093513.3237809462 6462003 0.03907116284900162
82944 0.32803954070233593 2152690.269515991 6562289 0.038530392028319545
84100 0.33243252101005527 2213112.9950958714 6657330 0.038000770944077715
85264 0.33506954419251 2274798.862956997 6789035 0.03748199517260434
86436 0.3399492956019189 2337765.3556910492 6876806 0.03697377060943283
87616 0.34361009469257464 2402030.0760449767 6990569 0.03647581305237555
88804 0.34913682492044484 2467610.746920999 7067747 0.03598784780411846
90000 0.3542948667631951 2534525.2113766037 7153717 0.03550960929329929
91204 0.35882748894301586 2602791.4326245487 7253601 0.035040840713093026
92416 0.36327584525033135 2672427.49403286 7356469 0.034581293676386515
93636 0.36879697998202077 2743451.599124834 7438921 0.034130727886677516
94864 0.3723474024545856 2815882.0715790354 7562513 0.03368891082388405
96100 0.3778786417087132 2889737.3552292995 7647263 0.03325561744429694
97344 0.3817741083641673 2965036.014064729 7766467 0.032830629893952745
98596 0.3866979637796288 3041796.7322296984 7866079 0.03241373723474518
99856 0.392324949966464 3120038.3140238486 7952689 0.03200473518263235
101124 0.3965112149645324 3199779.6839020923 8069834 0.03160342585733294
102400 0.40052245345702575 3281039.8864746094 8191900 0.03120961754293883
103684 0.40525386648228384 3363838.086506851 8300570 0.03082312445890336
104976 0.4106468717228737 3448193.5689195357 8396980 0.030443766540894455
106276 0.4147979890394239 3534125.738788653 8520113 0.03007136923102992
107584 0.4198447308738184 3621654.1213454604 8626175 0.029705763277038746
108900 0.42552821367246624 3710798.3619764857 8720452 0.02934678453991677
110224 0.4301441908051089 3801578.2262235247 8837916 0.028994273809668823
111556 0.4358543212704834 3894013.599783644 8934209 0.028648076628750907
112896 0.44189177053338463 3988124.488509178 9025116 0.028308043122847012
114244 0.44634472235531175 4083931.0184077322 9149724 0.027974027838634292
115600 0.4515545068635299 4181453.435642179 9260130 0.02764588958820879
116964 0.4562441014179863 4280712.106530663 9382504 0.02732349129986095
118336 0.4605473389015793 4381727.517546594 9514174 0.027006699874906507
119716 0.4657638165226701 4484520.275318656 9628314 0.026695386050293497
121104 0.47146572428858824 4589111.106630798 9733711 0.02638942426672064
122500 0.47678670425660263 4695520.858422242 9848263 0.026088692542015804
123904 0.48315538651335393 4803770.497787476 9942496 0.025793072349536223
125316 0.4885574581409033 4913881.111976258 10057939 0.02550244850136404
126736 0.493040499730922 5025873.908393618 10193633 0.025216709036082377
128164 0.497033112936663 5139770.2145998515 10340901 0.02493574511092769
129600 0.5044450939775291 5255591.478310525 10418560 0.024659450898124508
131044 0.5096111439845414 5373359.267396476 10544038 0.02438772348521822
132496 0.5154988831411429 5493095.269883808 10655882 0.024120462779230592
133956 0.5208681152382377 5614821.293953896 10779737 0.02385757141447144
135424 0.5275999225817866 5738559.267943382 10876725 0.023598954663847888
136900 0.5301270570049822 5864331.240344182 11062124 0.023344520353520352
138384 0.5373327250961134 5992159.379803475 11151674 0.023094178780761768
139876 0.5400788032931674 6122065.975123715 11335505 0.0228478426348833
141376 0.5490994826165715 6254073.43526262 11389691 0.02260542692109648
142884 0.5530593418833027 6388204.289333183 11550667 0.022366848887187762
144400 0.561471199624491 6524481.186603662 11620331 0.022132027952887372
145924 0.5650778639277562 6662926.896497585 11791166 0.021900885641819964
147456 0.575005187852022 6803564.30859375 11832179 0.021673345515929743
148996 0.5773487908215378 6946416.432626225 12031577 0.021449333112277754
150544 0.5849507399980521 7091506.3984843455 12123254 0.021228775882113776
152100 0.588227152642769 7238857.456212718 12306228 0.02101160313212976
153664 0.5957537698192004 7388492.976011217 12401924 0.020797745967805967
155236 0.5993239673772818 7540436.4482349865 12581570 0.020587137238765083
156816 0.6082821076610719 7694711.48339444 12649906 0.020379711486053314
158404 0.6112400534494721 7851341.812155262 12844940 0.020175404891271283
160000 0.6203877172133779 8010351.285338402 12911847 0.01997415522748085
161604 0.623735919275316 8171763.873920083 13101320 0.019775901811817383
163216 0.6328247493183331 8335603.669031795 13172057 0.019580585459740077
164836 0.6361620533218664 8501894.881960299 13364354 0.01938814844085598
166464 0.6436627034433269 8670661.844147623 13470816 0.019198534436256104
168100 0.6483851441019369 8841929.007191066 13636847 0.019011688497304797
169744 0.6546587676410217 9015720.942843195 13771634 0.018827557005826046
171396 0.66035030246898 9192062.343011849 13919979 0.0186460876356329
173056 0.6681924883579526 9370978.019760132 14024369 0.01846722931534842
174724 0.6709700731536278 9552492.905306421 14236839 0.0182909321924689
176400 0.6800030654040281 9736632.05202436 14318512 0.01811714759862209
178084 0.6836472375768667 9923420.632442866 14515411 0.01794582801597525
179776 0.6925944984399576 10112883.939246118 14601450 0.017776927044749778
181476 0.6973164696036765 10305047.385273572 14778150 0.017610399371800877
183184 0.7047192652297432 10499936.503519949 14899460 0.017446200740222597
184900 0.7105036657431728 10697576.94713524 15056329 0.017284287919940165
186624 0.7181896135827337 10897994.489424706 15174258 0.01712461867925313
188356 0.7232733347459863 11101215.023848876 15348575 0.01696715175729436
190096 0.7309083862340309 11307264.56402355 15470153 0.01681184683737131
191844 0.7355557173172281 11516169.243719798 15656420 0.016658664521157482
193600 0.7431595895588946 11727955.316863954 15781207 0.016507566303703182
195364 0.7502920028721911 11942649.157537628 15917335 0.01635851454923597
197136 0.759179194917417 12160277.259977695 16017664 0.016211472467722466
198916 0.7643480085235694 12380866.2385763 16197944 0.01606640409216421
200704 0.772300958607303 12604442.82788086 16320636 0.015923274256601446
202500 0.7761606073305551 12831033.882594056 16531416 0.015782048574799687
204304 0.7837287007433548 13060666.377573844 16664780 0.015642693419594997
206116 0.7880709411323451 13293367.407833446 16868237 0.015505175902874771
207936 0.7961881001155311 13529164.188541353 16992422 0.015369463856171784
209764 0.8014046646857513 13768084.055021327 17179940 0.015235525811850156
211600 0.8075663965442994 14010154.462752398 17348610 0.015103330984862648
213444 0.8140557840793844 14255402.987368867 17511580 0.014972849255059576
215296 0.8235354789865111 14503857.324660301 17611697 0.01484405115003036
217156 0.8295778518697753 14755545.29057154 17786812 0.01471690782845943
219024 0.8359681699434791 15010494.821202692 17955821 0.014591391063979
220900 0.8429021408734412 15268733.972809132 18114480 0.014467473229501749
222784 0.8505057386868978 15530290.921801507 18260066 0.014345127282017273
224676 0.8555209871830357 15795193.964745734 18462661 0.0142243267478366
226576 0.8618453345755135 16063471.518362995 18638462 0.014105045708269792
228484 0.8716212847738035 16335152.119529746 18741112 0.013987258785722136
230400 0.8803559372001761 16610264.42527771 18867669 0.013870941130195037
232324 0.8859769936900812 16888837.21279388 19062388 0.013756068406178166
234256 0.8922203077110564 17170899.379420515 19245134 0.013642616779919986
236196 0.8979187151111332 17456479.94265515 19441047 0.013530562907064203
238144 0.9060557804965569 17745608.040150583 19585558 0.013419883920640186
240100 0.9115912762923108 18038312.929714885 19787720 0.013310557419395819
242064 0.9195380894837187 18334623.989311393 19938950 0.013202561456461665
244036 0.928378389596239 18634570.71705872 20072172 0.013095874528335723
246016 0.9372568438183161 18938182.731230736 20205969 0.012990475564178493
248004 0.9425196997401412 19245489.770256594 20419191 0.012886343915408365
250000 0.9491467149543117 19556521.692720708 20604319 0.012783459345587745
252004 0.957381385865624 19871308.477362763 20755896 0.01268180202059069
254016 0.9649791375471793 20189880.223077714 20922608 0.012581352499043116
256036 0.9722214814598653 20512267.148915786 21098348 0.012482091723026981
258064 0.9791235543241718 20838499.59408247 21282809 0.012384001009040146
260100 0.9900433079095693 21168608.017938532 21381497 0.012287062039203907
262144 1 21502623 21502623 0.012191256852710481
