4 2.0841531192555145 602.3202514648438 289 0.006640985406471049
16 2.62163330343784 2409.281005859375 919 0.006640985406471049
36 2.4363515789589187 5420.882263183594 2225 0.006640985406471049
64 2.387790887868558 9637.1240234375 4036 0.006640985406471049
100 2.3356609720212647 15058.006286621094 6447 0.006640985406471049
144 2.2121535454738193 21683.529052734375 9802 0.006640985406471049
196 2.1623336743920687 29513.692321777344 13649 0.006640985406471049
256 2.0406826942165166 38548.49609375 18890 0.006640985406471049
324 2.0132021279463705 48787.940368652344 24234 0.006640985406471049
400 1.9691390462431142 60232.025146484375 30588 0.006640985406471049
484 1.9118769786790686 72880.7504272461 38120 0.006640985406471049
576 1.8711651071330335 86734.1162109375 46353 0.006640985406471049
676 1.8410917632360613 101792.1224975586 55289 0.006640985406471049
784 1.793218842651356 118054.76928710938 65834 0.006640985406471049
900 1.7771519916545129 135522.05657958984 76258 0.006640985406471049
1024 1.7417341704413243 154193.984375 88529 0.006640985406471049
1156 1.7185364070820401 174070.55267333984 101290 0.006640985406471049
1296 1.686238563876969 195151.76147460938 115732 0.006640985406471049
1444 1.6696558430058481 217437.6107788086 130229 0.006640985406471049
1600 1.644369599336169 240928.1005859375 146517 0.006640985406471049
1764 1.6400849046104589 265623.2308959961 161957 0.006640985406471049
1936 1.616223058378939 291523.0017089844 180373 0.006640985406471049
2116 1.5946918897169857 318627.41302490234 199805 0.006640985406471049
2304 1.5906782245502187 346936.46484375 218106 0.006640985406471049
2500 1.561683926280117 376450.15716552734 241054 0.006640985406471049
2704 1.5617079241724239 407168.4899902344 260720 0.006640985406471049
2916 1.5523278771048261 439091.4633178711 282860 0.006640985406471049
3136 1.5392508667256792 472219.0771484375 306785 0.006640985406471049
3364 1.5293639260120513 506551.3314819336 331217 0.006640985406471049
3600 1.514822236649265 542088.2263183594 357856 0.006640985406471049
3844 1.5101259373432094 578829.7616577148 383299 0.006640985406471049
4096 1.4898941174907543 616775.9375 413973 0.006640985406471049
4356 1.4858090609254608 655926.7538452148 441461 0.006640985406471049
4624 1.474134161054509 696282.2106933594 472333 0.006640985406471049
4900 1.4722102000168276 737842.3080444336 501180 0.006640985406471049
5184 1.4624380977955669 780607.0458984375 533771 0.006640985406471049
5476 1.4589650787721609 824576.4242553711 565179 0.006640985406471049
5776 1.4467291929180324 869750.4431152344 601184 0.006640985406471049
6084 1.4452219782837525 916129.1024780273 633902 0.006640985406471049
6400 1.4332597686226933 963712.40234375 672392 0.006640985406471049
6724 1.4269391112425884 1012500.3427124023 709561 0.006640985406471049
7056 1.4247173322999105 1062492.9235839844 745757 0.006640985406471049
7396 1.414198933034791 1113690.144958496 787506 0.006640985406471049
7744 1.4057617299341387 1166092.0068359375 829509 0.006640985406471049
8100 1.405195565415705 1219698.5092163086 867992 0.006640985406471049
8464 1.3968790506989377 1274509.6520996094 912398 0.006640985406471049
8836 1.3945126483556383 1330525.4354858398 954115 0.006640985406471049
9216 1.3867931324929774 1387745.859375 1000687 0.006640985406471049
9604 1.380260714145227 1446170.9237670898 1047752 0.006640985406471049
10000 1.3782882877233809 1505800.6286621094 1092515 0.006640985406471049
10404 1.3747151202651955 1566634.9740600586 1139607 0.006640985406471049
10816 1.3685174283198969 1628673.9599609375 1190101 0.006640985406471049
11236 1.3634018261487308 1691917.586364746 1240953 0.006640985406471049
11664 1.3617413736391117 1756365.8532714844 1289794 0.006640985406471049
12100 1.3594466472534554 1822018.7606811523 1340265 0.006640985406471049
12544 1.3485375431262203 1888876.30859375 1400685 0.006640985406471049
12996 1.3460721227125874 1956938.4970092773 1453814 0.006640985406471049
13456 1.3400554128372595 2026205.3259277344 1512031 0.006640985406471049
13924 1.3369054223787458 2096676.795349121 1568306 0.006640985406471049
14400 1.3315170654366288 2168352.9052734375 1628483 0.006640985406471049
14884 1.3279732037498644 2241233.6557006836 1687710 0.006640985406471049
15376 1.325709813556369 2315319.0466308594 1746475 0.006640985406471049
15876 1.317580633337962 2390609.078063965 1814393 0.006640985406471049
16384 1.312019148185985 2467103.75 1880387 0.006640985406471049
16900 1.3125220489507856 2544803.062438965 1938865 0.006640985406471049
17424 1.3082251452500786 2623707.0153808594 2005547 0.006640985406471049
17956 1.3095909907294025 2703815.6088256836 2064626 0.006640985406471049
18496 1.3033458371250772 2785128.8427734375 2136907 0.006640985406471049
19044 1.2970987713243078 2867646.717224121 2210816 0.006640985406471049
19600 1.2937038267441598 2951369.2321777344 2281333 0.006640985406471049
20164 1.29080459000093 3036296.3876342773 2352251 0.006640985406471049
20736 1.2883733375449704 3122428.18359375 2423543 0.006640985406471049
21316 1.2876518848859713 3209764.6200561523 2492727 0.006640985406471049
21904 1.282656765570696 3298305.6970214844 2571464 0.006640985406471049
22500 1.28097281924672 3388051.414489746 2644905 0.006640985406471049
23104 1.2769687561108145 3479001.7724609375 2724422 0.006640985406471049
23716 1.2757972385739915 3571156.7709350586 2799157 0.006640985406471049
24336 1.274601546597307 3664516.4099121094 2875029 0.006640985406471049
24964 1.2705172605789128 3759080.68939209 2958701 0.006640985406471049
25600 1.2668574561742239 3854849.609375 3042844 0.006640985406471049
26244 1.2678567161108552 3951823.16986084 3116932 0.006640985406471049
26896 1.26212067703546 4050001.3708496094 3208886 0.006640985406471049
27556 1.2616976616030038 4149384.2123413086 3288731 0.006640985406471049
28224 1.2568407173964289 4249971.6943359375 3381472 0.006640985406471049
28900 1.2538266020531073 4351763.816833496 3470786 0.006640985406471049
29584 1.251083510544767 4454760.579833984 3560722 0.006640985406471049
30276 1.2456452554529613 4558961.983337402 3659920 0.006640985406471049
30976 1.2420005994746277 4664368.02734375 3755528 0.006640985406471049
31684 1.2405892426971137 4770978.711853027 3845736 0.006640985406471049
32400 1.2372432369377038 4878794.036865234 3943278 0.006640985406471049
33124 1.235238804582137 4987814.002380371 4037935 0.006640985406471049
33856 1.2322192706222195 5098038.6083984375 4137282 0.006640985406471049
34596 1.2315972315120225 5209467.854919434 4229847 0.006640985406471049
35344 1.2278340037866395 5322101.741943359 4334545 0.006640985406471049
36100 1.2257743466851334 5435940.269470215 4434699 0.006640985406471049
36864 1.2235589332412262 5550983.4375 4536752 0.006640985406471049
37636 1.222018386245278 5667231.246032715 4637599 0.006640985406471049
38416 1.2203340702293424 5784683.695068359 4740246 0.006640985406471049
39204 1.219410033082449 5903340.784606934 4841145 0.006640985406471049
40000 1.2166684875980822 6023202.5146484375 4950570 0.006640985406471049
40804 1.214675117329016 6144268.885192871 5058364 0.006640985406471049
41616 1.2102312501755483 6266539.896240234 5177969 0.006640985406471049
42436 1.2114106544711707 6390015.547790527 5274855 0.006640985406471049
43264 1.2093430315187792 6514695.83984375 5386971 0.006640985406471049
44100 1.2084118439479699 6640580.772399902 5495296 0.006640985406471049
44944 1.2036307642696655 6767670.345458984 5622713 0.006640985406471049
45796 1.205456915972438 6895964.559020996 5720623 0.006640985406471049
46656 1.2001287022102158 7025463.4130859375 5853925 0.006640985406471049
47524 1.2010090704033707 7156166.907653809 5958462 0.006640985406471049
48400 1.1979037299531707 7288075.042724609 6084024 0.006640985406471049
49284 1.1951578118034574 7421187.81829834 6209379 0.006640985406471049
50176 1.1954064077370137 7555505.234375 6320449 0.006640985406471049
51076 1.1915073282560196 7691027.29095459 6454872 0.006640985406471049
51984 1.1882633880471503 7827753.988037109 6587558 0.006640985406471049
52900 1.1891991676206402 7965685.325622559 6698361 0.006640985406471049
53824 1.184599328937957 8104821.3037109375 6841825 0.006640985406471049
54756 1.1844175828619572 8245161.922302246 6961364 0.006640985406471049
55696 1.1812345157588389 8386707.181396484 7099951 0.006640985406471049
56644 1.1807639074938778 8529457.080993652 7223677 0.006640985406471049
57600 1.1813128554589714 8673411.62109375 7342180 0.006640985406471049
58564 1.1778074728231342 8818570.801696777 7487277 0.006640985406471049
59536 1.1816212756650586 8964934.622802734 7586978 0.006640985406471049
60516 1.172626384234196 9112503.084411621 7771020 0.006640985406471049
61504 1.1712775279032883 9261276.186523438 7906987 0.006640985406471049
62500 1.1679078755320265 9411253.929138184 8058216 0.006640985406471049
63504 1.1656087617131032 9562436.31225586 8203813 0.006640985406471049
64516 1.1642268393592363 9714823.335876465 8344442 0.006640985406471049
65536 1.1620110659590175 9868415 8492531 0.006640985406471049
66564 1.1596753977703955 10023211.304626465 8643118 0.006640985406471049
67600 1.1588967234675347 10179212.24975586 8783537 0.006640985406471049
68644 1.1576539589401336 10336417.835388184 8928763 0.006640985406471049
69696 1.1544782125682151 10494828.061523438 9090538 0.006640985406471049
70756 1.1531186730099217 10654442.928161621 9239676 0.006640985406471049
71824 1.1508486475811042 10815262.435302734 9397641 0.006640985406471049
72900 1.150356550180181 10977286.582946777 9542508 0.006640985406471049
73984 1.1480466921238623 11140515.37109375 9703887 0.006640985406471049
75076 1.1470070791856135 11304948.799743652 9856041 0.006640985406471049
76176 1.1460140950420177 11470586.868896484 10009115 0.006640985406471049
77284 1.1450068669886295 11637429.578552246 10163633 0.006640985406471049
78400 1.1412378686105888 11805476.928710938 10344449 0.006640985406471049
79524 1.1408230421340075 11974728.919372559 10496570 0.006640985406471049
80656 1.1392444584775996 12145185.55053711 10660737 0.006640985406471049
81796 1.1385146753200457 12316846.82220459 10818347 0.006640985406471049
82944 1.1377016617453182 12489712.734375 10978021 0.006640985406471049
84100 1.1359689765948477 12663783.28704834 11148001 0.006640985406471049
85264 1.1328353445333386 12839058.48022461 11333561 0.006640985406471049
86436 1.1316755281705393 13015538.313903809 11501122 0.006640985406471049
87616 1.130837651559595 13193222.788085938 11666770 0.006640985406471049
88804 1.129758782024363 13372111.902770996 11836254 0.006640985406471049
90000 1.1282534330751552 13552205.657958984 12011668 0.006640985406471049
91204 1.1261754011949914 13733504.053649902 12194818 0.006640985406471049
92416 1.1246119775352286 13916007.08984375 12374052 0.006640985406471049
93636 1.1229755381145232 14099714.766540527 12555674 0.006640985406471049
94864 1.1208907381750775 14284627.083740234 12743996 0.006640985406471049
96100 1.1200540231048122 14470744.041442871 12919684 0.006640985406471049
97344 1.1178955561408965 14658065.639648438 13112196 0.006640985406471049
98596 1.1163911188225568 14846591.878356934 13298737 0.006640985406471049
99856 1.1158281122515876 15036322.75756836 13475483 0.006640985406471049
101124 1.1132038473113126 15227258.277282715 13678769 0.006640985406471049
102400 1.1122105092341237 15419398.4375 13863741 0.006640985406471049
103684 1.1099923016768969 15612743.238220215 14065632 0.006640985406471049
104976 1.108055582426282 15807292.67944336 14265794 0.006640985406471049
106276 1.106335041431579 16003046.761169434 14464919 0.006640985406471049
107584 1.1052402961059489 16200005.483398438 14657451 0.006640985406471049
108900 1.1039417170910453 16398168.846130371 14854198 0.006640985406471049
110224 1.1020657602865873 16597536.849365234 15060387 0.006640985406471049
111556 1.1008971416381663 16798109.493103027 15258564 0.006640985406471049
112896 1.0995232162215 16999886.77734375 15461144 0.006640985406471049
114244 1.0959485462843126 17202868.702087402 15696785 0.006640985406471049
115600 1.094443728426285 17407055.267333984 15904934 0.006640985406471049
116964 1.0939758363114926 17612446.473083496 16099484 0.006640985406471049
118336 1.0928224945213925 17819042.319335938 16305523 0.006640985406471049
119716 1.091127183254935 18026842.80609131 16521303 0.006640985406471049
121104 1.0891864512909086 18235847.93334961 16742632 0.006640985406471049
122500 1.0879253171691572 18446057.70111084 16955261 0.006640985406471049
123904 1.0855754206723776 18657472.109375 17186712 0.006640985406471049
125316 1.0837682882512267 18870091.15814209 17411555 0.006640985406471049
126736 1.0834559359736289 19083914.84741211 17613928 0.006640985406471049
128164 1.0807958261067288 19298943.17718506 17856234 0.006640985406471049
129600 1.0789374321709388 19515176.147460938 18087403 0.006640985406471049
131044 1.0783920368832132 19732613.758239746 18298182 0.006640985406471049
132496 1.0772830961986442 19951256.009521484 18519975 0.006640985406471049
133956 1.0756467272987973 20171102.901306152 18752535 0.006640985406471049
135424 1.0741148618717158 20392154.43359375 18985078 0.006640985406471049
136900 1.0730292696495431 20614410.606384277 19211415 0.006640985406471049
138384 1.0715885212340825 20837871.419677734 19445777 0.006640985406471049
139876 1.071570064685026 21062536.87347412 19655772 0.006640985406471049
141376 1.0694680235663 21288406.967773438 19905604 0.006640985406471049
142884 1.0680372234818813 21515481.702575684 20144880 0.006640985406471049
144400 1.0673375500378073 21743761.07788086 20371963 0.006640985406471049
145924 1.0661005068197293 21973245.093688965 20610857 0.006640985406471049
147456 1.0640686721222952 22203933.75 20867012 0.006640985406471049
148996 1.0632149091030476 22435827.046813965 21101874 0.006640985406471049
150544 1.0624100099858558 22668924.98413086 21337266 0.006640985406471049
152100 1.0608470082772241 22903227.561950684 21589567 0.006640985406471049
153664 1.0599215377102105 23138734.780273438 21830611 0.006640985406471049
155236 1.0584783099002768 23375446.63909912 22084011 0.006640985406471049
156816 1.0568400569219423 23613363.138427734 22343365 0.006640985406471049
158404 1.0569960322799679 23852484.278259277 22566295 0.006640985406471049
160000 1.0555168686267293 24092810.05859375 22825604 0.006640985406471049
161604 1.0539117873984314 24334340.479431152 23089542 0.006640985406471049
163216 1.051165856874886 24577075.540771484 23380778 0.006640985406471049
164836 1.0523623059161942 24821015.242614746 23585998 0.006640985406471049
166464 1.0510798044415675 25066159.584960938 23848008 0.006640985406471049
168100 1.050137480023957 25312508.56781006 24103995 0.006640985406471049
169744 1.0481582514647774 25560062.19116211 24385690 0.006640985406471049
171396 1.0479923007425083 25808820.45501709 24626918 0.006640985406471049
173056 1.0469494105522161 26058783.359375 24890203 0.006640985406471049
174724 1.0459331651131956 26309950.90423584 25154524 0.006640985406471049
176400 1.0470626544232915 26562323.08959961 25368418 0.006640985406471049
178084 1.043571649577727 26815899.91546631 25696271 0.006640985406471049
179776 1.042171519013798 27070681.381835938 25975265 0.006640985406471049
181476 1.0410292691646554 27326667.488708496 26249663 0.006640985406471049
183184 1.0396337622529588 27583858.236083984 26532284 0.006640985406471049
184900 1.039611271519496 27842253.623962402 26781408 0.006640985406471049
186624 1.040068557549813 28101853.65234375 27019232 0.006640985406471049
188356 1.039023178274319 28362658.321228027 27297426 0.006640985406471049
190096 1.0384462715487897 28624667.630615234 27564900 0.006640985406471049
191844 1.032729212646758 28887881.58050537 27972368 0.006640985406471049
193600 1.038178898365727 29152300.170898438 28080228 0.006640985406471049
195364 1.0382807244010241 29417923.401794434 28333304 0.006640985406471049
197136 1.0342842861125505 29684751.27319336 28700766 0.006640985406471049
198916 1.0350510630177008 29952783.785095215 28938460 0.006640985406471049
200704 1.0337615838460208 30222020.9375 29235001 0.006640985406471049
202500 1.0323784033455878 30492462.730407715 29536130 0.006640985406471049
204304 1.0314729623650956 30764109.16381836 29825415 0.006640985406471049
206116 1.030105636252992 31036960.237731934 30129881 0.006640985406471049
207936 1.0291511813522292 31311015.952148438 30424117 0.006640985406471049
209764 1.0278566803971578 31586276.30706787 30730234 0.006640985406471049
211600 1.026448334691888 31862741.302490234 31041739 0.006640985406471049
213444 1.02550592510589 32140410.938415527 31341029 0.006640985406471049
215296 1.0257974189217332 32419285.21484375 31603984 0.006640985406471049
217156 1.024491626302893 32699364.131774902 31917649 0.006640985406471049
219024 1.0224835212006766 32980647.689208984 32255432 0.006640985406471049
220900 1.0207302518945633 33263135.887145996 32587587 0.006640985406471049
222784 1.0210144865851105 33546828.725585938 32856369 0.006640985406471049
224676 1.0189289818198917 33831726.20452881 33203223 0.006640985406471049
226576 1.0185637087959114 34117828.32397461 33496018 0.006640985406471049
228484 1.0174588836860339 34405135.08392334 33814767 0.006640985406471049
230400 1.016964923069516 34693646.484375 34114890 0.006640985406471049
232324 1.0169894617206579 34983362.52532959 34398943 0.006640985406471049
234256 1.014884922853429 35274283.20678711 34756929 0.006640985406471049
236196 1.0137545504203718 35566408.52874756 35083846 0.006640985406471049
238144 1.012076351619647 35859738.49121094 35431851 0.006640985406471049
240100 1.0114409148616583 36154273.094177246 35745314 0.006640985406471049
242064 1.0099126659309912 36450012.337646484 36092242 0.006640985406471049
244036 1.0097582664248355 36746956.22161865 36391835 0.006640985406471049
246016 1.0084825473419556 37045104.74609375 36733511 0.006640985406471049
248004 1.0067472837599527 37344457.91107178 37094173 0.006640985406471049
250000 1.0049667874313328 37645015.716552734 37458965 0.006640985406471049
252004 1.0048801111339927 37946778.16253662 37762493 0.006640985406471049
254016 1.0042535277107671 38249745.24902344 38087738 0.006640985406471049
256036 1.0079852551579793 38553916.97601318 38248493 0.006640985406471049
258064 1.001294758567387 38859293.34350586 38809045 0.006640985406471049
260100 1.0015968509235063 39165874.351501465 39103432 0.006640985406471049
262144 1 39473660 39473660 0.006640985406471049
