4 0.00001411876676358142 0.0044897678308188915 318 890.9146643492337
16 0.00008541769951617392 0.07183628529310226 841 222.72866608730843
36 0.00018921498142368898 0.3636711942963302 1922 98.99051826102597
64 0.0003267142025837511 1.1493805646896362 3518 55.68216652182711
100 0.0005036985988622881 2.806104894261807 5571 35.636586573969346
144 0.0007229145370532095 5.818739108741283 8049 24.747629565256492
196 0.0009632680334014975 10.779932561796159 11191 18.181931925494567
256 0.0011871466680675347 18.39008903503418 15491 13.920541630456777
324 0.0015021604659868815 29.457366738002747 19610 10.99894647344733
400 0.0018039165216838329 44.897678308188915 24889 8.909146643492337
484 0.0021300246528310617 65.73469081101939 30861 7.362931110324245
576 0.0024978489412926736 93.09982573986053 37272 6.186907391314123
676 0.002923205576310629 128.23225901601836 43867 5.271684404433335
784 0.0033611794015149282 172.47892098873854 51315 4.545482981373642
900 0.0038127064737936154 227.29449643520638 59615 3.959620730441039
1024 0.004346382826088613 294.2414245605469 67698 3.480135407614194
1156 0.004887581285896336 374.98989899782464 76723 3.0827497036305664
1296 0.005410854221385943 471.31786780804396 87106 2.7497366183618324
1444 0.0061386444403893235 585.1110334801488 95316 2.467907657477102
1600 0.0066856791464803686 718.3628529310226 107448 2.227286660873084
1764 0.007417195768927813 873.1745375054888 117723 2.020214658388285
1936 0.008058622918608186 1051.7550529763103 130513 1.8407327775810614
2116 0.008793848605733609 1256.4211195441894 142875 1.6841487038737877
2304 0.009523426367446446 1489.5972118377686 156414 1.5467268478285308
2500 0.01039729404146093 1753.8155589136295 168680 1.425463462958774
2704 0.011204277787975545 2051.716144256294 183119 1.3179211011083338
2916 0.012288884626721994 2386.0467057782225 194163 1.22210516371637
3136 0.013255691929946713 2759.6627358198166 208187 1.1363707453434104
3364 0.014210084043269415 3175.5274811494164 223470 1.0593515628409438
3600 0.015337916134401079 3636.711942963302 237106 0.9899051826102597
3844 0.016425594219841518 4146.3948768856935 252435 0.9270704103530008
4096 0.0176267013855738 4707.86279296875 267087 0.8700338519035485
4356 0.018629609129497567 5324.509955692571 285809 0.818103456702694
4624 0.0197356612741857 5999.838383965194 304010 0.7706874259076416
4900 0.020869081820082142 6737.457851122599 322844 0.7272772770197826
5184 0.02205614992784145 7541.085884928703 341904 0.6874341545904581
5476 0.02334832007251927 8414.547767575365 360392 0.650777694922742
5776 0.024556059121874037 9361.77653568238 381241 0.6169769143692755
6084 0.025988277867900728 10386.812980297487 399673 0.585742711603704
6400 0.027212840129310203 11493.805646896362 422367 0.556821665218271
6724 0.028561868992788335 12687.010835382622 444194 0.5299908770667661
7056 0.0301228403129144 13970.792600087821 463794 0.5050536645970712
7396 0.03149797104941395 15349.622749771457 487321 0.48183594610558883
7744 0.03307314823810069 16828.080847620964 508814 0.46018319439526534
8100 0.03465676935446849 18410.854211251717 531234 0.4399578589378932
8464 0.036054519047477925 20102.73791270703 557565 0.4210371759684469
8836 0.0376272162170495 21908.63477845816 582255 0.403311301199291
9216 0.039209406533165576 23833.555389404297 607853 0.3866817119571327
9604 0.04060852987966559 25882.618080872577 637369 0.3710598352141748
10000 0.0422106496566084 28061.048942618072 664786 0.3563658657396935
10404 0.043712538344050755 30374.181818823796 694862 0.3425277448478407
10816 0.045500227044862986 32827.4583081007 721479 0.32948027527708346
11236 0.04711882211481191 35426.42776348768 751853 0.3171643518509198
11664 0.04885760632675644 38176.74729245156 781388 0.3055262909290925
12100 0.050673166376678805 41084.18175688712 810768 0.29451724441296984
12544 0.052322638555354975 44154.603773117065 843891 0.2840926863358526
12996 0.05429257061150123 47393.99371189205 872937 0.2742119619419002
13456 0.05609543438961155 50808.43969839066 905750 0.26483789071023595
13924 0.05817765678671964 54404.137612219434 935138 0.2559364160727474
14400 0.05997420250257196 58187.391087412834 970207 0.24747629565256493
14884 0.06181166689446587 62164.61151243327 1005710 0.23942882675335495
15376 0.06390812158704225 66342.3180301711 1038089 0.2317676025882502
15876 0.0658380684154795 70727.1375379446 1074259 0.2244682953764761
16384 0.06806811047609666 75325.8046875 1106624 0.21750846297588713
16900 0.06993457418487183 80145.16188501148 1146002 0.21086737617733342
17424 0.07194864428600117 85192.15929108113 1184069 0.2045258641756735
17956 0.0743429266058103 90473.85482073901 1216980 0.19846617606354058
18496 0.0765935796442636 95997.41414344311 1253335 0.1926718564769104
19044 0.07908860578455108 101770.11068307934 1286786 0.1871276337637542
19600 0.08141998368415011 107799.32561796159 1323991 0.18181931925494565
20164 0.08387881247547736 114092.54788083164 1360207 0.17673371639540444
20736 0.08536440140597454 120657.37415885925 1413439 0.17185853864761452
21316 0.08762002694791934 127501.50889364211 1455164 0.16718233521284176
21904 0.08993582728587879 134632.76428120583 1496987 0.1626944237306855
22500 0.09321998925922494 142059.060272004 1523912 0.15838482921764155
23104 0.09520204641167204 149788.42457091808 1573374 0.15424422859231887
23716 0.09776446229342382 157828.99263725756 1614380 0.15026390021069888
24336 0.10043604193256066 166189.0076847598 1654675 0.146435677900926
24964 0.10218599538003745 174876.82068159012 1711358 0.14275190904490206
25600 0.10509661260818458 183900.8903503418 1749827 0.13920541630456776
26244 0.10740593462942828 193269.78316803603 1799433 0.13578946263515224
26896 0.11050584961377094 202992.17336612195 1836936 0.13249771926669152
27556 0.11267772357297358 213076.84293047665 1891029 0.12932423636946344
28224 0.11544028561039624 223532.68160140514 1936349 0.1262634161492678
28900 0.11839487180357586 234368.6868736404 1979551 0.12330998814522266
29584 0.1213708142453813 245593.96399634331 2023501 0.12045898652639721
30276 0.12357236242501386 257217.72597310273 2081515 0.11770572920454932
30976 0.12676287655826254 269249.2935619354 2124039 0.11504579859881633
31684 0.12907631924967805 281698.0952752861 2182415 0.11247502390471326
32400 0.13203483027123233 294573.6673800275 2231030 0.1099894647344733
33124 0.1349699049544286 307885.6538974601 2281143 0.10758539600884359
33856 0.13737096281252334 321643.8066033125 2341425 0.10525929399211173
34596 0.140784123997638 335857.9850277412 2385624 0.10300782337255564
35344 0.1438550248796266 350538.15645533055 2436746 0.10082782529982275
36100 0.14680490542443525 365694.395925093 2491023 0.09871630629908407
36864 0.14932966208884227 381336.88623046875 2553658 0.09667042798928317
37636 0.15216934580801691 397475.9179193261 2612063 0.09468749753950832
38416 0.15567877557237825 414121.8892939612 2660105 0.0927649588035437
39204 0.15913042623948237 431285.3064110982 2710263 0.09090038407807711
40000 0.16309816186563764 448976.78308188915 2752801 0.08909146643492337
40804 0.1656940589261591 467207.040871914 2819697 0.08733601258202468
41616 0.16906156445338966 485986.90910118073 2874615 0.08563193621196018
42436 0.1719532688220035 505327.3248441252 2938748 0.08397725180028597
43264 0.17611114320150614 525239.3329296112 2982431 0.08237006881927086
44100 0.179092035460742 545734.0859409305 3047227 0.08080858633553141
44944 0.1820271328368154 566822.8442158028 3113947 0.07929108796272995
45796 0.18516267600844702 588516.9758463758 3178378 0.07781593714291499
46656 0.18947504868622841 610827.956679225 3223791 0.07638157273227313
47524 0.19173047029185006 633767.3703153539 3305512 0.07498650486905427
48400 0.19574085085069398 657346.9081101939 3358251 0.07362931110324246
49284 0.19939074166102924 681578.3691736045 3418305 0.07230863276919355
50176 0.2021272823838785 706473.660369873 3495192 0.07102317158396315
51076 0.20642553099653857 732044.7963177147 3546290 0.0697716864554181
51984 0.20948871518031817 758303.8993902728 3619784 0.06855299048547504
52900 0.2137640791231256 785263.1997151184 3673504 0.0673659481549515
53824 0.21643879808407085 812935.0351742506 3755958 0.06620947267755899
54756 0.21965191499667297 841331.8514040965 3830296 0.06508252351152266
55696 0.2237469368344712 870466.201795511 3890405 0.06398410401818685
56644 0.22724882318190415 900350.747493777 3961960 0.06291325925776667
57600 0.2309282333730382 930998.2573986053 4031548 0.06186907391314123
58564 0.2355006891040151 962421.6081641349 4086704 0.06085067033325823
59536 0.238235465746715 994633.7841989323 4175003 0.059857206688338736
60516 0.2424267298794699 1027647.8776659924 4239004 0.058887875229640674
61504 0.24649422345392363 1061477.0884827375 4306296 0.05794190064706255
62500 0.24971312134042523 1096134.7243210184 4389576 0.05701853851835096
63504 0.2544054700934486 1131634.2006071135 4448152 0.05611707384411903
64516 0.2585508620630891 1167989.0405217293 4517444 0.05523681966329182
65536 0.263055937640781 1205212.875 4581584 0.054377115743971784
66564 0.2661161018445879 1243319.442731488 4672094 0.05353732734506542
67600 0.2701247253952758 1282322.5901601836 4747150 0.052716844044333355
68644 0.27420096655874887 1322236.271484505 4822143 0.05191507862882313
69696 0.2783365062893459 1363074.548657298 4897218 0.051131466043918376
70756 0.28249789740760933 1404851.5913858372 4972963 0.05036546239749187
71824 0.28670763277267064 1447581.6771318242 5048982 0.049616544015885146
72900 0.2905831641234954 1491279.191111389 5132022 0.0488842065486548
73984 0.29526723967773666 1535958.6262950897 5201927 0.0481679641192276
75076 0.29907897252052895 1581634.583407912 5288351 0.047467348518793424
76176 0.3033247869516517 1628321.7709292695 5368245 0.04678190844093855
77284 0.3078827177049998 1676035.005093004 5443745 0.04611120875468318
78400 0.312157346871708 1724789.2098873854 5525384 0.045454829813736414
79524 0.31714613015025056 1774599.417055111 5595526 0.04481236679992122
80656 0.32255456116803377 1825480.7660933062 5659448 0.04418342909885111
81796 0.3247693087359069 1877448.5042535248 5780868 0.043567639706060625
82944 0.3301474929874022 1930517.986541748 5847441 0.04296463466190363
84100 0.3348922921833258 1984704.6757183853 5926397 0.042374062513637754
85264 0.338702446664256 2040024.1422982737 6023057 0.04179558380321044
86436 0.3436378750446131 2096492.0645506787 6100876 0.04122887057935276
87616 0.3479740369637758 2154124.2284992933 6190474 0.04067360593267137
88804 0.35255189701975 2212936.5279222387 6276910 0.040129483552508165
90000 0.3574371473076238 2272944.964352064 6359006 0.03959620730441039
91204 0.36167329228809614 2334165.6470757457 6453796 0.039073490827123095
92416 0.3664624819621156 2396614.7931346893 6539864 0.03856105714807972
93636 0.3723667029892644 2460308.7273247275 6607220 0.038058638316426745
94864 0.37866732958206256 2525263.882196121 6668819 0.03756597505267472
96100 0.3824335076292087 2591496.7980535585 6776333 0.03708281641412003
97344 0.3864110849066579 2659024.1229561567 6881335 0.0366089194752315
98596 0.39072841470826536 2727862.6127174604 6981480 0.03614404902224162
99856 0.39576520517559344 2798029.130905442 7069922 0.035687977261225516
101124 0.40100082474653626 2869540.648842502 7155947 0.03524048353899109
102400 0.4056544076108732 2942414.2456054688 7253500 0.03480135407614194
103684 0.4104468701810164 3016667.108025599 7349714 0.03437038171170995
104976 0.41593577526064635 3092316.5306885764 7434601 0.03394736565878806
106276 0.42062929640890323 3169379.915934514 7534853 0.03353211127062493
107584 0.42547163919897046 3247874.773857951 7633587 0.03312442981667288
108900 0.43094067797962976 3327818.7223078567 7722220 0.03272413826810776
110224 0.4353397351958541 3409229.4868876263 7831193 0.03233105909236586
111556 0.441400871944743 3492124.9009550842 7911459 0.03194502005626712
112896 0.44691642830307826 3576522.9056224823 8002666 0.03156585403731695
114244 0.45120763567078437 3662441.5497565004 8116976 0.031193398842800802
115600 0.4564094131899601 3749898.9899782464 8216086 0.030827497036305666
116964 0.46208917530970917 3838913.490663256 8307733 0.030467995771322243
118336 0.46731246675376975 3929503.423941493 8408728 0.030114746631599302
119716 0.4731157446973093 4021687.269697349 8500430 0.029767605477938913
121104 0.47823058691225 4115483.6155696437 8605647 0.02942643230113733
122500 0.484408376835522 4210911.156951625 8692895 0.029091091080791304
123904 0.48953404565848374 4307988.696990967 8800182 0.028761449649704084
125316 0.4954870689542868 4406735.146589775 8893744 0.0284373795636386
126736 0.5006232869158387 4507169.524404578 9003116 0.028118755976178314
128164 0.5066857847506043 4609310.956846338 9096981 0.027805457518468014
129600 0.5125244212576195 4713178.67808044 9196008 0.027497366183618324
131044 0.5185280946457055 4818792.0300267 9293213 0.027194367215568317
132496 0.5232911711171286 4926170.462359361 9413823 0.026896349002210898
133956 0.5275872150779882 5035333.5325070955 9544078 0.02660320297259499
135424 0.5321124316626021 5146300.905653 9671454 0.026314823498027932
136900 0.5383718988864019 5259092.354734603 9768512 0.026031107796909675
138384 0.5447756230306244 5373727.760443859 9864112 0.02575195584313891
139876 0.5494912073260814 5490227.111227151 9991474 0.025477270277938564
141376 0.5550373761628775 5608610.503285289 10104924 0.025206956324955686
142884 0.5603073285641825 5728898.140573513 10224564 0.024940921708497345
144400 0.5665398021129074 5851110.334801488 10327801 0.024679076574771017
145924 0.5723287743616339 5975267.50543331 10440271 0.024421333416003773
147456 0.5775507733382184 6101390.1796875 10564249 0.024167606997320793
148996 0.5835461770658035 6229498.99253701 10675246 0.02391781428626899
150544 0.5898379680658716 6359614.686709218 10781969 0.02367187438487708
152100 0.5956251767523869 6491758.11268593 10899066 0.023429708464148158
153664 0.60068560161421 6625950.22870338 11030646 0.023191239700885925
155236 0.6060010233005758 6762212.100752231 11158747 0.022956393216759866
156816 0.6116778627861429 6900564.902577572 11281371 0.02272509601951928
158404 0.617204001112814 7041029.915678922 11407946 0.022497276946269885
160000 0.623515972547754 7183628.529310226 11521162 0.022272866608730842
161604 0.6295617644060032 7328382.24047986 11640450 0.0220517973403934
163216 0.6360490958270734 7475312.653950624 11752729 0.02183400314550617
164836 0.6418173391460358 7624441.482239749 11879457 0.021619419649815178
166464 0.6481002296682783 7775790.545618892 11997821 0.021407984052990044
168100 0.6540809728034643 7929381.772114139 12122936 0.021199635082670643
169744 0.6599756699785837 8085237.197506003 12250811 0.02099431295007149
171396 0.6666630245983083 8243378.965329427 12365136 0.020791959307083798
173056 0.6750807660791036 8403829.32687378 12448628 0.020592517204817716
174724 0.6774021085885996 8566610.641182858 12646271 0.020395931053529767
176400 0.6839798869469291 8731745.375054888 12766085 0.020202146583882852
178084 0.6903312961977892 8899256.103042524 12891283 0.020011110809488416
179776 0.696510591502714 9069165.507452846 13020858 0.019822771990682487
181476 0.7024123789976955 9241496.378347363 13156796 0.01963707959948938
183184 0.7108749491483156 9416271.613542013 13246031 0.019453984285728747
184900 0.714911360259435 9593514.218607161 13419166 0.019273437844223553
186624 0.7217901024917192 9773247.3068676 13540290 0.01909539318306828
188356 0.7287402576108074 9955494.09940255 13661238 0.018919804292918382
190096 0.73467630933413 10140277.925045662 13802375 0.018746626217263567
191844 0.742070873118772 10327622.220385011 13917299 0.018575815023649085
193600 0.7476034354949888 10517550.529763103 14068355 0.018407327775810615
195364 0.7542944435554174 10710086.50527687 14198814 0.01824112250668974
197136 0.7612037549315797 10905253.906777672 14326327 0.01807715819229839
198916 0.7665496289216566 11103076.6018713 14484485 0.017915394726401773
200704 0.7725699664201104 11303578.565917969 14631139 0.017755792895990788
202500 0.7788871838555067 11506783.882032324 14773364 0.01759831435751573
204304 0.7856014571561476 11712716.741083436 14909235 0.017442921613854526
206116 0.792649956242808 11921401.441694807 15039932 0.01728957799198963
207936 0.7987196634822429 12132862.390244365 15190389 0.01713824762136876
209764 0.8059235865794195 12347124.100864466 15320465 0.016988895412925645
211600 0.8126625230096503 12564211.195441894 15460552 0.016841487038737876
213444 0.8188389968581558 12784148.403617863 15612530 0.016695988912299876
215296 0.8261566394935455 13006960.56278801 15743940 0.016552368169389747
217156 0.8325826681422198 13232672.618102405 15893524 0.01641059264950973
219024 0.8390900649661522 13461309.622465543 16042747 0.016270630877880665
220900 0.8466379622845603 13692896.73653635 16173261 0.01613245204797164
222784 0.8524202519565283 13927459.228728175 16338724 0.015996026004546714
224676 0.8599705719453214 14165022.4752088 16471520 0.01586132322721134
226576 0.8681036275789616 14405611.959900431 16594346 0.015728314814441667
228484 0.8745199461291957 14649253.274479706 16751194 0.01559697246808063
230400 0.8808654518304003 14895972.118377686 16910610 0.015467268478285308
232324 0.8884165299325745 15145794.298779864 17048078 0.015339175708910552
234256 0.8963747553687854 15398745.730626158 17178915 0.015212667583314557
236196 0.9014209554974223 15654852.436610918 17366861 0.01508771807057247
238144 0.9091979839214331 15914140.547182918 17503493 0.014964301672084684
240100 0.9173531829358242 16176636.30054536 17634033 0.014842393408566992
242064 0.9239212589962387 16442366.042655878 17796285 0.014721968807410168
244036 0.9321770568302131 16711356.22722653 17927234 0.014603003890397051
246016 0.9380095837511296 16983633.4157238 18106034 0.014485475161765637
248004 0.9464446862045872 17259224.27736861 18235851 0.01436935959660705
250000 0.9536372411524964 17538155.589136295 18390804 0.01425463462958774
252004 0.960949518799087 17820454.235756632 18544631 0.014141278143985551
254016 0.9685559528937616 18106147.209713817 18693961 0.014029268461029757
256036 0.9758585011634794 18395261.611246478 18850337 0.013918584329535437
258064 0.9839826285181497 18687824.64834767 18992027 0.013809204915822954
260100 0.9917786184579703 18983863.636764873 19141231 0.013701109793913629
262144 1 19283406 19283406 0.013594278935992946
