4 0.0000318016528206713 0.009190677665174007 289 435.22361959848666
16 0.00016001179830553222 0.14705084264278412 919 108.80590489962167
36 0.00033458197342880656 0.7444448908790946 2225 48.358179955387406
64 0.0005829567597335347 2.352813482284546 4036 27.201476224905417
100 0.0008909839523396549 5.744173540733755 6447 17.408944783939468
144 0.0012151722356728743 11.911118254065514 9802 12.089544988846852
196 0.0016167350775941674 22.066817074082792 13649 8.882114685683401
256 0.001992854193570817 37.645015716552734 18890 6.800369056226354
324 0.002488241155451294 60.30003616120666 24234 5.3731311061541565
400 0.003004667734135611 91.90677665174007 30588 4.352236195984867
484 0.0035299242312647598 134.56071169581264 38120 3.5968894181693116
576 0.004111446768602857 190.57789206504822 46353 3.022386247211713
676 0.004747688415327368 262.4949447950348 55289 2.5752876899318737
784 0.005363020220331814 353.06907318532467 65834 2.2205286714208503
900 0.006101367158848044 465.2780567994341 76258 1.9343271982154964
1024 0.006803649103286423 602.3202514648438 88529 1.7000922640565885
1156 0.007578384729716638 767.6145892729983 101290 1.5059640816556632
1296 0.00833650657190152 964.8005785793066 115732 1.3432827765385391
1444 0.009197170399858264 1197.7383040031418 130229 1.2056055944556419
1600 0.010036435542823298 1470.5084264278412 146517 1.0880590489962167
1764 0.011036337935382268 1787.4121830007061 161957 0.9869016317426001
1936 0.011936217655264382 2152.9713871330023 180373 0.8992223545423279
2116 0.012872192530216759 2571.9284284999594 199805 0.822728959543453
2304 0.013980570332960907 3049.2462730407715 218106 0.7555965618029282
2500 0.014893378508378192 3590.1084629585966 241054 0.6963577913575787
2704 0.016108925731514873 4199.919116720557 260720 0.6438219224829684
2916 0.017267563208151523 4884.30292905774 282860 0.5970145673504619
3136 0.01841388976307575 5649.105170965195 306785 0.5551321678552126
3364 0.019625779140871203 6500.391689701937 331217 0.5175072765737059
3600 0.020802917678594032 7444.448908790946 357856 0.4835817995538741
3844 0.02214402810343665 8487.783828019165 383299 0.45288618064358654
4096 0.023279595585793036 9637.1240234375 413973 0.42502306601414713
4356 0.024689423635068156 10899.417647360824 441461 0.3996543797965902
4624 0.026002488558639715 12281.833428367972 472333 0.3764910204139158
4900 0.027518577499704187 13791.760671301745 501180 0.3552845874273361
5184 0.028920284648789284 15436.809257268906 533771 0.3358206941346348
5476 0.03047673328917066 17224.809643640183 565179 0.31791352782942783
5776 0.03187678458516905 19163.81286405027 601184 0.30140139861391047
6084 0.03354160505629864 21262.09052839782 633902 0.2861430766590971
6400 0.03499169356988997 23528.13482284546 672392 0.2720147622490542
6724 0.03660102304075304 25970.65850981977 709561 0.2589075666855959
7056 0.03834840964015262 28598.594928011298 745757 0.24672540793565004
7396 0.03989950297823072 31421.09799237456 787506 0.23538324478014425
7744 0.041527629229011424 34447.54219412804 829509 0.22480558863558198
8100 0.04341920501658329 37687.522600754164 867992 0.21492524424616627
8464 0.04510186876341175 41150.85485599935 912398 0.20568223988586326
8836 0.04700437073085945 44847.575179873966 954115 0.19702291516454806
9216 0.04875444606420624 48787.940368652344 1000687 0.18889914045073206
9604 0.050567718119242704 52982.42779487278 1047752 0.18126764664660003
10000 0.05257752562421344 57441.735407337546 1092515 0.17408944783939467
10404 0.05455984539504659 62176.78173111286 1139607 0.1673293424061848
10816 0.05646470834620668 67198.70586752892 1190101 0.1609554806207421
11236 0.05843804519121987 72518.86749417987 1240953 0.154938988821106
11664 0.0605901770863594 78148.84686492383 1289794 0.14925364183761547
12100 0.06274911663729404 84100.4448098829 1340265 0.14387557672677245
12544 0.06452962852850078 90385.68273544312 1400685 0.13878304196380314
12996 0.06673260996541132 97016.80262425449 1453814 0.13395617716173797
13456 0.0687858033566977 104006.267035231 1512031 0.12937681914342647
13924 0.07101086082916891 111366.75910355058 1568306 0.125028330824041
14400 0.0731424169246195 119111.18254065514 1628483 0.12089544988846852
14884 0.07539960161061471 127252.66163425054 1687710 0.11696415468919287
15376 0.07775922429368107 135804.54124830663 1746475 0.11322154516089664
15876 0.07979549459409135 144780.3868230572 1814393 0.10965573686028891
16384 0.08200119676162407 154193.984375 1880387 0.10625576650353678
16900 0.08461617518336592 164059.34049689677 1938865 0.10301150759727495
17424 0.08695417377791355 174390.68235777318 2005547 0.09991359494914755
17956 0.08970266658606398 185202.4577029189 2064626 0.09695335700567759
18496 0.09195970384012386 196509.33485388756 2136907 0.09412275510347895
19044 0.09423045731010482 208326.2027084967 2210816 0.09141432883816146
19600 0.09672773362802708 220668.17074082792 2281333 0.08882114685683402
20164 0.0992881155120039 233550.5690012267 2352251 0.08633676246746413
20736 0.10191234408314706 246988.9481163025 2423543 0.0839551735336587
21316 0.10470423728267426 260999.07928892877 2492727 0.08167078618849441
21904 0.10717511670326434 275596.9542982429 2571464 0.07947838195735696
22500 0.10994677899570923 290798.7854996463 2644905 0.07737308792861985
23104 0.11254534203027443 306621.0058248043 2724422 0.07535034965347762
23716 0.1154205601120788 323080.26878164615 2799157 0.07340590649325125
24336 0.11832696242520167 340193.44845436513 2875029 0.07153576916477428
24964 0.12099148900257865 357977.63950341847 2958701 0.06973619926269616
25600 0.12371654845451405 376450.15716552734 3042844 0.06800369056226355
26244 0.12692883170171082 395628.5372536769 3116932 0.0663349519278291
26896 0.12949370471781058 415530.5361571163 3208886 0.06472689167139897
27556 0.13262687974217366 436174.13084135856 3288731 0.063176603222309
28224 0.13531903231734013 457577.51884818077 3381472 0.06168135198391251
28900 0.13822780151113434 479759.1182956239 3470786 0.06023856326622653
29584 0.1411897833860641 502737.567877993 3560722 0.05884581119503606
30276 0.14386427213323158 526531.7268658569 3659920 0.057500808508189546
30976 0.14675983646135737 551160.6751060486 3755528 0.056201397158895494
31684 0.14994365526434078 576643.7130216649 3845736 0.05494553965389303
32400 0.15291855192864073 603000.3616120666 3943278 0.05373131106154157
33124 0.1560823446768902 630250.3624528786 4037935 0.05255689163126273
33856 0.15914160013651224 658413.6776959896 4137282 0.051420559971465815
34596 0.16253790978008242 687510.4900695523 4229847 0.05032068673817629
35344 0.16554475795682902 717561.2028779835 4334545 0.049255728791137016
36100 0.16880208555348708 748586.4400019636 4434699 0.048224223778225675
36864 0.17206297498704745 780607.0458984375 4536752 0.047224785112683014
37636 0.1754451140774814 813644.0856006136 4637599 0.046256097310924296
38416 0.17883435684940496 847718.8447179645 4740246 0.04531691166165001
39204 0.18236446738038764 882852.8294362267 4841145 0.04440604219962113
40000 0.18564887811250033 919067.7665174007 4950570 0.04352236195984867
40804 0.18907014269826192 956385.603299751 5058364 0.0426647994900977
41616 0.19212716563150645 994828.5076978058 5177969 0.0418323356015462
42436 0.19610375416999284 1034418.8682023576 5274855 0.04102400033919188
43264 0.1995888401627673 1075179.2938804626 5386971 0.04023887015518553
44100 0.20328888823740182 1117132.6143754413 5495296 0.03947606526970401
44944 0.20635979106649724 1160301.8799068779 5622713 0.0387347472052765
45796 0.2105907628016425 1204710.3612706205 5720623 0.038014116481656625
46656 0.21359712497833186 1250381.5498387814 5853925 0.03731341045940387
47524 0.21773054146518625 1297339.1575597366 5958462 0.036631901321310216
48400 0.22117058002370246 1345607.1169581264 6084024 0.03596889418169311
49284 0.22469389952438962 1395209.5811348548 6209379 0.03532372531438087
50176 0.22880825773091276 1446170.9237670898 6320449 0.034695760490950786
51076 0.2321526653213671 1498515.7391082635 6454872 0.034084393421449345
51984 0.23563645921418405 1552268.8419880718 6587558 0.03348904429043449
52900 0.23997740160801645 1607455.2678124746 6698361 0.03290915838173812
53824 0.24322461807539594 1664100.272563696 6841825 0.03234420478585662
54756 0.2473982588470052 1722229.3328002235 6961364 0.031793675184344124
55696 0.25096907649881095 1781868.1456568092 7099951 0.03125708270601025
56644 0.25513912496979985 1843042.6288444689 7223677 0.030733960850115576
57600 0.2595658129670591 1905778.9206504822 7342180 0.03022386247211713
58564 0.26312681899419416 1970103.379938393 7487277 0.02972635882784555
59536 0.2683601542205617 2036042.5861480087 7586978 0.029241038672298218
60516 0.27070105845762865 2103623.3392954012 7771020 0.028767507409510656
61504 0.274804127030044 2172872.659972906 7906987 0.02830538629022416
62500 0.27845093620587025 2243817.789349123 8058216 0.02785431165430315
63504 0.2823670150902897 2316486.189168915 8203813 0.02741393421507223
64516 0.28652671344032477 2390905.5417534104 8344442 0.02698391838294294
65536 0.29050276648975437 2467103.75 8492531 0.026563941625884196
66564 0.294466526707415 2545108.9373823395 8643118 0.02615369386446047
67600 0.29884879496156824 2624949.4479503483 8783537 0.02575287689931874
68644 0.3031387266444646 2706653.8463302096 8928763 0.025361203869150205
69696 0.3069401302457974 2790250.917724371 9090538 0.024978398737286887
70756 0.31124139719959265 2875769.6679115435 9239676 0.02460419580521718
71824 0.3153173571161851 2963239.3232467026 9397641 0.024238339251419397
72900 0.3199042988133819 3052689.3306610873 9542508 0.023880582694018476
73984 0.3240092715076135 3144149.357662201 9703887 0.023530688775869738
75076 0.3284938944890561 3237649.2923338106 9856041 0.023188428770764914
76176 0.33301837808197304 3333219.2433359474 10009115 0.022853582209540365
77284 0.33756527217235277 3430889.5399049064 10163633 0.02252593652494626
78400 0.3413125949824149 3530690.7318532467 10344449 0.022205286714208506
79524 0.34608006135049746 3632653.589569791 10496570 0.02189143501828312
80656 0.35052071015536984 3736809.104019627 10660737 0.021584190616866034
81796 0.3552472930239809 3843188.486744105 10818347 0.02128336933827995
82944 0.3599759164116046 3951823.16986084 10978021 0.020988793383414674
84100 0.36443706867838555 4062744.8060637107 11148001 0.020700291062948236
85264 0.36846188665882335 4175985.2686228603 11333561 0.020417696547123602
86436 0.3731441724889707 4291576.651384695 11501122 0.020140849627400002
87616 0.37795818969362444 4409551.268771887 11666770 0.01986959548933924
88804 0.38271750976139657 4529941.655783369 11836254 0.019603784496125702
90000 0.38735507574754324 4652780.567994341 12011668 0.019343271982154964
91204 0.3918140460608978 4778100.981556266 12194818 0.019087918056159232
92416 0.3964696522365405 4905936.093196869 12374052 0.018837587413369404
93636 0.4011189937091503 5036319.320220142 12555674 0.018592149156242757
94864 0.4056250724267599 5169284.3005063385 12743996 0.018351476623312813
96100 0.4106033005537889 5304864.892511978 12919684 0.018115447225743462
97344 0.41511697775642176 5443095.175269842 13112196 0.01788394229119357
98596 0.41989020824977424 5584009.448388978 13298737 0.017656846914620744
99856 0.4250417021827489 5727642.2320546955 13475483 0.01743404981567404
101124 0.42942667333797135 5874028.267028569 13678769 0.01721544320234511
102400 0.4344572301695796 6023202.5146484375 13863741 0.017000922640565887
103684 0.4390275642664619 6175200.156828403 14065632 0.016790386929458227
104976 0.44372269752800514 6330056.596058831 14265794 0.016583737981957274
106276 0.4485201372649478 6487807.455406352 14464919 0.016380880710545623
107584 0.4535910492563721 6648488.578513861 14657451 0.016181722917849743
108900 0.4586000556610673 6812136.029600515 14854198 0.015986175191863607
110224 0.46338690323573606 6978786.093461737 15060387 0.01579415080557725
111556 0.46848938572916904 7148475.275469213 15258564 0.015605565620799839
112896 0.4735251351110172 7321240.301570892 15461144 0.015420337995978127
114244 0.477621252905674 7497118.11829099 15696785 0.015238388697821738
115600 0.4826267051928655 7676145.892729983 15904934 0.015059640816556632
116964 0.4881126011594293 7858361.0125646135 16099484 0.014884019684637553
118336 0.49331757626222034 8043801.086047888 16305523 0.014711452798759015
119716 0.49829628704280016 8232503.942009076 16521303 0.014541869745012754
121104 0.503177017200982 8424507.62985371 16742632 0.014375202127047387
122500 0.5083879522446508 8619850.419563591 16955261 0.014211383497093442
123904 0.5131040074271784 8818570.801696777 17186712 0.014050349289723874
125316 0.5180874130649215 9020707.487387598 17411555 0.013892036758226775
126736 0.5238070354520944 9226299.408346638 17613928 0.013736384913473258
128164 0.5284084940229141 9435385.716860756 17856234 0.01358333446516921
129600 0.533410229527869 9648005.785793066 18087403 0.013432827765385392
131044 0.5390808337452843 9864199.208582953 18298182 0.013284808754265335
132496 0.5444934887463972 10084005.799246058 18519975 0.013139222907815683
133956 0.5496571846086034 10307465.592374295 18752535 0.012996017187688096
135424 0.5548894159474 10534618.843135834 18985078 0.012855139992866454
136900 0.5603702812767886 10765506.027275115 19211415 0.012716541113177111
138384 0.5656841503999988 11000167.841112837 19445777 0.012580171684544072
139876 0.571773278686076 11238645.201545969 19655772 0.012445984145914572
141376 0.5767712070453996 11480979.246047735 19905604 0.012313932197784254
142884 0.582143518981877 11727211.332667634 20144880 0.012183970762254323
144400 0.5879346550958992 11977383.040031418 20371963 0.012056055944556419
145924 0.5934511198317038 12231536.167341113 20610857 0.011930144995983846
147456 0.5985386280687911 12489712.734375 20867012 0.011806196278170753
148996 0.6043043846005162 12751954.981487632 21101874 0.011684169228663499
150544 0.6101205922825266 13018305.369609818 21337266 0.011564024327731074
152100 0.6155198286398537 13288806.580248639 21589567 0.011445723066363883
153664 0.621306545908744 13563501.515487432 21830611 0.011329227915412502
155236 0.6268079334857154 13842433.297985807 22084011 0.011214502295820213
156816 0.632207604851804 14125645.270979628 22343365 0.011101510549905283
158404 0.6387039165392915 14413180.998281032 22566295 0.010990217913650834
160000 0.6442363700114315 14705084.264278412 22825604 0.010880590489962167
161604 0.6497053546552128 15001399.073936433 23089542 0.010772595222853065
163216 0.6544764957263618 15302169.652796015 23380778 0.010666199872524425
164836 0.6617248270340035 15607440.446974352 23585998 0.01056137299130012
166464 0.6674459402716106 15917256.123164892 23848008 0.01045808390038655
168100 0.6734013000184143 16231661.568637356 24103995 0.010356302667423834
169744 0.6787054986443984 16550701.89123772 24385690 0.01025600008479797
171396 0.6852023635027426 16874422.419388235 24626918 0.010157147648684606
173056 0.6911501968098613 17202868.702087402 24890203 0.010059717538796382
174724 0.697134499897911 17536086.50891 25154524 0.009963682598806957
176400 0.7045816506968255 17874121.83000706 25368418 0.009869016317426002
178084 0.7089363618598936 18217020.87610589 25696271 0.009775692810100552
179776 0.7147118644799214 18564830.078510046 25975265 0.009683686801319124
181476 0.7206795793568612 18917596.089099362 26249663 0.009592973607496015
183184 0.7264872402364578 19275365.780329928 26532284 0.009503529120414156
184900 0.7332768406065171 19638186.245234102 26781408 0.00941532979120577
186624 0.7404394320838025 20006104.7974205 27019232 0.009328352614850967
188356 0.7465600958520416 20379168.971074015 27297426 0.009242575115175235
190096 0.7530383393720197 20757426.520955786 27564900 0.009157975330327554
191844 0.7557788966026484 21140925.42240323 27972368 0.0090745317987216
193600 0.7667214764541807 21529713.871330023 28080228 0.008992223545423278
195364 0.7737833993602053 21923840.284226105 28333304 0.008911030068968422
197136 0.7777964287837362 22323353.298157677 28700766 0.008830931328595217
198916 0.7854012193726692 22728301.770767212 28938460 0.008751907731876504
200704 0.7914737126321096 23138734.780273438 29235001 0.008673940122737697
202500 0.7974877421473752 23554701.625471354 29536130 0.008597009769846651
204304 0.8038866123315372 23976251.825732216 29825415 0.008521098355362336
206116 0.8099413044812076 24403435.121003553 30129881 0.008446187964029706
207936 0.8163359834505353 24836301.47180915 30424117 0.008372261072608623
209764 0.8224766872666527 25274901.05924906 30730234 0.008299300539625229
211600 0.828538771136488 25719284.284999594 31041739 0.00822728959543453
213444 0.8349917857296051 26169501.77131334 31341029 0.008156211832583473
215296 0.8424762005011499 26625604.361019135 31603984 0.008086051196464154
217156 0.8486728805596581 27087643.11752209 31917649 0.008016791976247245
219024 0.8542954664133339 27555669.324803576 32255432 0.007948418796086031
220900 0.8601353173961984 28029734.48742123 32587587 0.007880916606581922
222784 0.8677127509284105 28509890.330508947 32856369 0.007814270676502562
224676 0.8732944027685775 28996188.799776897 33203223 0.007748466584744017
226576 0.8803638110509584 29488682.0615115 33496018 0.007683490212528894
228484 0.886814405746917 29987422.502575457 33814767 0.007619327735832473
230400 0.8938168269165668 30492462.730407715 34114890 0.007555965618029283
232324 0.901302565402184 31003855.573023498 34398943 0.007493390602752822
234256 0.9069171237485995 31521654.079014286 34756929 0.007431589706961388
236196 0.9134093085902791 32045911.51754783 35083846 0.007370550214203232
238144 0.9194179942325943 32576681.37836814 35431851 0.007310259668074554
240100 0.9263876482325905 33114017.37179549 35745314 0.007250705865864002
242064 0.9325542433392312 33657973.42872642 36092242 0.007191876852377664
244036 0.9400076610765501 34208603.700633734 36391835 0.007133760913938709
246016 0.9464372343707221 34765962.5595665 36733511 0.00707634657255604
248004 0.9524435171569952 35330104.598150045 37094173 0.007019622580256555
250000 0.9584110140145614 35901084.62958597 37458965 0.006963577913575787
252004 0.9660103131340435 36478957.687652126 37762493 0.006908201768201881
254016 0.9731157840537193 37063779.02670264 38087738 0.006853483553768057
256036 0.9844990264496932 37655604.12166791 38248493 0.006799412888788868
258064 0.9857106421468131 38254488.668054566 38809045 0.006745979595735735
260100 0.9937871586807403 38860488.58194554 39103432 0.006693173696247392
262144 1 39473660 39473660 0.006640985406471049
