4 0.8843773278907303 328.10398864746094 371 0.012191256852710481
16 1.5422044119739644 1312.4159545898438 851 0.012191256852710481
36 1.4876251374444072 2952.9358978271484 1985 0.012191256852710481
64 1.4382640598244862 5249.663818359375 3650 0.012191256852710481
100 1.3952372369767858 8202.599716186523 5879 0.012191256852710481
144 1.3209286056037344 11811.743591308594 8942 0.012191256852710481
196 1.2798197296390372 16077.095443725586 12562 0.012191256852710481
256 1.2667343471941546 20998.6552734375 16577 0.012191256852710481
324 1.243283265365098 26576.423080444336 21376 0.012191256852710481
400 1.2026390610932518 32810.398864746094 27282 0.012191256852710481
484 1.2030115034799786 39700.58262634277 33001 0.012191256852710481
576 1.178228787162952 47246.974365234375 40100 0.012191256852710481
676 1.147549132479737 55449.5740814209 48320 0.012191256852710481
784 1.142407123124109 64308.381774902344 56292 0.012191256852710481
900 1.1325386206074912 73823.39744567871 65184 0.012191256852710481
1024 1.117157730079403 83994.62109375 75186 0.012191256852710481
1156 1.1259921711765095 94822.05271911621 84212 0.012191256852710481
1296 1.1002907626250036 106305.69232177734 96616 0.012191256852710481
1444 1.1159894464760296 118445.5399017334 106135 0.012191256852710481
1600 1.1021759013981471 131241.59545898438 119075 0.012191256852710481
1764 1.1151656557061624 144693.85899353027 129751 0.012191256852710481
1936 1.105557856484065 158802.3305053711 143640 0.012191256852710481
2116 1.1124949363815688 173567.00999450684 156016 0.012191256852710481
2304 1.108550447912023 188987.8974609375 170482 0.012191256852710481
2500 1.1048046080246055 205064.9929046631 185612 0.012191256852710481
2704 1.1012660999373574 221798.2963256836 201403 0.012191256852710481
2916 1.1023698829547923 239187.80772399902 216976 0.012191256852710481
3136 1.1050499488770915 257233.52709960938 232780 0.012191256852710481
3364 1.0923032185058652 275935.45445251465 252618 0.012191256852710481
3600 1.0950467427222677 295293.58978271484 269663 0.012191256852710481
3844 1.095774209780781 315307.93309020996 287749 0.012191256852710481
4096 1.0946420498973708 335978.484375 306930 0.012191256852710481
4356 1.096566546885235 357305.24363708496 325840 0.012191256852710481
4624 1.0958603070597928 379288.21087646484 346110 0.012191256852710481
4900 1.0896859296487151 401927.38609313965 368847 0.012191256852710481
5184 1.0974510387729166 425222.7692871094 387464 0.012191256852710481
5476 1.0910075647631416 449174.360458374 411706 0.012191256852710481
5776 1.0925652026485755 473782.1596069336 433642 0.012191256852710481
6084 1.0976829083767852 499046.1667327881 454636 0.012191256852710481
6400 1.0963683487132772 524966.3818359375 478823 0.012191256852710481
6724 1.0920580080673001 551542.8049163818 505049 0.012191256852710481
7056 1.0913887058237923 578775.4359741211 530311 0.012191256852710481
7396 1.0843650183821245 606664.2750091553 559465 0.012191256852710481
7744 1.0927712009838313 635209.3220214844 581283 0.012191256852710481
8100 1.089805099581912 664410.5770111084 609660 0.012191256852710481
8464 1.0861226156031947 694268.0399780273 639217 0.012191256852710481
8836 1.089525396477054 724781.7109222412 665227 0.012191256852710481
9216 1.094793445654 755951.58984375 690497 0.012191256852710481
9604 1.08502596497814 787777.6767425537 726045 0.012191256852710481
10000 1.0955584797648399 820259.9716186523 748714 0.012191256852710481
10404 1.0887475992677615 853398.4744720459 783835 0.012191256852710481
10816 1.0893384542408453 887193.1853027344 814433 0.012191256852710481
11236 1.0857356804380407 921644.1041107178 848866 0.012191256852710481
11664 1.087492888420584 956751.2308959961 879777 0.012191256852710481
12100 1.0903242864204925 992514.5656585693 910293 0.012191256852710481
12544 1.0910520667677952 1028934.1083984375 943066 0.012191256852710481
12996 1.082305043855895 1066009.8591156006 984944 0.012191256852710481
13456 1.079464657659301 1103741.8178100586 1022490 0.012191256852710481
13924 1.0787899135005408 1142129.9844818115 1058714 0.012191256852710481
14400 1.0855693518801284 1181174.3591308594 1088069 0.012191256852710481
14884 1.0771564231542672 1220874.9417572021 1133424 0.012191256852710481
15376 1.0846935227579004 1261231.7323608398 1162754 0.012191256852710481
15876 1.0794728412252719 1302244.7309417725 1206371 0.012191256852710481
16384 1.0809336015732451 1343913.9375 1243290 0.012191256852710481
16900 1.0773920050763313 1386239.3520355225 1286662 0.012191256852710481
17424 1.0811607363679372 1429220.9745483398 1321932 0.012191256852710481
17956 1.0794080825137098 1472858.8050384521 1364506 0.012191256852710481
18496 1.0788312560084274 1517152.8435058594 1406293 0.012191256852710481
19044 1.0745571630471396 1562103.0899505615 1453718 0.012191256852710481
19600 1.079936847460621 1607709.5443725586 1488707 0.012191256852710481
20164 1.078423158953932 1653972.2067718506 1533695 0.012191256852710481
20736 1.0840792525737775 1700891.0771484375 1568973 0.012191256852710481
21316 1.0747807094503357 1748466.1555023193 1626812 0.012191256852710481
21904 1.0795676446701994 1796697.441833496 1664275 0.012191256852710481
22500 1.0777333406572427 1845584.9361419678 1712469 0.012191256852710481
23104 1.0764467504180444 1895128.6384277344 1760541 0.012191256852710481
23716 1.0722340750198955 1945328.548690796 1814276 0.012191256852710481
24336 1.0806882561985773 1996184.6669311523 1847142 0.012191256852710481
24964 1.071478950354511 2047696.9931488037 1911094 0.012191256852710481
25600 1.081613771856436 2099865.52734375 1941419 0.012191256852710481
26244 1.0703357347751008 2152690.269515991 2011229 0.012191256852710481
26896 1.0734367500772548 2206171.2196655273 2055241 0.012191256852710481
27556 1.0715856060138844 2260308.3777923584 2109312 0.012191256852710481
28224 1.0764495483046477 2315101.7438964844 2150683 0.012191256852710481
28900 1.0683626026551898 2370551.3179779053 2218864 0.012191256852710481
29584 1.076928549223575 2426657.100036621 2253313 0.012191256852710481
30276 1.0643791833790424 2483419.090072632 2333209 0.012191256852710481
30976 1.078723080329869 2540837.2880859375 2355412 0.012191256852710481
31684 1.062658369312515 2598911.694076538 2445670 0.012191256852710481
32400 1.0734370595839502 2657642.3080444336 2475825 0.012191256852710481
33124 1.0612731743288013 2717029.129989624 2560160 0.012191256852710481
33856 1.0741313801870298 2777072.1599121094 2585412 0.012191256852710481
34596 1.0626052993796062 2837771.3978118896 2670579 0.012191256852710481
35344 1.067372145968063 2899126.843688965 2716135 0.012191256852710481
36100 1.0638703732401995 2961138.497543335 2783364 0.012191256852710481
36864 1.0687883424537261 3023806.359375 2829191 0.012191256852710481
37636 1.0584743558593217 3087130.42918396 2916585 0.012191256852710481
38416 1.0661903683421998 3151110.706970215 2955486 0.012191256852710481
39204 1.0591780556144357 3215747.1927337646 3036078 0.012191256852710481
40000 1.0621548520963657 3281039.8864746094 3089041 0.012191256852710481
40804 1.058018217507636 3346988.788192749 3163451 0.012191256852710481
41616 1.0552315596558632 3413593.8978881836 3234924 0.012191256852710481
42436 1.053595848992917 3480855.215560913 3303786 0.012191256852710481
43264 1.0552059838711554 3548772.7412109375 3363109 0.012191256852710481
44100 1.050995713567981 3617346.474838257 3441828 0.012191256852710481
44944 1.0532527784106287 3686576.416442871 3500182 0.012191256852710481
45796 1.05255472723382 3756462.5660247803 3568900 0.012191256852710481
46656 1.054399715773652 3827004.9235839844 3629558 0.012191256852710481
47524 1.0532809933289786 3898203.4891204834 3701010 0.012191256852710481
48400 1.0491885854804677 3970058.2626342773 3783932 0.012191256852710481
49284 1.054018327252775 4042569.244125366 3835388 0.012191256852710481
50176 1.0491921731761662 4115736.43359375 3922767 0.012191256852710481
51076 1.0502629520652316 4189559.8310394287 3989058 0.012191256852710481
51984 1.0459873085583495 4264039.436462402 4076569 0.012191256852710481
52900 1.0465075937743322 4339175.249862671 4146339 0.012191256852710481
53824 1.0416105308525991 4414967.271240234 4238597 0.012191256852710481
54756 1.0430740924213993 4491415.500595093 4305941 0.012191256852710481
55696 1.0417248932347227 4568519.937927246 4385534 0.012191256852710481
56644 1.0444964550269131 4646280.583236694 4448345 0.012191256852710481
57600 1.0465702497450275 4724697.4365234375 4514458 0.012191256852710481
58564 1.0419680032404661 4803770.497787476 4610286 0.012191256852710481
59536 1.0402276992251402 4883499.767028809 4694645 0.012191256852710481
60516 1.0404980345048018 4963885.2442474365 4770682 0.012191256852710481
61504 1.0441345033280038 5044926.929443359 4831683 0.012191256852710481
62500 1.0391531837703847 5126624.822616577 4933464 0.012191256852710481
63504 1.0412056294026726 5208978.92376709 5002834 0.012191256852710481
64516 1.041667417847448 5291989.232894897 5080306 0.012191256852710481
65536 1.0461679892184863 5375655.75 5138425 0.012191256852710481
66564 1.0418480081032429 5459978.475082397 5240667 0.012191256852710481
67600 1.0390723061477367 5544957.40814209 5336450 0.012191256852710481
68644 1.035859893845483 5630592.549179077 5435670 0.012191256852710481
69696 1.0429002260046185 5716883.898193359 5481717 0.012191256852710481
70756 1.0371880335306924 5803831.4551849365 5595737 0.012191256852710481
71824 1.0338704383075905 5891435.220153809 5698427 0.012191256852710481
72900 1.0375494389052593 5979695.193099976 5763287 0.012191256852710481
73984 1.0340121959612563 6068611.3740234375 5868994 0.012191256852710481
75076 1.0346051074709255 6158183.762924194 5952207 0.012191256852710481
76176 1.0336835449369965 6248412.359802246 6044802 0.012191256852710481
77284 1.0342721668621928 6339297.164657593 6129235 0.012191256852710481
78400 1.0341114494166288 6430838.177490234 6218709 0.012191256852710481
79524 1.0347431649580998 6523035.398300171 6304014 0.012191256852710481
80656 1.0296311578669908 6615888.827087402 6425494 0.012191256852710481
81796 1.038284640822966 6709398.463851929 6462003 0.012191256852710481
82944 1.036766943454296 6803564.30859375 6562289 0.012191256852710481
84100 1.0362091651326983 6898386.361312866 6657330 0.012191256852710481
85264 1.0301706534152906 6993864.622009277 6789035 0.012191256852710481
86436 1.0310017602187678 7089999.090682983 6876806 0.012191256852710481
87616 1.0280693556324219 7186789.767333984 6990569 0.012191256852710481
88804 1.030630645375716 7284236.65196228 7067747 0.012191256852710481
90000 1.031958595030789 7382339.744567871 7153717 0.012191256852710481
91204 1.0313634628029247 7481099.045150757 7253601 0.012191256852710481
92416 1.030455583203156 7580514.5537109375 7356469 0.012191256852710481
93636 1.0324866025930928 7680586.270248413 7438921 0.012191256852710481
94864 1.0289323396552421 7781314.194763184 7562513 0.012191256852710481
96100 1.0307868746315183 7882698.327255249 7647263 0.012191256852710481
97344 1.02810437071639 7984738.667724609 7766467 0.012191256852710481
98596 1.028140604254199 8087435.216171265 7866079 0.012191256852710481
99856 1.0299394296187383 8190787.972595215 7952689 0.012191256852710481
101124 1.0278770216334636 8294796.93699646 8069834 0.012191256852710481
102400 1.025337480849986 8399462.109375 8191900 0.012191256852710481
103684 1.024602345348673 8504783.489730835 8300570 0.012191256852710481
104976 1.025459281558842 8610761.078063965 8396980 0.012191256852710481
106276 1.0231548424738486 8717394.87437439 8520113 0.012191256852710481
107584 1.0230125030691017 8824684.87866211 8626175 0.012191256852710481
108900 1.0243312033512855 8932631.090927124 8720452 0.012191256852710481
110224 1.0230051418421984 9041233.511169434 8837916 0.012191256852710481
111556 1.024208426217591 9150492.139389038 8934209 0.012191256852710481
112896 1.0260706871342082 9260406.975585938 9025116 0.012191256852710481
114244 1.0241814965959772 9370978.019760132 9149724 0.012191256852710481
115600 1.0239818741110136 9482205.271911621 9260130 0.012191256852710481
116964 1.0225509876724173 9594088.732040405 9382504 0.012191256852710481
118336 1.020228177469372 9706628.400146484 9514174 0.012191256852710481
119716 1.0198903230856262 9819824.276229858 9628314 0.012191256852710481
121104 1.0205435892118153 9933676.360290527 9733711 0.012191256852710481
122500 1.020300194290962 10048184.652328491 9848263 0.012191256852710481
123904 1.0222130491522199 10163349.15234375 9942496 0.012191256852710481
125316 1.02199564546338 10279169.860336304 10057939 0.012191256852710481
126736 1.0198176426702974 10395646.776306152 10193633 0.012191256852710481
128164 1.0166212692930041 10512779.900253296 10340901 0.012191256852710481
129600 1.0203491876207205 10630569.232177734 10418560 0.012191256852710481
131044 1.0194400638616314 10749014.772079468 10544038 0.012191256852710481
132496 1.019917123702993 10868116.519958496 10655882 0.012191256852710481
133956 1.0193082146452015 10987874.47581482 10779737 0.012191256852710481
135424 1.0212898312358212 11108288.639648438 10876725 0.012191256852710481
136900 1.0151178030059462 11229359.01145935 11062124 0.012191256852710481
138384 1.0178817629754562 11351085.591247559 11151674 0.012191256852710481
139876 1.0121709071640885 11473468.379013062 11335505 0.012191256852710481
141376 1.0181582076946476 11596507.37475586 11389691 0.012191256852710481
142884 1.014677557449795 11720202.578475952 11550667 0.012191256852710481
144400 1.0192957489914307 11844553.99017334 11620331 0.012191256852710481
145924 1.0151295987053377 11969561.609848022 11791166 0.012191256852710481
147456 1.0222314450702614 12095225.4375 11832179 0.012191256852710481
148996 1.0157891582399607 12221545.473129272 12031577 0.012191256852710481
150544 1.0185814564914535 12348521.71673584 12123254 0.012191256852710481
152100 1.0138081439999083 12476154.168319702 12306228 0.012191256852710481
153664 1.0163296298123468 12604442.82788086 12401924 0.012191256852710481
155236 1.0120666733499326 12733387.695419312 12581570 0.012191256852710481
156816 1.0168446129904094 12862988.770935059 12649906 0.012191256852710481
158404 1.0115458736613874 12993246.0544281 12844940 0.012191256852710481
160000 1.0164432358823983 13124159.545898438 12911847 0.012191256852710481
161604 1.0117857777190442 13255729.24534607 13101320 0.012191256852710481
163216 1.016390617864089 13387955.152770996 13172057 0.012191256852710481
164836 1.0117090035308267 13520837.268173218 13364354 0.012191256852710481
166464 1.0136264641691144 13654375.591552734 13470816 0.012191256852710481
168100 1.011125967968222 13788570.122909546 13636847 0.012191256852710481
169744 1.011021703179423 13923420.862243652 13771634 0.012191256852710481
171396 1.009981969768421 14058927.809555054 13919979 0.012191256852710481
173056 1.012173236802579 14195090.96484375 14024369 0.012191256852710481
174724 1.006677839660176 14331910.328109741 14236839 0.012191256852710481
176400 1.0105369817305756 14469385.899353027 14318512 0.012191256852710481
178084 1.0063454406198769 14607517.678573608 14515411 0.012191256852710481
179776 1.0099206356746409 14746305.665771484 14601450 0.012191256852710481
181476 1.007281010204028 14885749.860946655 14778150 0.012191256852710481
183184 1.0084828754934152 15025850.264099121 14899460 0.012191256852710481
184900 1.007324353448233 15166606.875228882 15056329 0.012191256852710481
186624 1.0088150402040046 15308019.694335938 15174258 0.012191256852710481
188356 1.0066138857464155 15450088.721420288 15348575 0.012191256852710481
190096 1.0079288780454811 15592813.956481934 15470153 0.012191256852710481
191844 1.0050953793728625 15736195.399520874 15656420 0.012191256852710481
193600 1.0062749351514817 15880233.05053711 15781207 0.012191256852710481
195364 1.0067594172975967 16024926.90953064 15917335 0.012191256852710481
197136 1.0095277923485888 16170276.976501465 16017664 0.012191256852710481
198916 1.0073058192724698 16316283.251449585 16197944 0.012191256852710481
200704 1.008719619405457 16462945.734375 16320636 0.012191256852710481
202500 1.004769611101536 16610264.42527771 16531416 0.012191256852710481
204304 1.0056081942970574 16758239.324157715 16664780 0.012191256852710481
206116 1.0022903063915343 16906870.431015015 16868237 0.012191256852710481
207936 1.0037508335097616 17056157.74584961 16992422 0.012191256852710481
209764 1.0015227799783641 17206101.2686615 17179940 0.012191256852710481
211600 1.0004663773899283 17356700.999450684 17348610 0.012191256852710481
213444 0.9997931048036307 17507956.938217163 17511580 0.012191256852710481
215296 1.0027352324401753 17659869.084960938 17611697 0.012191256852710481
217156 1.0014406988549722 17812437.439682007 17786812 0.012191256852710481
219024 1.0005480675253096 17965662.00238037 17955821 0.012191256852710481
220900 1.0002794876284624 18119542.77305603 18114480 0.012191256852710481
222784 1.0007674535080533 18274079.751708984 18260066 0.012191256852710481
224676 0.9981915899522411 18429272.938339233 18462661 0.012191256852710481
226576 0.9971381937493972 18585122.332946777 18638462 0.012191256852710481
228484 1.0000275296114562 18741627.935531616 18741112 0.012191256852710481
230400 1.0016494218810892 18898789.74609375 18867669 0.012191256852710481
232324 0.9996967727565497 19056607.76463318 19062388 0.012191256852710481
234256 0.9984384619587425 19215081.991149902 19245134 0.012191256852710481
236196 0.9965621926454846 19374212.42564392 19441047 0.012191256852710481
238144 0.9973675025299373 19533999.068115234 19585558 0.012191256852710481
240100 0.9952860621923012 19694441.918563843 19787720 0.012191256852710481
242064 0.9958167795691221 19855540.976989746 19938950 0.012191256852710481
244036 0.9972660778012935 20017296.243392944 20072172 0.012191256852710481
246016 0.9987003205722743 20179707.717773438 20205969 0.012191256852710481
248004 0.996257657814711 20342775.400131226 20419191 0.012191256852710481
250000 0.9952524657799323 20506499.29046631 20604319 0.012191256852710481
252004 0.9959039777795518 20670879.388778687 20755896 0.012191256852710481
254016 0.9958565249164139 20835915.69506836 20922608 0.012191256852710481
256036 0.9954148168062886 21001608.209335327 21098348 0.012191256852710481
258064 0.9946035286779856 21167956.93157959 21282809 0.012191256852710481
260100 0.9978235790413154 21334961.861801147 21381497 0.012191256852710481
262144 1 21502623 21502623 0.012191256852710481
