4 0.09826414754341448 36.45599873860677 371 0.10972131167439432
16 0.3427120915497699 291.6479899088542 851 0.05486065583719716
36 0.42727279949154984 848.1365069907264 1985 0.04244599743469553
64 0.47942135327482877 1749.887939453125 3650 0.03657377055813144
100 0.5149864196162446 3027.605160923902 5879 0.03302940597758925
144 0.5261643908021415 4704.96198255275 8942 0.030605985879161253
196 0.541414216331958 6801.245385562056 12562 0.02881825149495066
256 0.5629930431974021 9332.735677083334 16577 0.02743032791859858
324 0.5760442191245289 12313.521228005928 21376 0.026312538387727222
400 0.5775243940164315 15756.020517556284 27282 0.025387121040766385
484 0.5960830595781123 19671.33704913728 33001 0.024604326528034688
576 0.6002372007124781 24069.511748570374 40100 0.023930688998467613
676 0.5993317245362345 28959.70892959085 48320 0.023342776049425945
784 0.6102173895938169 34350.35729501514 56292 0.022823634504488037
900 0.6174714562913715 40249.25940689676 65184 0.022360659879515295
1024 0.6206431833774462 46663.67838541667 75186 0.021944262334878863
1156 0.6364937033776982 53600.40774884272 84212 0.0215670001134452
1296 0.632046746950115 61065.828503332305 96616 0.021222998717347764
1444 0.6507368578749148 69065.95641055408 106135 0.02090755091287406
1600 0.6517445439065114 77606.48156566784 119075 0.020616834673095403
1764 0.6681474660609823 86692.80186887851 129751 0.02034771009786974
1936 0.6706352797691089 96330.0515860348 143640 0.020097570468660134
2116 0.6827705229892557 106523.12591469171 156016 0.01986423118764449
2304 0.6879125201940322 117276.70226771898 170482 0.019645845725951894
2500 0.6928175917212566 128595.25883456587 185612 0.019440841152753373
2704 0.69752233514725 140483.0908656616 201403 0.019247868076776073
2916 0.7048905180197712 152944.32503785787 216976 0.019065761343405263
3136 0.7130463621923202 165982.9321911283 232780 0.018893508860229773
3364 0.7109657216582264 179602.73867385782 252618 0.018730226637071034
3600 0.7187023673708781 193807.4364923331 269663 0.018575138628090845
3844 0.7249394174326467 208600.59242682665 287749 0.018427560321279558
4096 0.7297613665982472 223985.65625 306930 0.01828688527906572
4356 0.7364533763864799 239965.9681617706 325840 0.01815257402276079
4624 0.7412232109364083 256544.7655372003 346110 0.01802414479327779
4900 0.7421103847110843 273725.1890695293 368847 0.017901165824952065
5184 0.7523545113315394 291510.2883785636 387464 0.017783248848040344
5476 0.7527289549939038 309903.02714472014 411706 0.01767004359542054
5776 0.7584742433176779 328906.28782076447 433642 0.01756123313503692
6084 0.7665976208798457 348522.87596632954 454636 0.017456529885251405
6400 0.7701290962306367 368755.5242444422 478823 0.017355672198032055
6724 0.7714239531497217 389606.8961143138 505049 0.017258421416717233
7056 0.7751670043623766 411079.5892504163 530311 0.017164559332333365
7396 0.7742685220956599 433176.1387142484 559465 0.017073885976159206
7744 0.7842978719523571 455899.019902082 581283 0.016986217697206842
8100 0.7860949566796338 479250.65128930553 609660 0.01690138548212496
8464 0.7872653527513486 503233.39698965877 639217 0.016819233482180698
8836 0.793487890818684 527849.5691456407 665227 0.016739617717793438
9216 0.8010193095185438 553101.430164626 690497 0.01666240493584863
9604 0.7974591035179452 578991.1948136865 726045 0.016587471598925558
10000 0.8087481096717578 605521.0321847805 748714 0.016514702988794625
10404 0.8071763413738708 632693.0675407881 783835 0.016443992409209195
10816 0.8110051828104202 660509.384051839 814433 0.016375240475237706
11236 0.8116381436297985 688972.0244304525 848866 0.016308354478236448
11664 0.8162102356315394 718082.9924732088 879777 0.016243247817117987
12100 0.8215423545121612 747844.2545159387 910293 0.01617983948787844
12544 0.8252420729925413 778257.7408087839 943066 0.016118053624450915
12996 0.8216968140492309 809325.3468169057 984944 0.01605781908488787
13456 0.822549789682153 841048.9344521046 1022490 0.015999069077670035
13924 0.8249917666529067 873430.3332401655 1058714 0.015941740823616834
14400 0.8331009719312993 906471.3414283169 1088069 0.01588577524945254
14884 0.8294986933723298 940173.7270368396 1133424 0.01583111670957892
15376 0.8381301882070592 974539.228858511 1162754 0.01577771273303188
15876 0.8368649092271669 1009569.5574092866 1206371 0.015725513792967667
16384 0.8407261345569684 1045266.3958333333 1243290 0.015674473096342047
16900 0.840649215384691 1081631.4007652972 1286662 0.01562454639172141
17424 0.8462358148168391 1118666.2031524538 1321932 0.015575691793403923
17956 0.8474659759936529 1156372.4090391954 1364506 0.015527869620237004
18496 0.8495751598821291 1194751.600316119 1406293 0.015481042247699145
19044 0.8487239859696398 1233805.3354358128 1453718 0.015435173971972777
19600 0.8554639362193434 1273535.15009729 1488707 0.015390230884874033
20164 0.8567169860375571 1313942.5579008712 1533695 0.015346180758627388
20736 0.8636407707304026 1355029.0509751919 1568973 0.015302992939580628
21316 0.8586094155796122 1396796.1005779002 1626812 0.01526063825005015
21904 0.8647880654768542 1439245.1576714914 1664275 0.015219088897570293
22500 0.8656376573681822 1482377.6534756336 1712469 0.015178318390894336
23104 0.8668897799013205 1526194.9999972507 1760541 0.015138301462160221
23716 0.8657440160921138 1570698.590539536 1814276 0.015099013994692349
24336 0.8748054021786098 1615889.8001910017 1847142 0.015060432955962363
24964 0.8695385921862542 1661769.9862955972 1911094 0.01502253633527798
25600 0.8799442515525253 1708340.4889048522 1941419 0.014985303085809974
26244 0.8729004162196156 1755602.6312129612 2011229 0.01494871307060402
26896 0.8775407458179586 1803557.719975647 2055241 0.014912747012257067
27556 0.8781095664906876 1852207.0459136053 2109312 0.01487738644596719
28224 0.8841618611860859 1901551.8841012747 2150683 0.01484261367569228
28900 0.879546242735761 1951593.4943416417 2218864 0.014808411733176659
29584 0.8886173920479441 2002333.121527729 2253313 0.014774764339626047
30276 0.8802349022275361 2053771.9959914072 2333209 0.014741655869830388
30976 0.8940734503518273 2105911.333840098 2355412 0.014709071318551536
31684 0.8826834107962005 2158752.3372819438 2445670 0.014676996269008284
32400 0.8935591953954488 2212296.194939937 2475825 0.014645416863305526
33124 0.8853134500013813 2266544.0821555364 2560160 0.014614319774666946
33856 0.8979215541980167 2321497.1612822027 2585412 0.014583692181342471
34596 0.8901277895053165 2377156.5819693184 2670579 0.014553521742071985
35344 0.8959508571690629 2433523.4814368924 2716135 0.014523796572996643
36100 0.8948161234899404 2490598.9847414545 2783364 0.014494505225917567
36864 0.900746610968826 2548384.205033504 2829191 0.014465636667809806
37636 0.8938125389134454 2606880.243806871 2916585 0.014437180261506572
38416 0.9020811437240187 2666088.1911403253 2955486 0.014409125747475333
39204 0.8978719011605604 2726009.125931752 3036078 0.01438146322661339
40000 0.9021065489662289 2786644.116125189 3089041 0.014354183143996066
40804 0.9002808069197296 2847994.2189310254 3163451 0.014327276273515575
41616 0.8995761511057502 2910060.4810396177 3234924 0.014300733703353377
42436 0.8998294498580119 2972843.938828602 3303786 0.014274546822232847
43264 0.9028388965579549 3036345.618564127 3363109 0.014248707306403194
44100 0.9008487747197895 3100566.5365962638 3441828 0.014223207107308861
44944 0.904383743345002 3165507.699548796 3500182 0.01419803843990214
45796 0.9053686302512314 3231170.1045036195 3568900 0.014173193771559513
46656 0.9085279086819785 3297554.7391799446 3629558 0.014148665811565176
47524 0.9091201002181825 3364662.5821084953 3701010 0.014124447501127638
48400 0.9071237545497373 3432494.6028008964 3783932 0.014100532003897652
49284 0.912828574818092 3501051.761914412 3835388 0.014076912696957954
50176 0.9101572974923615 3570335.0114122187 3922767 0.014053583162257166
51076 0.9125826936382885 3640345.2947193636 3989058 0.01403053717846221
51984 0.9103448382388611 3711083.5468745558 4076569 0.014007768713205204
52900 0.9122627683549179 3782550.694677962 4146339 0.01398527191570232
53824 0.909439528418274 3854747.656835111 4238597 0.013963041109723762
54756 0.9121526152116514 3927675.344097073 4305941 0.013941070786895134
55696 0.9123939432226549 4001334.6593970223 4385534 0.013919355600311887
56644 0.9162343518731835 4075726.4979833164 4448345 0.013897890358449627
57600 0.9194573850391796 4150851.7475492046 4514458 0.01387667001935419
58564 0.916800235030816 4226711.288359281 4610286 0.013855689685096352
59536 0.9166414059791063 4303305.993372781 4694645 0.013834944596477034
60516 0.9182411924257065 4380636.728363854 4770682 0.013814430127969644
61504 0.9228056459910268 4458704.352038862 4831683 0.01379414178288714
62500 0.9197411222927447 4537509.716150854 4933464 0.013774075188762004
63504 0.9228876404076706 4617053.665611268 5002834 0.013754226092928135
64516 0.9246169499630458 4697337.038598961 5080306 0.013734590358294302
65536 0.9299271015275433 4778360.666666667 5138425 0.01371516395929929
66564 0.9273867953916807 4860125.374844933 5240667 0.013695942978039695
67600 0.9262022471387613 4942631.981743643 5336450 0.013676923600561563
68644 0.9246111886209385 5025881.299651177 5435670 0.013658102113307822
69696 0.932166716127684 5109874.134631299 5481717 0.013639474899713726
70756 0.9283158387568674 5194611.286617837 5595737 0.013621038436943098
71824 0.9265879074185219 5280093.549507205 5698427 0.013602789292758532
72900 0.9311217212068152 5366321.711248863 5763287 0.013584724122519026
73984 0.9291705791373694 5453296.553933746 5868994 0.013566839666299001
75076 0.9309183726104866 5541018.853880746 5952207 0.0135491327461229
76176 0.9312942560767546 5629489.381721279 6044802 0.01353160026330991
77284 0.933021641768022 5718708.9024820225 6129235 0.013514239195923637
78400 0.9340649603745493 5808678.175665854 6218709 0.013497046596321881
79524 0.9358161253022345 5899397.955331041 6304014 0.013480019588801849
80656 0.93235928477542 5990868.990168752 6425494 0.01346315536733646
81796 0.9413632311187294 6083092.023578923 6462003 0.013446451193397562
82944 0.9411453524440204 6176067.793744518 6562289 0.013429904393862145
84100 0.9417885298917495 6269797.033704241 6657330 0.013413512358997867
85264 0.9374352130197802 6364280.471423743 6789035 0.013397272540524243
86436 0.9393196245270492 6459518.829865359 6876806 0.013381182449746285
87616 0.937765270188508 6555512.827056408 6990569 0.013365239655757307
88804 0.9412141062995207 6652263.1761561185 7067747 0.013349441783707913
90000 0.9435333527341362 6749770.585521187 7153717 0.0133337865131383
91204 0.9440877377691488 6848035.758770036 7253601 0.01331827157637112
92416 0.9443469951203185 6947059.394845774 7356469 0.013302894756962367
93636 0.9472935911105828 7046842.188077928 7438921 0.013287653888207738
94864 0.9451071129719634 7147384.828242942 7562513 0.01327254685170221
96100 0.947880045530474 7248688.000623509 7647263 0.013257571575950542
97344 0.9464731371506171 7350752.386066741 7766467 0.013242726035026608
98596 0.947559598758317 7453578.661041223 7866079 0.013228008247279528
99856 0.9502656897173984 7557167.497692968 7952689 0.013213416274084672
101124 0.9494023748072521 7661519.563900307 8069834 0.013198948218637721
102400 0.9480871987362812 7766635.523327742 8191900 0.013184602224790001
103684 0.9484307746912314 7872516.035478794 8300570 0.013170376475923444
104976 0.9502418435851748 7979161.755747842 8396980 0.01315626919386361
106276 0.9491157377221425 8086573.335471017 8520113 0.013142278637829203
107584 0.9499866884193929 8194751.4219761565 8626175 0.013128403103416677
108900 0.9522094334825564 8303696.658631826 8720452 0.01311464092161853
110224 0.9519676001554517 8413409.684895469 8837916 0.013100990457873971
111556 0.9540733976965013 8523891.136360662 8934209 0.013087450111150723
112896 0.9567901005154434 8635141.644803537 9025116 0.0130740183130567
114244 0.9560028081970954 8747161.83822836 9149724 0.0130606935269805
115600 0.9567848767687174 8859952.340912303 9260130 0.013047474247259523
116964 0.9564092670197019 8973513.77344942 9382504 0.013034358998374726
118336 0.9551903037293473 9087846.75279386 9514174 0.013021346334170984
119716 0.9558217453546181 9202951.892302305 9628314 0.0130084348371021
121104 0.9573768731962238 9318829.801775688 9733711 0.012995623117499562
122500 0.9580858154884957 9435481.08750018 9848263 0.012982909812864131
123904 0.9608157098868813 9552906.352287477 9942496 0.01297029358717944
125316 0.9615395555207081 9671106.195514396 10057939 0.01295777313024682
126736 0.9604113874966651 9790081.213161793 10193633 0.012945347157040538
128164 0.9583141737700448 9909831.99785283 10340901 0.012933014407082721
129600 0.9627394898038317 10030359.13889061 10418560 0.012920773643837263
131044 0.962787048215792 10151663.222295143 10544038 0.012908623654122054
132496 0.9641383820541326 10273744.830839755 10655882 0.012896563247538828
133956 0.9644580887350819 10396604.544086846 10779737 0.012884591255920048
135424 0.9672252390699482 10520242.938423082 10876725 0.012872706532792218
136900 0.9622619116449977 10644660.587094009 11062124 0.012860907952855046
138384 0.9657615583308938 10769858.060238112 11151674 0.012849194411475879
139876 0.9612131021000213 10895835.924920302 11335505 0.012837564824198941
141376 0.9677694280876352 11022594.745164886 11389691 0.012826018126268796
142884 0.96532391436685 11150135.081988001 11550667 0.012814553272167592
144400 0.9705797101157896 11278457.493429523 11620331 0.012803169235165618
145924 0.9674668760141696 11407562.534584492 11791166 0.012791865006884673
147456 0.9750909581095769 11537450.757634016 11832179 0.012780639596873894
148996 0.9697916334555079 11668122.71187572 12031577 0.012769492032197526
150544 0.9733013053882801 11799578.943753688 12123254 0.012758421357034361
152100 0.9695757300196267 11931819.99688797 12306228 0.012747426632288315
153664 0.97282054075671 12064846.41210362 12401924 0.012736506935209897
155236 0.9695657002631055 12198658.72745928 12581570 0.012725661359028145
156816 0.9749683103001198 12333257.478275348 12649906 0.012714889012592703
158404 0.9707046663636971 12468643.197161708 12844940 0.012704189020025708
160000 0.9762210173374133 12604816.414045028 12911847 0.012693560520383191
161604 0.9725567848274584 12741777.656195678 13101320 0.012683002667325638
163216 0.977791657616894 12879527.448254213 13172057 0.012672514628797465
164836 0.9740887073372552 13018066.312257476 13364354 0.012662095586715107
166464 0.9767333150170211 13157394.767664328 13470816 0.01265174473666342
168100 0.9751164130081517 13297513.331380975 13636847 0.012641461287600188
169744 0.9758045064068595 13438422.517785924 13771634 0.012631244461568436
171396 0.9755850090545828 13580122.838754602 13919979 0.012621093493416315
173056 0.9784835812351765 13722614.803683592 14024369 0.012611007630524336
174724 0.973945053358721 13865898.91951452 14236839 0.012600986132539724
176400 0.9784519292757246 14009975.690757614 14318512 0.01259102827111764
178084 0.9751598228610204 14154845.619514907 14515411 0.012581133329669125
179776 0.9793896637322409 14300509.205503128 14601450 0.012571300603115483
181476 0.9775896811222138 14446966.946076244 14778150 0.01256152939764899
183184 0.9795133069418431 14594219.336247714 14899460 0.012551819030499648
184900 0.9791408562281289 14742266.868712407 15056329 0.012542168829707885
186624 0.981340243052953 14891110.033868216 15174258 0.012532578133902976
188356 0.9799443479174703 15040749.319837388 15348575 0.012523046292087022
190096 0.9819673543298203 15191185.212487532 15470153 0.012513572663424337
191844 0.9799442142873254 15342418.195452366 15656420 0.01250415661703605
193600 0.98182913069654 15494448.750152152 15781207 0.012494797531799825
195364 0.983033739995664 15647277.355813883 15917335 0.012485494796154475
197136 0.9864674705057581 15800904.489491144 16017664 0.01247624780790942
198916 0.9850219648915801 15955330.62608378 16197944 0.012467055974058729
200704 0.9871279672163028 16110556.23835721 16320636 0.012457918710599761
202500 0.9839799444259084 16266581.796961574 16531416 0.012448835442356112
204304 0.9855160266412478 16423407.770450534 16664780 0.012439805602804895
206116 0.9829737764118384 16581034.625299899 16868237 0.012430828633908122
207936 0.9851134126686566 16739462.82592596 16992422 0.012421903985948116
209764 0.9836293278500157 16898692.8347036 17179940 0.01241303111736685
211600 0.9832905986118858 17058725.11198415 17348610 0.012404209494609074
213444 0.9833241841177692 17219560.116113044 17511580 0.012395438591969126
215296 0.9869121813444336 17381198.303447217 17611697 0.012386717891441369
217156 0.9863285297203493 17543640.128372267 17786812 0.012378046882574087
219024 0.9861362531582067 17706886.043319445 17955821 0.01236942506232679
220900 0.9865553136928225 17870936.49878236 18114480 0.012360851934930835
222784 0.9877177849923175 18035791.94333353 18260066 0.012352327011753228
224676 0.9858520840327782 18201452.823640697 18462661 0.01234384981116358
226576 0.9854847242483263 18367919.58448291 18638462 0.012335419858404098
228484 0.9890124272650663 18535192.66876646 18741112 0.012327036685462513
230400 0.9912868684277093 18703272.51754057 18867669 0.012318699830947926
232324 0.9900207450405953 18872159.570012905 19062388 0.012310408839969401
234256 0.9894373436716465 19041854.26356489 19245134 0.012302163264017344
236196 0.9882367463936905 19212357.033766817 19441047 0.012293962660847495
238144 0.9896919104573286 19383668.314392816 19585558 0.012285806594367519
240100 0.9882790203942433 19555788.537435576 19787720 0.012277694634526111
242064 0.9894562217730093 19728718.133120943 19938950 0.012269626357204546
244036 0.9915447879742302 19902457.52992228 20072172 0.012261601344110641
246016 0.9936176361833832 20077007.15457472 20205969 0.012253619182675
248004 0.991830059873048 20252367.432089202 20419191 0.012245679465949542
250000 0.991468768551212 20428538.78576634 20604319 0.012237781792508253
252004 0.9927551013557856 20605521.637210146 20755896 0.012229925766350059
254016 0.9933425319798352 20783316.406341556 20922608 0.0122221109968038
256036 0.9935338781696005 20961923.511411835 21098348 0.012214337098435266
258064 0.9933530564041522 21141343.369015798 21282809 0.01220660369095617
260100 0.9971975486143402 21321576.39410487 21381497 0.012198910399135132
262144 1 21502623 21502623 0.012191256852710481
