4 0.10280972206867467 32.693491617838546 318 0.1223485104239365
16 0.3109963530828875 261.54793294270837 841 0.06117425521196825
36 0.39573519700717313 760.6030486477867 1922 0.04733086471846441
64 0.44607379126101476 1569.28759765625 3518 0.04078283680797884
100 0.48736954014208556 2715.1357081315587 5571 0.036830571562412165
144 0.5242114415248273 4219.377892833335 8049 0.034128253893680814
196 0.545019264166822 6099.310585290905 11191 0.03213477937534014
256 0.5402836391560691 8369.533854166668 15491 0.030587127605984126
324 0.5631148421527404 11042.68205461524 19610 0.029340698065700953
400 0.5677163403234396 14129.891994310088 24889 0.0283087797246486
484 0.5716315485419579 17641.121219553363 30861 0.027435897864787413
576 0.579131100136888 21585.37436430209 37272 0.026684735241497098
676 0.5920366089032529 25970.869922758997 43867 0.026029162750825008
784 0.6003150481976024 30805.166698259967 51315 0.025450276172155378
900 0.6054728168307476 36095.26197536502 59615 0.02493402044329943
1024 0.6181522241548248 41847.669270833336 67698 0.0244697020847873
1156 0.6265198306325822 48068.4809656236 76723 0.02404902291018347
1296 0.6286985914017478 54763.41950264064 87106 0.02366543235923221
1444 0.6498161880063889 61937.87977601696 95316 0.02331368146959291
1600 0.6477269434924408 69596.96462437577 107448 0.02298950835909894
1764 0.6604105811769398 77745.51484789289 117723 0.022689411774444106
1936 0.66191210700273 86388.1348212473 130513 0.022410485004751346
2116 0.6686209240545848 95529.2145242988 142875 0.022150292039319286
2304 0.6724011190116188 105172.94862908334 156414 0.021906773842821383
2500 0.6836812493800619 115323.35314542885 168680 0.021678176464808196
2704 0.6879913063346504 125984.28002469485 183119 0.021462995220276487
2916 0.706413838077304 137159.43004260358 194163 0.02125993086362528
3136 0.7149935597392022 148852.3642214253 208187 0.021067854826511485
3364 0.7207522889173343 161066.5140043567 223470 0.02088578138537851
3600 0.7330273816669117 173805.19035751477 237106 0.020712845183707414
3844 0.7410683619354652 187071.59194517916 252435 0.020548282932913053
4096 0.7520725924511489 200868.8125 267087 0.02039141840398942
4356 0.7529498633371805 215199.84749053622 285809 0.02024165003272859
4624 0.7567764223963546 230067.60017271576 304010 0.02009844061714332
4900 0.760351399124242 245474.88709886678 322844 0.019961308702125972
5184 0.7646135849457196 261424.44314728133 341904 0.01982982133418732
5476 0.7711573123887103 277918.9261263921 360392 0.019703587935963822
5776 0.7736862535777282 294960.9210002267 381241 0.019582255101500586
6084 0.782021662147742 312552.9437755745 399673 0.019465502153032208
6400 0.7829623173355038 330697.4450860447 422367 0.019353037330949965
6724 0.7865860716347713 349396.81350373564 444194 0.01924459451296086
7056 0.7948644842439503 368653.3786054387 463794 0.019139930377667515
7396 0.7971530342773184 388469.4138170571 487321 0.019038821943091297
7744 0.8035296573150987 408847.1390571247 508814 0.018941064422901582
8100 0.8090384335300718 429788.72319791414 531234 0.01884646935296629
8464 0.8094056950499791 451296.2863605416 557565 0.018754862948812505
8836 0.8129975733289849 473371.9020586681 582255 0.01866608466107246
9216 0.8160157130158664 496017.59920383344 607853 0.01857998590129214
9604 0.8146542489265689 519235.3639840783 637369 0.018496428914835036
10000 0.8168450322755167 543027.1416263117 664786 0.018415285781206082
10404 0.8165575870486868 567394.8380518246 694862 0.01833643752509733
10816 0.8210084027856871 592340.3214334147 721479 0.018259773323933397
11236 0.821790195239988 617865.4236617706 751853 0.018185189799762552
11664 0.8241385095855471 643971.9417280315 781388 0.018112590385073103
12100 0.827193030594191 670661.6390287911 810768 0.01804188475357326
12544 0.8270454911822057 697936.2465992428 843891 0.017972988308204037
12996 0.8314431216452577 725797.4642796463 872937 0.017905821719697693
13456 0.83273194791039 754246.9618198357 905750 0.0178403105098807
13924 0.8376158170516934 783286.3799260865 935138 0.017776384674675325
14400 0.8378802990024582 812917.331254278 970207 0.01771397834240014
14884 0.8383543977418617 843141.4013529677 1005710 0.017653029463522988
15376 0.8418932765492052 873960.1495596879 1038089 0.017593479528496374
15876 0.8427903418575117 905375.1098535086 1074259 0.01753527331071512
16384 0.847069819258092 937387.7916666667 1106624 0.01747835863199093
16900 0.8464205827370637 969999.6806578405 1146002 0.017422686148245586
17424 0.847258258977686 1003212.2394494497 1184069 0.017368209153391184
17956 0.8521314305339264 1037026.9083311778 1216980 0.017314883399598052
18496 0.8548752775050154 1071445.1059317484 1253335 0.017262666932353513
19044 0.8598696518774989 1106468.2298608392 1286786 0.017211519938891664
19600 0.8626173873711194 1142097.6573228757 1323991 0.01716140460872953
20164 0.8662907525871627 1178334.7457043268 1360207 0.01711228500518107
20736 0.8597334820505168 1215180.8331360004 1413439 0.017064126946840407
21316 0.8608220372629782 1252637.2390317444 1455164 0.017016897898131073
21904 0.8622020529268807 1290705.2646048523 1496987 0.01697056686811135
22500 0.8723510237883713 1329386.1933633843 1523912 0.016925104316808322
23104 0.8699020649798092 1368681.2915855423 1573374 0.016880482068426086
23716 0.8725280347725749 1408591.8087761495 1614380 0.016836673230838657
24336 0.8757725705079412 1449118.9781052277 1654675 0.01679365212083562
24964 0.8708078711932833 1490264.016829595 1711358 0.01675139419463989
25600 0.8755311963401786 1532028.1266983456 1749827 0.016709875983262942
26244 0.8749492169716961 1574412.49434303 1799433 0.01666907503230345
26896 0.8804979006635445 1617418.2916532888 1836936 0.016628969845832217
27556 0.878382444763491 1661046.6761386597 1891029 0.016589539834038776
28224 0.8806773940427184 1705298.7912772237 1936349 0.016550765264344656
28900 0.8841276465479935 1750175.766851727 1979551 0.0165126272157146
29584 0.887411826964139 1795678.7192737623 2023501 0.01647510753592093
30276 0.8848404896897593 1841808.7518965793 2081515 0.01643818880153744
30976 0.8891394909966529 1888566.9553170397 2124039 0.01640185428045889
31684 0.8870697862996841 1935954.4076672252 2182415 0.016366087896759095
32400 0.8892628852575486 1983972.1748961487 2231030 0.016330874197717
33124 0.8910538756413046 2032621.3110420324 2281143 0.01629619832285377
33856 0.8891606002735735 2081902.8584955516 2341425 0.01626204597483737
34596 0.8936101616409167 2131817.84825445 2385624 0.01622840339212259
35344 0.8956072155940316 2182367.300169894 2436746 0.016195257323205182
36100 0.8966405461470743 2233552.2231849236 2491023 0.016162595002378485
36864 0.894941145433466 2285373.615565334 2553658 0.016130404126889746
37636 0.8950138128840291 2337832.465123296 2612063 0.016098672835401447
38416 0.8988102911103261 2390929.749434034 2660105 0.01606738968767008
39204 0.9020033982111074 2444666.4360458306 2710263 0.01603654364536178
40000 0.9078184302765191 2499043.482683632 2752801 0.016006124053930208
40804 0.9057930116060421 2554061.837446522 2819697 0.015976120625487547
41616 0.9078511171058702 2609722.438999291 2874615 0.015946523422604983
42436 0.9071979689168145 2666026.216758351 2938748 0.015917322842983285
43264 0.9130048913360278 2722974.091072201 2982431 0.01588850960493874
44100 0.912490921548237 2780566.9733966696 3047227 0.015860074733653536
44944 0.9116422875742961 2838805.7664651168 3113947 0.015832009548143306
45796 0.911688718098918 2897691.364453803 3178378 0.015804305648897933
46656 0.9173127703199727 2957224.653142595 3223791 0.015776954906154803
47524 0.9128408882107183 3017406.5100711877 3305512 0.01574994944876645
48400 0.9166193368783364 3078237.80469101 3358251 0.015723281653627255
49284 0.918501830150604 3139719.3985129604 3418305 0.015696944135626254
50176 0.9160733216518971 3201852.1452511377 3495192 0.01567092973809521
51076 0.9205780945615571 3264636.8909627046 3546290 0.015645231523723383
51984 0.919412449522959 3328074.4741840144 3619784 0.015619842765912132
52900 0.9234141914812534 3392165.72606315 3673504 0.015594756940544359
53824 0.9203807578489903 3456911.470488978 3755958 0.015569967718145419
54756 0.9195927740876587 3522312.524216863 3830296 0.01554546895641358
55696 0.9223640461574386 3588369.69699113 3890405 0.01552125469309961
56644 0.9225443446335693 3655083.791664416 3961960 0.015497319139216235
57600 0.9233315848686376 3722455.6043139864 4031548 0.015473656672559602
58564 0.9275166306038165 3790485.9243551395 4086704 0.0154502618315258
59536 0.924352757267906 3859175.5346517796 4175003 0.015427129309206724
60516 0.9267566653922172 3928525.2116242703 4239004 0.015404253947750364
61504 0.9285324848441995 3998535.725354637 4306296 0.015381630732971656
62500 0.9270161490971377 4069207.8396892175 4389576 0.015359254789200786
63504 0.9308455089526706 4140542.3123388398 4448152 0.015337121374356619
64516 0.9325051721674028 4212539.894976601 4517444 0.015315225875233726
65536 0.9353100005005548 4285201.333333334 4581584 0.015293563802992063
66564 0.93288520464075 4358527.36729082 4672094 0.01527213078883911
67600 0.9337220713423492 4432518.730972833 4747150 0.01525092257989475
68644 0.9346832213051469 4507176.152834065 4822143 0.015229935035229845
69696 0.9357354227945373 4582500.355747018 4897218 0.015209164122069877
70756 0.9367638683591456 4658492.057086902 4972963 0.015188605912155597
71824 0.9378429094844507 4735151.968814621 5048982 0.015168256578252997
72900 0.9377358081391484 4812480.797557889 5132022 0.015148112390805461
73984 0.940128387939803 4890479.244690536 5201927 0.015128169714721206
75076 0.9396403541311953 4969148.00641006 5288351 0.015108425006289627
76176 0.9404354260681979 5048487.773813473 5368245 0.015088874810220443
77284 0.9420902766333648 5128499.232971496 5443745 0.01506951575679987
78400 0.9427730389419339 5209183.0650011385 5525384 0.015050344559158407
79524 0.9454946587928866 5290539.946136726 5595526 0.015031358010645068
80656 0.9493099941548017 5372570.547799404 5659448 0.015012552982303149
81796 0.9436775820975633 5455275.536665176 5780868 0.014993926420442937
82944 0.9471930669726298 5538655.574731502 5847441 0.014975475344306977
84100 0.9487571148848961 5622711.319382504 5926397 0.01495719684382374
85264 0.9475991051475728 5707443.423452824 6023057 0.014939088077445708
86436 0.9495116005128061 5792852.535290167 6100876 0.014921146270068202
87616 0.9496751458477243 5878939.298816545 6190474 0.014903368711025383
88804 0.9504205657860799 5965704.353588303 6276910 0.014885752752160005
90000 0.9519016548899158 6053148.334854905 6359006 0.01486829580596381
91204 0.9515751464125246 6141271.873616566 6453796 0.014850995343785423
92416 0.952630757563263 6230075.596680711 6539864 0.01483384889410296
93636 0.9564627977753629 6319560.126717334 6607220 0.014816854040858503
94864 0.9611486055196964 6409726.082313256 6668819 0.014800008421851904
96100 0.9593055828315014 6500574.078025336 6776333 0.014783309727191366
97344 0.9579688715100528 6592104.7244326295 6881335 0.01476675569779851
98596 0.957435762644534 6684318.628187561 6981480 0.01475034412396557
99856 0.9585984671494397 6777216.392066102 7069922 0.014734072843962697
101124 0.9601522502915399 6870798.615016994 7155947 0.014717939742693198
102400 0.9602351819411387 6965065.89221005 7253500 0.014701942750394853
103684 0.9605841553948271 7060018.815083536 7349714 0.014686079841385405
104976 0.962480430542362 7155657.971390675 7434601 0.014670349032850478
106276 0.9624585834979498 7251983.945245277 7534853 0.014654748383672204
107584 0.9627187477088479 7348997.317166541 7633587 0.014639275993296973
108900 0.9643209678205256 7446698.664123019 7722220 0.014623930000640748
110224 0.9634660465622282 7545088.559575796 7831193 0.014608708583030478
111556 0.966214648084616 7644167.573520868 7911459 0.014593609955180224
112896 0.9676695581860807 7743936.27253077 8002666 0.014578632368200627
114244 0.9664184321593972 7844395.219795455 8116976 0.014563774108640454
115600 0.9670717876081679 7945544.975162442 8216086 0.014549033497559006
116964 0.9686621001392628 8047386.095176258 8307733 0.014534408889628179
118336 0.9692214010391565 8149919.133117185 8408728 0.014519898672263118
119716 0.9709090762513569 8253144.639039322 8500430 0.014505501264780344
121104 0.9711138697425071 8357063.159807997 8605647 0.01449121511758233
122500 0.9734012937159051 8461675.239136523 8692895 0.014477038711367584
123904 0.9735004818789346 8566981.417622326 8800182 0.014462970556365258
125316 0.9751778590414182 8672982.232782459 8893744 0.0144490091915934
126736 0.9751821723821507 8779678.219088499 9003116 0.014435153184140006
128164 0.9769251917752564 8887069.908000864 9096981 0.014421401128466012
129600 0.9781589824631041 8995157.828002565 9196008 0.014407751645729439
131044 0.9796334706449067 9103942.504632365 9293213 0.014394203383129979
132496 0.9787123106645849 9213424.460517414 9413823 0.01438075501327323
133956 0.9768994150514412 9323604.215405328 9544078 0.014367405233553931
135424 0.9754978192726501 9434482.28619575 9671454 0.014354152765557505
136900 0.9772275641337579 9546059.186971383 9768512 0.014340996354479276
138384 0.979138865113103 9658335.42902854 9864112 0.014327934768560736
139876 0.977964965019894 9771311.52090718 9991474 0.014314966798542285
141376 0.9782347663792881 9884987.96842046 10104924 0.01430209125713187
142884 0.9779747356155074 9999365.274683835 10224564 0.01428930697848897
144400 0.9793414822907284 10114443.940143667 10327801 0.014276612817723414
145924 0.979881122109322 10230224.462605413 10440271 0.014264007650408519
147456 0.9794077494066388 10346707.337261334 10564249 0.014251490372108086
148996 0.9802015856794122 10463893.056717802 10675246 0.014239059897916753
150544 0.9814331789510945 10581782.111022154 10781969 0.014226715162013301
152100 0.9817699046587252 10700374.987689152 10899066 0.014214455117226452
153664 0.9808738465296613 10819672.171727022 11030646 0.014202278734612746
155236 0.9803676116738822 10939674.145663098 11158747 0.014190185003046132
156816 0.9804111033640384 11060381.389569065 11281371 0.014178172928818856
158404 0.9801759563979217 11181794.381085845 11407946 0.014166241535253277
160000 0.9811435335644157 11303913.595448071 11521162 0.014154389862324299
161604 0.9816407016488384 11426739.505508222 11640450 0.014142616966292033
163216 0.9827736674401641 11550272.581760373 11752729 0.014130921919344374
164836 0.9827480576228037 11674513.29236362 11879457 0.014119303809249193
166464 0.9834670898294893 11799462.103165133 11997821 0.014107761739015803
168100 0.9836824575930184 11925119.477722876 12122936 0.014096294826565462
169744 0.9837296385788663 12051485.877328 12250811 0.014084902204410572
171396 0.9849112667282349 12178561.7610269 12365136 0.014073583019342329
173056 0.9885705947388718 12306347.585642971 12448628 0.014062336432126569
174724 0.9832814594751298 12434843.805798009 12646271 0.014051161617207547
176400 0.9841741515847151 12564050.873933358 12766085 0.014040057762419378
178084 0.9846940169051214 12693969.240330704 12891283 0.014029024068704972
179776 0.9849273644741847 12824599.353132604 13020858 0.014018059749842163
181476 0.984733795246405 12955941.65836272 13156796 0.01400716403217685
183184 0.9880693016606821 13087996.599945746 13246031 0.01399633615436295
184900 0.9852150737033204 13220764.619727092 13419166 0.013985575367108894
186624 0.9862599809525685 13354246.157492254 13540290 0.013974880932930582
188356 0.9873513404118966 13488441.650985938 13661238 0.013964252125910492
190096 0.9870295174512295 13623351.535930913 13802375 0.013953688231462811
191844 0.9886240315772912 13758976.246046603 13917299 0.013943188546104436
193600 0.9877001407106535 13895316.213067425 14068355 0.013932752377231603
195364 0.9882777439552971 14032371.866760887 14198814 0.013922379042902043
197136 0.989098157186095 14170143.634945396 14326327 0.013912067871622505
198916 0.9878592123577677 14308631.943507902 14484485 0.013901818202141397
200704 0.9874718035568673 14447837.216421219 14631139 0.013891629383246546
202500 0.9874365700162254 14587759.875761185 14773364 0.013881500773567786
204304 0.9878709633139152 14728400.34172354 14909235 0.013871431741384348
206116 0.988685256864234 14869759.032640614 15039932 0.013861421664436841
207936 0.9882456838332302 15011836.364997778 15190389 0.013851469929743721
209764 0.9891757693679453 15154632.753449678 15320465 0.013841575933422142
211600 0.9894956280239062 15298148.61083626 15460552 0.01383173908051303
213444 0.9891019807935414 15442384.348198589 15612530 0.013821958784810264
215296 0.9900533395575983 15587340.374794455 15743940 0.013812234468693896
217156 0.9899011130642754 15733017.098113775 15893524 0.013802565562967242
219024 0.9898189458385037 15879414.923893819 16042747 0.013792951506697751
220900 0.9909278194505227 16026534.25613418 16173261 0.013783391747061608
222784 0.9899411665875287 16174375.497111654 16338724 0.013773885739191832
224676 0.9909795238930482 16322939.047394821 16471520 0.013764432946029949
226576 0.9926408251255283 16472225.30585851 16594346 0.013755032838181008
228484 0.9923014842821398 16622234.669698074 16751194 0.013745684893771877
230400 0.9918605854220189 16772967.534443447 16910610 0.013736388598312816
232324 0.9927467655868938 16924424.29397308 17048078 0.013727143444562093
234256 0.9940444632578748 17076605.340527654 17178915 0.013717948932393706
236196 0.9920912630511439 17229511.06472365 17366861 0.01370880456866803
238144 0.9931241641635047 17383141.855566755 17503493 0.013699709867105357
240100 0.9945256482430914 17537498.100465067 17634033 0.013690664348162235
242064 0.9941726706018812 17692580.1852422 17796285 0.01368166753891054
244036 0.9956019146149458 17848388.494150154 17927234 0.013672718972919225
246016 0.9944156412101121 18004923.40988209 18106034 0.013663818190138644
248004 0.9959603921739069 18162185.31358493 18235851 0.013654964736787387
250000 0.9961595254275876 18320174.58487178 18390804 0.013646158165241618
252004 0.9964550711111075 18478891.60183425 18544631 0.013637398033926754
254016 0.9970244797801052 18638336.741054576 18693961 0.013628683907211536
256036 0.9972506262152052 18798510.377617653 18850337 0.013620015355304316
258064 0.9982827470244685 18959412.885122877 18992027 0.013611391954151616
260100 0.9989453988458656 19121044.63569585 19141231 0.013602813285338817
262144 1 19283406 19283406 0.013594278935992946
