4 0.23157256880616828 66.92447238498264 289 0.059768868658239445
16 0.5825851785417422 535.3957790798611 919 0.029884434329119722
36 0.6997641633535092 1556.975263461558 2225 0.02312175462567254
64 0.7959302959561859 3212.3746744791665 4036 0.01992295621941315
100 0.8620997558988183 5557.957126279682 6447 0.01799222227303088
144 0.8811652784845551 8637.182059705608 9802 0.016672104281764803
196 0.9147524175919498 12485.455747712524 13649 0.015698265562785675
256 0.9069700863184518 17132.664930555555 18890 0.014942217164559861
324 0.9327668762533817 22604.672479124452 24234 0.014333319816919087
400 0.9456085962997577 28924.27574361699 30588 0.013829214032723776
484 0.947320516629576 36111.858093919436 38120 0.0134027996770816
576 0.9532468720958716 44185.852262259934 46353 0.013035846781481541
676 0.9615489831841331 53163.081731267535 55289 0.012715590932389737
784 0.9578488255051597 63059.01957830668 65834 0.012432797167523813
900 0.9689211549796085 73887.98943643499 76258 0.012180599402752188
1024 0.9676300946896247 85663.32465277778 88529 0.011953773731647889
1156 0.9714433458184163 98397.49649794739 101290 0.011748266380172737
1296 0.9686363233093023 112102.21896923217 115732 0.01156087731283627
1444 0.9735814262769149 126788.53556261635 130229 0.011389042341977833
1600 0.9723574187873147 142466.891928461 146517 0.011230679481682182
1764 0.9826509339963797 159147.19731725167 161957 0.011084078323311956
1936 0.9804065852982948 176838.87701000934 180373 0.010947818900085074
2116 0.9787088281859343 195550.9174156906 199805 0.010820711188492826
2304 0.9870975816474087 215291.9051427897 218106 0.010701749322492642
2500 0.9793243882008594 236070.06107336996 241054 0.010590076474047281
2704 0.9891579865653514 257893.27025731842 260720 0.010484957584593143
2916 0.9926080332456124 280769.1082838539 282860 0.010385757955437041
3136 0.9932195663512008 304704.86466305313 306785 0.010291926265988016
3364 0.9954427570235872 329707.5636530815 331217 0.01020298097722624
3600 0.9942099137424671 355783.98289222433 357856 0.010118499351024827
3844 0.9990651427053843 382940.6701338311 383299 0.010038108510795129
4096 0.9932627449938362 411183.9583333333 413973 0.009961478109706575
4356 0.9978683944830399 440519.9792968773 441461 0.009888314275671897
4624 0.9970818809374519 470954.67606882943 472333 0.009818354578401528
4900 1.0026214418151438 502493.81420891377 501180 0.009751363820695325
5184 1.0025703758500673 535142.9920878663 533771 0.009687130499036467
5476 1.0065972909685443 568907.6503123109 565179 0.009625463811207078
5776 1.0043399032149563 603793.0803743802 601184 0.009566191113714996
6084 1.0093112698947984 639804.4326088525 633902 0.009509155751222315
6400 1.0067739109475071 676946.7235298163 672392 0.009454215195293889
6724 1.0079821785720295 715224.8426097478 709561 0.009401239441663038
7056 1.0119161584217327 754643.5585561161 745757 0.009350109624602736
7396 1.00977963994431 795207.5251339837 787506 0.009300716814461553
7744 1.0089357518452047 836921.2865773638 829509 0.009252960970403224
8100 1.0135914646991857 879789.2826271756 867992 0.009206750025201774
8464 1.0125141147058474 923815.8532293857 912398 0.00916199908283926
8836 1.015606339826147 969005.2429232243 954115 0.009118629712821987
9216 1.0146645304137645 1015361.6049461588 1000687 0.009076569327721126
9604 1.0144471259224357 1062889.0050794838 1047752 0.009035750632571275
10000 1.01746101907611 1111591.4252559363 1092515 0.00899611113651544
10404 1.0191871118276536 1161472.7669485768 1139607 0.008957592718539072
10816 1.0188520590758823 1212536.8543582666 1190101 0.008920141240345517
11236 1.019206559326096 1264787.4374153968 1240953 0.00888370620043543
11664 1.0220455317748611 1318228.1946100253 1289794 0.008848240424299672
12100 1.024321858485639 1372862.735663255 1340265 0.008813699786347736
12544 1.0199970757533048 1428694.6040515178 1400685 0.008780042959795255
12996 1.0219514184031528 1485727.2793943612 1453814 0.0087472311912437
13456 1.0211193948506398 1543964.1797154078 1512031 0.008715228097118345
13924 1.0223825347765814 1603408.663585321 1568306 0.008683999479499552
14400 1.0218491885729448 1664064.0321548348 1628483 0.008653513159198031
14884 1.022648162945799 1725933.5310852546 1687710 0.00862373882419507
15376 1.02436069934193 1789020.3523831975 1746475 0.008594647891801374
15876 1.0214587667312518 1853327.6361458162 1814393 0.008566213383088465
16384 1.0204593374779882 1918858.472222222 1880387 0.008538409808319922
16900 1.0241125100491282 1985615.901796403 1938865 0.00851121306225964
17424 1.0239615022218347 2053602.9188964937 2005547 0.00848460032836475
17956 1.0281874159459907 2122822.471834907 2064626 0.008458549990984101
18496 1.0263794655469225 2193277.4645834775 2136907 0.008433041554782287
19044 1.0244953709795284 2264970.758087477 2210816 0.008408055570695579
19600 1.0247978578848722 2337905.1715220693 2281333 0.008383573567801991
20164 1.0254362665780634 2412083.483494516 2352251 0.008359577990554175
20736 1.026393356006151 2487508.4331952147 2423543 0.008336052140882403
21316 1.0286656828045888 2564182.7215004344 2492727 0.008312980124726414
21904 1.0274726817211552 2642109.0120294085 2571464 0.008290346802600511
22500 1.0288800286430988 2721289.9321582755 2644905 0.008268137743836461
23104 1.0283752201359337 2801728.073993181 2724422 0.008246339184184593
23716 1.0301051335472449 2883425.9953047056 2799157 0.008224937986485003
24336 1.031776103971697 2966386.2204256444 2875029 0.008203921604149053
24964 1.0310643897825529 3050611.2411140287 2958701 0.008183278047216398
25600 1.030648800064398 3136103.5173831536 3042844 0.008162995850775139
26244 1.0339864579337277 3222865.4783002897 3116932 0.008143064045552671
26896 1.031790946376909 3310899.5227556145 3208886 0.008123472130502723
27556 1.033896667195596 3400208.0202028397 3288731 0.008104210047230035
28224 1.0323295036519309 3490793.311372902 3381472 0.008085268156108539
28900 1.0322323845267363 3582657.7089620125 3470786 0.008066637213961773
29584 1.0323197088386193 3675803.4982952666 3560722 0.008048308353185969
30276 1.0301408058009387 3770232.937966971 3659920 0.008030273062206543
30976 1.029402060231946 3865948.26045876 3755528 0.008012523167168351
31684 1.030479386192011 3962951.6727365195 3845736 0.007995050814768425
32400 1.0299160639516316 4061245.3568270616 3943278 0.007977848456147752
33124 1.030435475156357 4160831.470375484 4037935 0.007960908831765494
33856 1.0300753362192947 4261712.147184036 4137282 0.007944224957185496
34596 1.0316896799655693 4363889.497733323 4229847 0.007927790109710555
35344 1.030642341857474 4467365.609686605 4334545 0.007911597815805244
36100 1.0309927569780735 4572142.548377905 4434699 0.00789564183925269
36864 1.0311831806730092 4678222.357284635 4536752 0.007879916169995144
37636 1.0319148030015866 4785607.058485354 4637599 0.007864415013612045
38416 1.0324988730760614 4894298.653103308 4740246 0.007849132781392841
39204 1.0337015564987868 5004299.121736319 4841145 0.007834064080965162
40000 1.0333376610922724 5115610.424873571 4950570 0.007819203707441928
40804 1.0335821034824395 5228234.503299846 5058364 0.00780454663505361
41616 1.0317121014991915 5342173.2784876665 5177969 0.007790088009234551
42436 1.0346120704697803 5457428.652977873 5274855 0.007775823139134322
43264 1.0347192347515957 5574002.510749038 5386971 0.00776174749052744
44100 1.0357761834078087 5691896.717576198 5495296 0.007747856679096467
44944 1.033506978104565 5811113.1213792525 5622713 0.007734146464065504
45796 1.0368894353921745 5931653.552561487 5720623 0.0077206127421625545
46656 1.0340958970841851 6053519.824338539 5853925 0.007707251541890846
47524 1.0366288705135966 6176713.733058186 5958462 0.0076940590180905365
48400 1.0357022027709473 6301237.058511309 6084024 0.007681031446773514
49284 1.0350618901236823 6427091.5642343005 6209379 0.007668165220215205
50176 1.0369957890338635 6554278.997803293 6320449 0.007655456842288342
51076 1.0353111713323613 6682801.091120462 6454872 0.0076429029240246945
51984 1.0341707140480096 6812659.560692678 6587558 0.007630500179391691
52900 1.0366500264621183 6943856.107902821 6698361 0.007618245421271672
53824 1.0342843348483712 7076392.419273958 6841825 0.007606135557632399
54756 1.035755373045667 7210270.166726677 6961364 0.0075941675878780784
55696 1.0345833383680791 7345491.007829782 7099951 0.007582338599370953
56644 1.035768430128396 7482056.586044601 7223677 0.007570645764114025
57600 1.0378346119222206 7619968.530963089 7342180 0.007559086335586208
58564 1.0363218107918237 7759228.458539974 7487277 0.007547657645721618
59536 1.0412364410861743 7899837.9713191 7586978 0.007536357102025321
60516 1.0348446740137338 8041798.658654206 7771020 0.007525182184818258
61504 1.0351745989874883 8185112.096924284 7906987 0.0075141304446045805
62500 1.0337002445384555 8329779.849743695 8058216 0.007503199499554974
63504 1.0331541526077264 8475803.46816725 8203813 0.007492387033099964
64516 1.03340456927981 8623184.490890356 8344442 0.007481690791627564
65536 1.0328987252969044 8771924.444444444 8492531 0.007471108582279931
66564 1.0322692393402217 8922024.843387779 8643118 0.007460638270844021
67600 1.0330106414411209 9073487.190491818 8783537 0.007450277779731546
68644 1.033324882396729 9226312.976923265 8928763 0.007440025086043742
69696 1.0318975271234676 9380503.682421913 9090538 0.00742987821971682
70756 1.0320773991939178 9536060.775474463 9239676 0.007419835261744078
71824 1.03142753734521 9692985.713484377 9397641 0.007409894342470988
72900 1.0323575251849857 9851279.942937927 9542508 0.007400053639959721
73984 1.0316427736191227 10010944.899566548 9703887 0.007390311378419768
75076 1.032055569625327 10171982.008505577 9856041 0.0073806658267015395
76176 1.0324981463845224 10334392.684449518 10009115 0.007371115296849944
77284 1.0329159201049385 10498178.331803916 10163633 0.007361658142715145
78400 1.030827291510059 10663340.344833937 10344449 0.0073522927586178385
79524 1.0317541928277296 10829880.107809762 10496570 0.0073430175780665186
80656 1.031617138209943 10997798.995148854 10660737 0.0073338310725243735
81796 1.0322370295161771 11167098.371555246 10818347 0.007324731750223513
82944 1.0327708056083935 11337779.59215586 10978021 0.00731571815502442
84100 1.032458106402573 11509844.00263399 11148001 0.00730678886531859
85264 1.0308580806473824 11683292.939360028 11333561 0.007297942492972403
86436 1.0310409479631173 11858127.729519464 11501122 0.007289177682310453
87616 1.0315065516195394 12034349.691238293 11666770 0.007280493109136553
88804 1.0317419796589244 12211960.133705862 11836254 0.007271887479790797
90000 1.0315769930783312 12390960.357295211 12011668 0.007263359530241113
91204 1.0308765291684598 12571351.65368106 12194818 0.007254908025207794
92416 1.0306353412734457 12753135.305955363 12374052 0.00724653175731965
93636 1.0303160617853448 12936312.588740647 12555674 0.007238229546300372
94864 1.0295738297705892 13120884.76830107 12743996 0.007230000238183882
96100 1.0299673817603703 13306853.102651346 12919684 0.007221842704557428
97344 1.029134924589559 13494218.841663515 13112196 0.007213755841831287
98596 1.0288934375626575 13682983.227171704 13298737 0.0072057385705339315
99856 1.0295102218655034 13873147.493074821 13475483 0.007197789834631685
101124 1.0282148097856865 14064712.865437346 13678769 0.007189908600871784
102400 1.0284150982471594 14257680.56258817 13863741 0.007182093858147957
103684 1.0274726222908168 14452051.795217628 14065632 0.007174344616887575
104976 1.0267797058104613 14647827.766472645 14265794 0.007166659908459543
106276 1.0262767231569143 14845009.67205019 14464919 0.007159038784602059
107584 1.026344805811662 15043598.700288951 14657451 0.0071514803168694985
108900 1.0262146789923867 15243596.032259354 14854198 0.0071439835960976465
110224 1.0255382442597216 15445002.841851937 15060387 0.007136547731886565
111556 1.025510676880479 15647820.295864109 15258564 0.0071291718521004155
112896 1.0252830938050483 15852049.554085359 15461144 0.007121855102383569
114244 1.0229924006336928 16057691.76938094 15696785 0.007114596645692394
115600 1.0226227966600836 16264748.08777405 15904934 0.007107395661842108
116964 1.0232141383243447 16473219.648526574 16099484 0.0071002513470681304
118336 1.0231568520812484 16683107.584218394 16305523 0.007093162913601391
119716 1.022583571091536 16894413.020825308 16521303 0.0070861295892570625
121104 1.0217710738547927 17107137.077795617 16742632 0.0070791506170362175
122500 1.0215873921448544 17321280.868125357 16955261 0.007072225254739946
123904 1.020372337561266 17536845.498432264 17186712 0.007065352774595443
125316 1.0196580414000043 17753832.069028452 17411555 0.007058532462893669
126736 1.0203426330567418 17972241.67399187 17613928 0.007051763619638121
128164 1.018808075725069 18192075.401236553 17856234 0.007045045558204339
129600 1.0180197971251974 18413334.332581688 18087403 0.007038377605009745
131044 1.0184629021516733 18636019.54381951 18298182 0.007031759099193461
132496 1.018367039090609 18860132.1047821 18519975 0.007025189392305732
133956 1.0177649624121252 19085673.079407062 18752535 0.007018667848006628
135424 1.01725384145391 19312643.525802117 18985078 0.007012193841773684
136900 1.0171580019643855 19541044.496308625 19211415 0.007005766760618191
138384 1.0167182847753602 19770877.037564147 19445777 0.006999386002809791
139876 1.0176218054708759 20002142.19056389 19655772 0.006993050977609148
141376 1.0165399146251097 20234840.99072124 19905604 0.006986761105008361
142884 1.0160881806159832 20468974.467927307 20144880 0.006980515815478882
144400 1.0163254099081909 20704543.646609496 20371963 0.006974314549726694
145924 1.0160445800865632 20941549.5457892 20610857 0.006968156758454463
147456 1.0149988498180065 21179993.17913854 20867012 0.006962041902130467
148996 1.0150698253167583 21419875.555036243 21101874 0.006955969450764062
150544 1.0151814987272794 21661197.67662262 21337266 0.006949938883687458
152100 1.0145622902883482 21903960.541853745 21589567 0.00694394968934361
153664 1.014546278322431 22148165.143554725 21830611 0.006938001365080002
155236 1.0140283153034213 22393812.469472226 22084011 0.006932093416948159
156816 1.0133166379516305 22640903.502326135 22343365 0.006926225359508673
158404 1.014319772911791 22889439.219860487 22566295 0.006920396715641576
160000 1.0137484464767546 23139420.594893593 22825604 0.006914607016361887
161604 1.0130494834140675 23390848.595367417 23089542 0.006908855800640164
163216 1.0112462546967522 23643724.18439622 23380778 0.006903142615227897
164836 1.013230320816379 23898048.320314474 23585998 0.006897467014487605
166464 1.0128234591637215 24153821.956724104 23848008 0.006891828560227448
168100 1.0127385955125259 24411046.042540945 24103995 0.006886226821540273
169744 1.0116474671022477 24669721.522040613 24385690 0.006880661374646893
171396 1.0123008220071894 24929849.33490365 24626918 0.006875131802743501
173056 1.012102248272545 25191430.416260045 24890203 0.006869637695853086
174724 1.0119239663105162 25454465.69673307 25154524 0.006864178650680725
176400 1.0138178936693067 25718956.102482527 25368418 0.006858754270472624
178084 1.0112324296100148 25984902.555247366 25696271 0.006853364164878805
179776 1.0106655686626365 26252305.972387675 25975265 0.006848007949819319
181476 1.010343152478799 26521167.266926087 26249663 0.006842685247353889
183184 1.0097693567424733 26791487.347588614 26532284 0.00683739568555486
184900 1.0105244324288292 27063267.118844904 26781408 0.0068321388983833735
186624 1.0117425795428938 27336507.4809479 27019232 0.006826914525568676
188356 1.0114949786830822 27611209.329973012 27297426 0.006821722212490434
190096 1.0116987022574602 27887373.557856664 27564900 0.006816561610064013
191844 1.0068865479116536 28165001.052434403 27972368 0.0068114323746285895
193600 1.012958039282245 28444092.697478395 28080228 0.0068063341678380514
195364 1.0138122039256166 28724649.372734487 28333304 0.006801266656554563
197136 1.0106584595672006 29006671.953958686 28700766 0.006796229512744769
198916 1.0121534218805432 29290161.312953226 28938460 0.006791222413378507
200704 1.011633908191146 29575118.317602064 29235001 0.006786245040330002
202500 1.0110174837362242 29861543.831906002 29536130 0.006781297080281426
204304 1.01086401366141 30149438.71601722 29825415 0.006776378224628814
206116 1.0102530383798547 30438803.826273452 30129881 0.006771488169390205
207936 1.0100421325368836 30729640.015231654 30424117 0.006766626615115995
209764 1.009492740331923 31021948.13170123 30730234 0.006761793266801411
211600 1.0088265035917243 31315729.020776868 31041739 0.006756987833801058
213444 1.0086134543913943 31610983.523870867 31341029 0.00675221002974548
215296 1.009610449073292 31907712.478745136 31603984 0.0067474595724596785
217156 1.0090316087987146 32205916.719542686 31917649 0.006742736183883529
219024 1.0077557503126549 32505597.076818816 32255432 0.006738039589994049
220900 1.00672548653485 32806754.377571758 32587587 0.006733369520729476
222784 1.0077008036181088 33109389.44527312 32856369 0.006728725709915073
224676 1.0063331231398154 33413503.099897753 33203223 0.006724107895190658
226576 1.0066598411176326 33719096.15795336 33496018 0.006719515817939778
228484 1.0062517784762406 34026169.43250969 33814767 0.006714949223220498
230400 1.0064439232612903 34334723.73322736 34114890 0.006710407859697758
232324 1.0071460587142556 34644759.86638633 34398943 0.006705891479577251
234256 1.00573553650019 34956278.63491402 34756929 0.0067013998385407995
236196 1.005285476353221 35269280.83841305 35083846 0.006696932695683161
238144 1.004287562430445 35583767.273188725 35431851 0.006692489813450252
240100 1.0043201392013517 35899738.73227602 35745314 0.006688070957578744
242064 1.0034620738015232 36217196.00546644 36092242 0.0066836758970369795
244036 1.0039653092330831 36536139.87933434 36391835 0.006679304403967214
246016 1.003350078277655 36856571.137263104 36733511 0.006674956253629096
248004 1.0022730675103855 37178490.559470914 37094173 0.006670631224344395
250000 1.0011461588176875 37501898.923036195 37458965 0.006666329097442933
252004 1.0017028537263897 37826797.001922816 37762493 0.006662049657209679
254016 1.0017183369357596 38153185.567004934 38087738 0.0066577926908329855
256036 1.006080563385637 38481065.38609159 38248493 0.00665355798835394
258064 1.0000358736977673 38810437.22395097 38809045 0.006649345342616799
260100 1.0009684531612053 39141301.842334375 39103432 0.006645154549220474
262144 1 39473660 39473660 0.006640985406471049
