4 0.0000035790708493585734 0.001385100418701768 387 2887.877258566664
16 0.00009552416680701848 0.022161606699228287 232 721.969314641666
36 0.0002723134318321437 0.1121931339148432 412 320.87525095185157
64 0.0005161364005642687 0.3545857071876526 687 180.4923286604165
100 0.000853735465176139 0.865687761688605 1014 115.51509034266655
144 0.0012570659262167306 1.7950901426374912 1428 80.21881273796289
196 0.0017812673301033448 3.325626105302945 1867 58.936270582993146
256 0.002378772039833309 5.673371315002441 2385 45.12308216510412
324 0.0028895528925603495 9.0876438471023 3145 35.65280566131684
400 0.0035790708493585732 13.85100418701768 3870 28.87877258566664
484 0.004287368970446635 20.279255230212584 4730 23.866754203030283
576 0.004889588403506956 28.72144228219986 5874 20.054703184490723
676 0.0056554471849236876 39.559853058541194 6995 17.088031115779078
784 0.006495363486919814 53.21001768484712 8192 14.734067645748286
900 0.007384236383401116 70.120708696777 9496 12.835010038074062
1024 0.008301988388516469 90.77394104003906 10934 11.28077054127603
1156 0.009097591386472976 115.68497207039036 12716 9.992654873933093
1296 0.010048535007162183 145.4023015536368 14470 8.91320141532921
1444 0.011021350083382165 180.5076716656331 16378 7.99965999602954
1600 0.012062707761391404 221.61606699228287 18372 7.21969314641666
1764 0.013140919778015441 269.3757145295385 20499 6.54847450922146
1936 0.014269232757966549 324.46808368340135 22739 5.966688550757571
2116 0.015310182338741613 387.60788626992144 25317 5.459125252488968
2304 0.016443966095870528 459.54307651519775 27946 5.013675796122681
2500 0.01762451060475514 541.0548510553781 30699 4.620603613706662
2704 0.018817863269611698 632.9576489366591 33636 4.2720077789447695
2916 0.020026639232105948 736.0991516152862 36756 3.9614228512574265
3136 0.021359298601509168 851.3602829575539 39859 3.6835169114370716
3364 0.02271664253309693 979.6552092398051 43125 3.4338611873563187
3600 0.024115109172651365 1121.931339148432 46524 3.2087525095185154
3844 0.02556855671270414 1279.1693237798754 50029 3.0050751910163
4096 0.02704573577104011 1452.383056640625 53701 2.8201926353190077
4356 0.028390536721753592 1642.6196736472193 57858 2.6518615781144756
4624 0.02985466786764699 1850.9595531262457 61999 2.4981637184832732
4900 0.031316162174024297 2078.5163158143405 66372 2.3574508233197258
5184 0.032785648400600186 2326.4368248581886 70959 2.2283003538323025
5476 0.03442565824754693 2595.901185814524 75406 2.1094793707572417
5776 0.036030823841337996 2888.1227466501296 80157 1.999914999007385
6084 0.03767915169669269 3204.3480977418367 85043 1.898670123975453
6400 0.0393935971367558 3545.857071876526 90011 1.804923286604165
6724 0.041171437903025576 3913.9627442511264 95065 1.7179519682133635
7056 0.04294508257662455 4310.011432472616 100361 1.637118627305365
7396 0.04481166141358742 4735.382696558023 105673 1.5618589824589855
7744 0.04599122376802287 5191.4893389344215 112880 1.4916721376893927
8100 0.048642390802450516 5679.777404438937 116766 1.4261122264526735
8464 0.05036403206417794 6201.726180318743 123138 1.364781313122242
8836 0.052156838234013146 6758.848196231062 129587 1.3073233402293636
9216 0.053961919198596504 7352.689224243164 136257 1.2534189490306702
9604 0.05580244934225333 7984.82827883237 143091 1.2027810323059824
10000 0.05775217393867822 8656.87761688605 149897 1.1551509034266656
10404 0.0596720608897596 9370.482737701619 157033 1.110294985992566
10816 0.06165835032777396 10127.322382986546 164249 1.0680019447361924
11236 0.06369798129620138 10929.108536858344 171577 1.0280801917289655
11664 0.06579326417020698 11777.58642584458 179009 0.9903557128143566
12100 0.06790790181728147 12674.534518882865 186643 0.9546701681212112
12544 0.07007080518169168 13621.764527320862 194400 0.9208792278592679
12996 0.07227552264698082 14621.12140491628 202297 0.8888511106699489
13456 0.07453073024852423 15674.483347836882 210309 0.8584652968390797
13924 0.07680722775542735 16783.761794660473 218518 0.8296113928660339
14400 0.07909314645541667 17950.901426374912 226959 0.8021881273796289
14884 0.08146517665360349 19177.880166378105 235412 0.7761024613186412
15376 0.0839002430115397 20466.709180478007 243941 0.751268797754075
15876 0.0863178767184612 21819.43287689262 252780 0.7276082788023844
16384 0.08886439786559133 23238.12890625 261501 0.7050481588297519
16900 0.09100110107725183 24724.908161588246 271699 0.683521244631163
17424 0.0932687270113792 26281.91477835551 281787 0.6629653945286189
17956 0.09553634772897167 27911.32613440999 292154 0.6433230694066973
18496 0.09791753021973712 29615.35285001993 302452 0.6245409296208183
19044 0.1003039471068545 31396.238787863636 313011 0.6065694724987742
19600 0.1027506057375933 33256.26105302945 323660 0.5893627058299314
20164 0.10520162951399618 35197.72999301576 334574 0.5728778533161405
20736 0.10771631732881229 37222.98919773102 345565 0.5570750884580756
21316 0.1097975282264755 39334.41549949371 358245 0.5419172937824477
21904 0.11203656371359776 41534.418973032385 370722 0.5273698426893104
22500 0.11541393995503478 43825.442935485626 379724 0.5134004015229625
23104 0.11808499250348065 46209.96394640207 391328 0.49997874975184625
23716 0.12080149408215216 48690.491807740415 403062 0.4870766163883731
24336 0.12353726163727254 51269.56956386939 415013 0.4746675309938633
24964 0.12627805514960974 53949.773501567775 427230 0.4627266878010998
25600 0.12908459720875254 56733.713150024414 439508 0.4512308216510412
26244 0.13190748800001367 59624.031280838186 452014 0.4401580945841585
26896 0.13485263038351455 62623.40390801802 464384 0.4294879920533409
27556 0.13777793208619257 65734.5402879829 477105 0.4192012278366474
28224 0.1407129551469705 68960.18291956186 490077 0.40927965682634126
28900 0.14369661551179827 72303.10754399397 503165 0.39970619495732373
29584 0.14671074438634393 75766.12314492837 516432 0.39046474561474637
30276 0.14977769295227852 79352.07194842421 529799 0.38154013192847985
30976 0.15199236856898582 83063.82942295074 546500 0.37291803442234817
31684 0.1560302139238618 86904.30427938723 556971 0.3645849335395359
32400 0.15921587047614733 90876.438471023 570775 0.3565280566131684
33124 0.16223744007863486 94983.2071935574 585458 0.34873532889345055
33856 0.16516245145558814 99227.61888509989 600788 0.3411953282805605
34596 0.16821065185994433 103612.71522616991 615970 0.33389724344625554
35344 0.17026307599488774 108141.57113969699 635144 0.3268308350573409
36100 0.17405563803060423 112817.29479102069 648168 0.3199863998411816
36864 0.17725038094575896 117643.02758789062 663711 0.31335473725766755
37636 0.1803990787176987 122621.94418046647 679726 0.3069271185637862
38416 0.1835431843779754 127757.25246131793 696061 0.3006952580764956
39204 0.18592368320611374 133052.19356542476 715628 0.294651286457164
40000 0.18991096340287106 138510.0418701768 729342 0.2887877258566664
40804 0.1931390942370451 144134.10499537387 746271 0.283097466774499
41616 0.19642558930304202 149927.7238032259 763280 0.2775737464981415
42436 0.19884879334062028 155894.27239835286 783984 0.2722101290005339
43264 0.203029912639203 162037.15812778473 798095 0.2670004861840481
44100 0.20632735639542146 168359.82158096158 815984 0.26193898036885843
44944 0.20986112918737407 174865.7365897335 833245 0.25702004793224137
45796 0.2125897041660742 181558.41022836068 854032 0.25223838401315957
46656 0.21649900426987645 188441.38281351328 870403 0.24758892820358916
47524 0.22039634717729775 195518.22790427157 887121 0.24306685115450416
48400 0.22397473929633768 202792.55230212584 905426 0.2386675420303028
49284 0.22671137185135526 210267.99605097645 927470 0.23438659675080464
50176 0.23117073620668369 217948.2324371338 942802 0.23021980696481698
51076 0.2348356346744069 225836.9679893183 961681 0.2261631497037093
51984 0.23764424207811072 233937.9424786605 984404 0.22221277766748723
52900 0.24216774852923037 242254.9289187009 1000360 0.21836501009955872
53824 0.2460018318965327 250791.7335653901 1019471 0.21461632420976992
54756 0.2498295782214448 259552.19591708877 1038917 0.21096334710838366
55696 0.2532401769441338 268540.1887145676 1060417 0.20740284821650848
56644 0.25744776187254875 277759.61794100725 1078897 0.20393173212108354
57600 0.26152888631075993 287214.4228219986 1098213 0.20054703184490721
58564 0.26478133280914484 296908.57582554244 1121335 0.19724590250438248
59536 0.26937447670545994 306846.0826620497 1139106 0.1940256153296603
60516 0.27269488448959966 317030.98228434124 1162585 0.19088355202370705
61504 0.27735298985646345 327467.3468876481 1180688 0.18781719943851874
62500 0.28143869100237473 338159.2819096113 1201538 0.18482414454826648
63504 0.2852817107789001 349110.92603028193 1223741 0.1819020697005961
64516 0.2897169305704272 360326.4511721211 1243719 0.17904874812862942
65536 0.2939191392465502 371810.0625 1265008 0.17626203970743798
66564 0.2970052912986615 383565.99842119985 1291445 0.17353988693988726
67600 0.30160211898797623 395598.53058541194 1311657 0.17088031115779076
68644 0.30528996373505407 407911.9638847376 1336146 0.16828140892527615
69696 0.3095754958263124 420510.63645368814 1358346 0.16574134863215473
70756 0.3135543651153513 433398.91966918507 1382213 0.16325836726590898
71824 0.3169337591589333 446581.2181505598 1409068 0.16083076735167431
72900 0.321653277736449 460061.9697595539 1430304 0.15845691405029708
73984 0.3254076788267216 473845.6456003189 1456160 0.15613523240520458
75076 0.329850804297686 487936.75001941645 1479265 0.1538642047294296
76176 0.33374335662585053 502339.8206058182 1505168 0.15164236812469356
77284 0.33802510655451834 517059.42819090583 1529648 0.14946831212497613
78400 0.3420357172645837 532100.1768484712 1555686 0.14734067645748286
79524 0.34666554200557487 547466.703894716 1579236 0.14525814891437372
80656 0.35045064928919156 563163.6798882522 1606970 0.14321946332903512
81796 0.35511481145431456 579195.8086301016 1631010 0.14122339765106676
82944 0.35919579892132686 595567.8271636963 1658059 0.1392687721145189
84100 0.3637388438567857 612284.5057748782 1683308 0.13735444749425274
85264 0.36797094824083315 629350.6479918994 1710327 0.13547932344561192
86436 0.3727239458093606 646771.090585422 1735255 0.13364233692288693
87616 0.3767091361681305 664550.7035685182 1764095 0.1318424606723276
88804 0.381606062257397 682694.3901966701 1789003 0.1300787017957148
90000 0.3856504964775209 701207.08696777 1818245 0.12835010038074063
91204 0.39073840682081834 720093.7636221203 1842905 0.12665572819466972
92416 0.3950238492001227 739359.4231424332 1871683 0.12499468743796156
93636 0.39989457543656276 759009.1017538311 1898023 0.12336610955472954
94864 0.40423568809443206 779047.8689238466 1927212 0.12176915409709327
96100 0.4091046137373522 799480.8273624221 1954221 0.12020300764065199
97344 0.41420395041241 820313.1130219102 1980457 0.11866688274846582
98596 0.41848166800785364 841549.8950970734 2010960 0.11716001698108093
99856 0.4235482303465752 863196.3760250844 2038012 0.11568167195027496
101124 0.42789993802600096 885257.7914855259 2068843 0.1142311324143295
102400 0.43303033675884434 907739.4104003906 2096249 0.1128077054127603
103684 0.43831000283718363 930646.5349340814 2123261 0.11141071943855037
104976 0.4424975731783721 953984.500493411 2155909 0.11003952364603962
106276 0.44764189503072793 977758.6757276023 2184243 0.10869348709272701
107584 0.4530338271746238 1001974.4625282884 2211699 0.10737199801333522
108900 0.457695793609037 1026637.2960295121 2243056 0.10607446312457902
110224 0.46266800716852136 1051752.6446077265 2273234 0.10480030695916186
111556 0.4683040655278605 1077326.0098817947 2300484 0.10354897122760458
112896 0.472935158348156 1103362.9267129898 2333011 0.10231991420658532
114244 0.47820101212824345 1129868.963204995 2362749 0.10111261015253892
115600 0.4833632584101941 1156849.7207039036 2393334 0.09992654873933093
116964 0.4891663364276351 1184310.8337982188 2421080 0.09876123451888322
118336 0.493563851746915 1212257.9703188539 2456132 0.09761618640368659
119716 0.49931476603907693 1240696.8313391323 2484799 0.09649093717019158
121104 0.5042224554129772 1269633.1511747874 2518002 0.09538503298211996
122500 0.5099159951122882 1299072.6973839628 2547621 0.09429803293278903
123904 0.5151424936401704 1329021.270767212 2579910 0.09322950860558704
125316 0.5204324999176939 1359484.7053674983 2612221 0.09217904365178155
126736 0.525636899996029 1390468.8684701957 2645303 0.09114623338488398
128164 0.5315883356198766 1421979.6606030876 2674964 0.0901306843908325
129600 0.5367842831519474 1454023.015536368 2708766 0.0891320141532921
131044 0.5422594776666652 1486604.9002826402 2741501 0.0881498506934057
132496 0.5469041784377722 1519731.3150969185 2778789 0.08718383222336264
133956 0.5524221392558047 1553408.2934766265 2811995 0.08623360681318236
135424 0.557513148992334 1587641.9021615982 2847721 0.08529883207014012
136900 0.5625048074354274 1622438.2411340775 2884310 0.08437917483028967
138384 0.5681849457756776 1657803.4436187185 2917718 0.08347431086156389
139876 0.5729084496769157 1693743.6760825852 2956395 0.08258392457795945
141376 0.5783663747985728 1730265.1382351518 2991642 0.08170770876433522
142884 0.5835122721385811 1767374.0630283023 3028855 0.08084536431137605
144400 0.5889082192617104 1805076.716656331 3065124 0.0799965999602954
145924 0.593974413947484 1843379.398555942 3103466 0.07916113205686971
147456 0.5995822811426026 1882288.44140625 3139333 0.07833868431441689
148996 0.605000343495566 1921810.211128779 3176544 0.07752898758534897
150544 0.6102704376909751 1961951.1068874635 3214888 0.07673177964094655
152100 0.6157304771119637 2002717.561088648 3252588 0.07594680495901812
153664 0.6211525187402037 2044116.0393810868 3290844 0.0751738145191239
155236 0.6268117664477026 2086153.0406559447 3328197 0.07441256560505717
156816 0.6323179908987857 2128835.097046796 3366716 0.073662821614291
158404 0.6377999765481746 2172168.7739296257 3405721 0.07292435187411087
160000 0.6435388907491396 2216160.6699228287 3443709 0.0721969314641666
161604 0.6490426542123884 2260817.416887209 3483311 0.07148034104518859
163216 0.6546671840631205 2306145.679925982 3522623 0.07077436669362475
164836 0.6602204346295698 2352152.157384772 3562677 0.0700787997419657
166464 0.665816854522608 2398843.5808516145 3602858 0.06939343662453537
168100 0.6717479852605223 2446226.715156954 3641584 0.06871807872853454
169744 0.6773412181167315 2494308.3583736457 3682499 0.06805253225013347
171396 0.6833757393286547 2543095.3418169543 3721372 0.06739660805541936
173056 0.6891167984587088 2592594.5300445557 3762199 0.06675012154601202
174724 0.6947915913632929 2642812.820856534 3803749 0.06611289252916976
176400 0.7007496005043005 2693757.1452953853 3844108 0.06548474509221461
178084 0.7067674093147279 2745434.467646014 3884495 0.06486550748111372
179776 0.7127507587543922 2797851.785435736 3925428 0.06425501198306034
181476 0.7187601720462304 2851016.1294342764 3966575 0.0636530948129045
183184 0.7247517048649201 2904934.563653771 4008179 0.06305959600328989
184900 0.7309848007828396 2959614.185348764 4048804 0.06247435929835942
186624 0.7371056535489531 3015062.1250162125 4090407 0.06189723205089729
188356 0.7425884178088306 3071285.5463954806 4135919 0.06132806512278163
190096 0.7492072498845866 3128291.646468345 4175469 0.06076671278862604
191844 0.7552501372400587 3186087.6554589905 4218586 0.060213032642494196
193600 0.7614124750249773 3244680.8368340135 4261397 0.0596668855075757
195364 0.7672382395325017 3304078.487302419 4306457 0.05912813534871653
197136 0.7711157821137131 3364287.936815623 4362883 0.05859664918770116
198916 0.777501911471815 3425316.5485674515 4405541 0.05807229702118812
200704 0.7831474867849842 3487171.7189941406 4452765 0.057554951741204244
202500 0.7898305174826015 3549860.8777743354 4494459 0.05704448905810695
204304 0.7960297307536862 3613391.487829093 4539267 0.05654078742592732
206116 0.8029261352182703 3677771.045321878 4580460 0.056043727970010365
207936 0.8087649557294543 3743007.079658568 4628053 0.05555319441687181
209764 0.815355033030143 3809107.1534874476 4671716 0.055069073026194466
211600 0.822222391082508 3876078.8626992144 4714149 0.05459125252488968
213444 0.8279233965000665 3943929.8364269733 4763641 0.05411962404315257
215296 0.8346429285863064 4012667.7370462418 4807646 0.05365408105244248
217156 0.8414230546511576 4082300.260174945 4851662 0.0531945193053227
219024 0.8480308657657444 4152835.1346734203 4897033 0.052740836777095915
220900 0.8544245542267572 4224280.122644413 4944006 0.052292933609174544
222784 0.8612826820356186 4296643.019433081 4988656 0.05185071205412712
224676 0.8677796237445276 4369931.65362699 5035762 0.051414076422344426
226576 0.8748048561909426 4444153.887056116 5080166 0.050982933030270884
228484 0.881392595026878 4519317.614792846 5127474 0.050557190150149055
230400 0.8885474867488277 4595430.765151978 5171846 0.050136757961226804
232324 0.8947727095434957 4672501.299690716 5221998 0.049721548502378816
234256 0.9015701513458216 4750537.213208679 5269182 0.04931147562609562
236196 0.9087339477204804 4829546.533747893 5314588 0.04890645495379539
238144 0.9154757813497576 4909537.322592795 5362826 0.04850640383241508
240100 0.922676229383881 4990517.674270231 5408742 0.0481112412922393
242064 0.9291850854996556 5072495.71654946 5459080 0.04772088800592676
244036 0.9360936497614403 5155479.610442147 5507440 0.0473352662486955
246016 0.943479331547093 5239477.55020237 5553357 0.046954299859629685
248004 0.9505950596042037 5324497.763326615 5601226 0.04657791420407194
250000 0.9572632390245293 5410548.510553781 5652101 0.04620603613706662
252004 0.9642609046206666 5497638.0858651735 5701401 0.04583859396782058
254016 0.9716036797336646 5585774.816484511 5749026 0.04547551742514903
256036 0.9784064972219851 5674967.0628779195 5800214 0.04511673762387577
258064 0.9857982525720708 5765223.218753938 5848279 0.044762187032157355
260100 0.9926264616918062 5856551.711063512 5900056 0.04441179943970264
262144 1 5948961 5948961 0.044065509926859495
