4 17.14602126889811 8624.44869825575 503 0.0004637977614509991
16 163.8850108932209 68995.589586046 421 0.00023189888072549955
36 221.46234908328975 200644.88826946053 906 0.00017942146600641526
64 309.16619680080356 413973.537516276 1339 0.0001545992538169997
100 310.60059013064307 716244.960841263 2306 0.00013961703811855844
144 324.4126220387786 1113059.7062150494 3431 0.0001293731137655417
196 299.7914147317923 1608980.5228655294 5367 0.00012181626639639609
256 312.50656288088777 2207858.866753472 7065 0.00011594944036274978
324 297.0658417592876 2913027.644291574 9806 0.0001112244851623419
400 279.4799964902622 3727424.7131906264 13337 0.00010731269731202841
484 261.61889169194706 4653676.845416354 17788 0.00010400378369132281
576 243.0908229768197 5694159.437409025 23424 0.00010115628238574462
676 226.54058938600008 6851040.504211415 30242 0.0000986711433955842
784 211.3750562185003 8126314.036320244 38445 0.00009647670475149527
900 197.2862982181406 9521825.897200337 48264 0.0000945196866353777
1024 184.03731551359297 11039294.33376736 59984 0.00009275955229019982
1156 171.03680296917494 12680326.498528693 74138 0.00009116484501673766
1296 159.0999213158573 14446431.955401158 90801 0.00008971073300320763
1444 148.52721973948135 16339033.861881124 110007 0.00008837731852486359
1600 138.70656481516454 18359478.332064807 132362 0.00008714844567264211
1764 130.34193224612034 20509042.355062544 157348 0.00008601084192332199
1936 122.73564320248389 22788940.551621195 185675 0.00008495348854039965
2116 115.4067392334406 25200330.985753324 218361 0.00008396715111385849
2304 108.84223158456284 27744320.199831408 254904 0.0000830440242689385
2500 102.75157682616552 30421967.605653305 296073 0.0000821774591442082
2704 96.97269865273067 33234289.33686655 342718 0.00008136175179170968
2916 91.9510073760074 36182261.64742203 393495 0.00008059197704153919
3136 86.37398743706416 39266823.924713485 454614 0.00007986385672578641
3364 82.16874212868701 42488881.373549156 517093 0.00007917365417142307
3600 77.82505379469748 45849307.417231515 589133 0.00007851808899183098
3844 74.08194351662195 49348945.854162544 666140 0.0000778942677187047
4096 70.4148897066966 52988612.80208333 752520 0.00007729962690849985
4356 67.04747662330387 56769098.45695139 846700 0.00007673188615639548
4624 63.97635449248765 60691168.68929841 948650 0.00007618900904136557
4900 61.11189215173399 64755566.49749683 1059623 0.00007566917046721247
5184 58.401113548232665 68963013.33454409 1180851 0.00007517072919728835
5476 55.80470337338464 73314210.3226313 1313764 0.00007469220463402603
5776 53.58682575933591 77809839.3678058 1452033 0.00007423225708893891
6084 51.35132736225051 82450564.18539457 1605617 0.00007378967093930122
6400 49.30854967534518 87237031.24546842 1769207 0.00007336334018510576
6724 47.34088911134946 92169870.64645073 1946940 0.00007295225601207814
7056 45.50951721574167 97249696.9239733 2136909 0.00007255549603939799
7396 43.80602965506724 102477109.80122569 2339338 0.00007217221498875195
7744 42.19650084383379 107852694.88630794 2555963 0.00007180163655774458
8100 40.66359810250585 113377024.32146375 2788170 0.00007144304631804104
8464 39.21806023324568 119050657.38852246 3035608 0.00007109578548884187
8836 37.85683547553253 124874141.07440136 3298589 0.00007075924546087902
9216 36.47960738036944 130848010.6001069 3586881 0.00007043286296622129
9604 35.03360823118534 136972789.9163098 3909754 0.00007011611580568689
10000 33.78764982970494 143248992.1682526 4239685 0.00006980851905927922
10404 32.45103472888385 149677120.13246912 4612399 0.00006950962171634597
10816 31.24352248634445 156257666.62754974 5001282 0.00006921900367154872
11236 30.24614932557973 162991114.9009692 5388822 0.0000689362730405692
11664 29.027814272672 169877938.9938019 5852247 0.00006866106375605115
12100 27.76541337630813 176918604.084978 6371906 0.0000683930334098052
12544 26.980390880066558 184113566.81658396 6823977 0.00006813186131197206
12996 26.1026035356347 191463275.60157245 7335026 0.00006787724674179379
13456 25.442608649662276 198968170.915129 7820274 0.00006762890736800175
13924 24.60885106921477 206628685.57083213 8396519 0.00006738657781969419
14400 23.68117343977381 214445244.9826468 9055516 0.00006715000839102433
14884 22.968596783948506 222418267.41370487 9683581 0.00006691896386511859
15376 22.265201102843186 230548164.21274528 10354641 0.0000666932224444491
15876 21.484534372194158 238835340.03901792 11116617 0.00006647257477643962
16384 20.992851508069556 247280193.07638887 11779257 0.00006625682306442844
16900 20.376847255404623 255883115.2373283 12557542 0.0000660457802552758
17424 19.7901084905937 264644492.35740763 13372564 0.0000658392692959147
17956 19.132317491200663 273564704.3808871 14298566 0.00006563712245202388
18496 18.654152969208774 282644125.5379283 15151807 0.00006543918068276994
19044 18.269783661983887 291883124.51392895 15976277 0.00006524529306623619
19600 17.6479657157719 301282064.6114404 17071773 0.00006505531627074404
20164 17.3421964602571 310841303.90509427 17923987 0.00006486911406778956
20736 16.870787668010397 320561195.3899342 19000962 0.00006468655688277085
21316 16.44830738028382 330442087.123524 20089732 0.00006450752138008308
21904 15.919058560201602 340484322.36217374 21388471 0.00006433189007951056
22500 15.519054080898181 350688239.69160396 22597269 0.0000641595510011586
23104 15.154279873097057 361054173.15234846 23825228 0.00006399039733644391
23716 14.789851102239117 371582452.36017203 25124151 0.00006382432714290894
24336 14.469835452623427 382273402.62176627 26418642 0.00006366124306084363
24964 14.058248848310969 393127345.04596525 27964176 0.00006350105204989278
25600 13.77322908039405 404144596.6507105 29342763 0.00006334366514400111
26244 13.496081078688928 415325470.465979 30773783 0.00006318899722320246
26896 13.231372688918668 426670275.6328746 32246864 0.00006303696680089914
27556 12.9385584790822 438179317.4990714 33866162 0.0000628874958254012
28224 12.622943059593286 449852897.7107858 35637719 0.00006274050949460693
28900 12.3320386354906 461691314.3014445 37438361 0.00006259593608280619
29584 12.079402334606398 473694861.77720237 39215091 0.00006245370677867842
30276 11.83876019385972 485863831.1994611 41040094 0.00006231375553363804
30976 11.516788734848406 498198510.26452416 43258457 0.00006217601891975337
31684 11.365639606464756 510699183.38052195 44933607 0.00006204043599653115
32400 11.131530365473164 523366131.7417266 47016548 0.00006190694818591914
33124 10.874410559704344 536199633.40037787 49308386 0.0000617754991549322
33856 10.699848733822765 549199963.3361264 51327825 0.00006164603470535765
34596 10.439648548145712 562367393.5232005 53868422 0.00006151850267003921
35344 10.186119402935256 575702192.9953933 56518304 0.00006139285281527983
36100 9.980389635432642 589204627.9089658 59036235 0.00006126903674894009
36864 9.680796194390698 602874961.6035526 62275349 0.00006114700783384263
37636 9.409095808993825 616713454.6611526 65544391 0.000061026721106123335
38416 9.325827503892928 630720364.9632874 67631571 0.000060908133198198063
39204 9.105168873302473 644895947.7464005 70827456 0.00006079120226603846
40000 9.003744200361876 659240455.6555678 73218479 0.00006067588792047485
40804 8.783665301432816 673754138.7965902 76705352 0.00006056215116226386
41616 8.619820038393803 688437244.7865293 79866777 0.00006044995432067929
42436 8.388585436280458 703290018.8027513 83838929 0.000060339260995401445
43264 8.172273061572456 718312703.6305331 87896317 0.00006023003600149748
44100 8.069094731625981 733505539.7092909 90903077 0.00006012224531729929
44944 7.924467848069504 748868765.1774786 94500827 0.000060015856035000305
45796 7.727253860499789 764402615.916212 98922933 0.00005991083631380431
46656 7.582105314732439 780107325.5916626 102887957 0.000059807155335471745
47524 7.472587257624932 795983125.6962687 106520419 0.00005970478326211932
48400 7.297366471244779 812030245.5888066 111277164 0.00005960369119613882
49284 7.15916340869947 828248912.5333642 115690740 0.00005950385114211026
50176 7.0088056215441865 844639351.7372559 120511168 0.00005940523597059254
51076 6.878822409293594 861201786.3879186 125196107 0.000059307819383683205
51984 6.729055333179086 877936437.6888214 130469493 0.000059211575882245556
52900 6.63649776751768 894843524.8944288 134836710 0.000059116480734708336
53824 6.474402607786809 911923265.3442454 140850565 0.00005902250994734932
54756 6.410412762693112 929175874.4959778 144947901 0.00005892964023597992
55696 6.263711878238735 946601565.9578415 151124698 0.000058837848998953076
56644 6.117974774859794 964200551.5200442 157601263 0.00005874711429142183
57600 6.011286955243276 981973041.1854699 163354877 0.00005865741480078048
58564 5.905788039892469 999919243.1995953 169311739 0.00005856872982322429
59536 5.795428191262537 1018039364.079658 175662493 0.00005848103924136819
60516 5.678388825029695 1036333608.6431085 182504869 0.000058394323502867734
61504 5.559393849786013 1054802180.0353615 189733307 0.00005830856359999002
62500 5.479926932268667 1073445279.7568758 195886787 0.00005822374105008464
63504 5.354699640005155 1092263107.68958 203982143 0.00005813983787690811
64516 5.271062238319132 1111255862.122667 210821996 0.00005805683659275791
65536 5.160331095382434 1130423739.7777777 219060312 0.00005797472018137489
66564 5.0742680774943505 1149766935.8335898 226587740 0.00005789347208157503
67600 4.9762199219064565 1169285643.9498353 234974672 0.000057813076171574186
68644 4.894752498496109 1188980056.2907586 242909127 0.000057733516753971087
69696 4.7984195357941575 1208850363.5480387 251926776 0.00005765477854135611
70756 4.693208801094649 1228896754.963185 261845745 0.00005757684664251529
71824 4.602506673676211 1249119418.349429 271399806 0.00005749970654920036
72900 4.515771760118723 1269518540.1131203 281129917 0.000057423344123437735
73984 4.43241407516314 1290094305.2746515 291059067 0.000057347745585350334
75076 4.358335457526634 1310846897.4889119 300767784 0.00005727289750146817
76176 4.268237668645068 1331776499.065298 312020230 0.000057198786773504274
77284 4.1868891675999915 1352883290.9872854 323123741 0.00005712540062757441
78400 4.117678218759328 1374167452.9315743 333723856 0.000057052726603839794
79524 4.033051569343651 1395629163.286828 346047934 0.00005698075254655332
80656 3.9683438568604834 1417268599.1720061 357143597 0.00005690946659449076
81796 3.898509064162282 1439085936.454313 369137512 0.000056838857171749447
82944 3.8092227963851535 1461081349.766768 383564162 0.00005676891297889767
84100 3.7535448673636713 1483255012.5254042 395161125 0.00005669962298445938
85264 3.687754075367555 1505607096.9461157 408272099 0.00005663097641671884
86436 3.621669042547384 1528137774.0611544 421942965 0.00005656296275583129
87616 3.55292030111858 1550847213.7352886 436499297 0.00005649557172622616
88804 3.4935041066017702 1573735584.6816359 450474806 0.00005642879328929002
90000 3.4306548345219894 1596803054.4771702 465451388 0.00005636261763631712
91204 3.369379040984081 1620049789.5779269 480815536 0.000056297035181715905
92416 3.3151530758350365 1643475955.3338945 495746627 0.00005623203655646087
93636 3.2578834085220074 1667081716.0036201 511706991 0.00005616761260177882
94864 3.195733378659966 1690867234.7685215 529101472 0.00005610375436306021
96100 3.1485205130023197 1714832673.7469232 544647134 0.00005604045308398558
97344 3.082955419407132 1738978194.007817 564062063 0.00005597770020085854
98596 3.0421365024313016 1763303955.5843618 579626836 0.000055915487337136455
99856 2.9935791397640488 1787810117.4871178 597214917 0.00005585380629815097
101124 2.9398660099627136 1812496837.7170343 616523621 0.00005579264906601035
102400 2.89687958706001 1837364273.2781892 634256350 0.00005573200779467641
103684 2.8427083037071683 1862412580.1902905 655154304 0.000055671874805208934
104976 2.806717952248082 1887641913.5009398 672544212 0.00005561224258117096
106276 2.757928480440274 1913052427.2976756 693655561 0.00005555310376418826
107584 2.7122994798792543 1938644274.7197852 714760405 0.00005549445114965734
108900 2.6731923545771488 1964417607.9699073 734858307 0.000055436277682595595
110224 2.635121068091959 1990372578.3254206 755324908 0.00005537857645362851
111556 2.586972547844897 2016509336.1496232 779486175 0.000055321340695108316
112896 2.553645193305862 2042828030.9027138 799965491 0.00005526456377735913
114244 2.5184889893652955 2069328811.152576 821654897 0.00005520823920504364
115600 2.481940020901191 2096011824.585369 844505430 0.00005515236061364676
116964 2.4436427735372765 2122877218.0159328 868734678 0.0000550969217660718
118336 2.407666077507442 2149925137.3980074 892949881 0.0000550419165493449
119716 2.3755661379182462 2177155727.8342767 916478684 0.00005498733897142368
121104 2.3406410810164844 2204569133.5862355 941865522 0.000054933183158106124
122500 2.306438920316837 2232165498.083885 967797360 0.000054879443350036236
123904 2.2732519625997925 2259944963.935267 994146272 0.0000548261138998025
125316 2.243930714878117 2287907672.935827 1019598180 0.00005477318926912615
126736 2.211638100489813 2316053766.0776234 1047211913 0.00005472066402613574
128164 2.1836618959364684 2344383383.558381 1073601819 0.00005466853284272495
129600 2.1520809622234536 2372896664.790393 1102605667 0.000054616790491990544
131044 2.1241305523305156 2401593748.4092665 1130624361 0.00005456543184574788
132496 2.0955654139577407 2430474772.282535 1159818136 0.00005451445187212079
133956 2.067491308921153 2459539873.5181193 1189625254 0.000054463845633203615
135424 2.0405558351583304 2488789188.472653 1219662381 0.00005441360828279251
136900 2.014368720178047 2518222852.7596684 1250130042 0.0000543637350641839
138384 1.9902984450717935 2547841001.2576575 1280130127 0.000054314221308037395
139876 1.9659874779722284 2577643768.1179924 1311119118 0.00005426506243030132
141376 1.9408778880831397 2607631286.772724 1343531864 0.00005421625393019839
142884 1.9165699980320101 2637803689.9422565 1376314819 0.000054167791388269626
144400 1.8929511602747964 2668161109.642896 1409524538 0.00005411967046447444
145924 1.868303810870593 2698703677.1942844 1444467255 0.00005407188689634511
147456 1.8458256472198085 2729431523.2267103 1478704951 0.00005402443649719367
148996 1.8249706721949588 2760344777.6883125 1512541993 0.00005397731515436948
150544 1.8030401176004607 2791443569.852164 1548187166 0.00005393051882756594
152100 1.782559776131591 2822728028.3232503 1583525033 0.00005388404354717449
153664 1.7613745922750257 2854198281.0453424 1620437977 0.00005383788541268443
155236 1.7409945042650983 2885854455.3077574 1657589641 0.00005379204059112714
156816 1.7215793421582177 2917696677.7520204 1694779094 0.00005374650531556318
158404 1.7014938237622637 2949725074.378427 1733609040 0.0000537012758836107
160000 1.6824479620705004 2981939770.5525017 1772381576 0.0000536563486560142
161604 1.6641389076583282 3014340891.011362 1811351731 0.000053611720055251995
163216 1.6451892824308836 3046928559.8699884 1852023103 0.00005356738656418133
164836 1.6273384175029058 3079702900.6273975 1892478459 0.0000535233447247199
166464 1.6097378588136082 3112664036.1727285 1933646537 0.00005347959113656253
168100 1.592036113519367 3145812088.7912335 1975967795 0.000053436122455932135
169744 1.5744916463931995 3179147180.170186 2019157858 0.00005339293539436361
171396 1.5586472847995825 3212669431.4047008 2061190792 0.00005335002671751982
173056 1.5412662102995207 3246378963.0034695 2106306452 0.000053307393244038545
174724 1.5261207930327036 3280275894.89441 2149420878 0.000053265031844409616
176400 1.5097271142745368 3314360346.4302425 2195337366 0.00005322293943988106
178084 1.4932898131466932 3348632436.393975 2242453144 0.00005318111300139362
179776 1.478571556066276 3383092283.004321 2288081540 0.00005313954954854253
181476 1.4632035086653035 3417740003.9210343 2335792652 0.000053098246148566
183184 1.449173200327722 3452575716.2501683 2382445187 0.000053057199915359295
184900 1.4324824647244916 3487599536.549266 2434654261 0.00005301640800851394
186624 1.4206681096702165 3522811580.832471 2479686534 0.00005297586763238105
188356 1.405716245406706 3558211964.5755734 2531244820 0.000052935576035158226
190096 1.3911325563817993 3593800802.7209816 2583363308 0.000052895530507999286
191844 1.378213466346885 3629578209.6826277 2633538489 0.00005285572838414603
193600 1.368736491333247 3665544299.3508043 2678049663 0.00005281616703808164
195364 1.356151810814492 3701699185.096939 2729561068 0.00005277684388470476
197136 1.3426926343097898 3738042979.778293 2783990084 0.000052737756378524125
198916 1.33021612155353 3774575795.7426133 2837565817 0.00005269890201287244
200704 1.3166653862624673 3811297744.8327045 2894659330 0.000052660278319139776
202500 1.3045244019566842 3848208938.3909545 2949894178 0.000052621882866025204
204304 1.2910116384176717 3885309487.2637854 3009507716 0.00005258371325880665
206116 1.280020468336569 3922599501.806059 3064481857 0.00005254576713862816
207936 1.2695416761453067 3960079091.885413 3119298221 0.000052508042181804164
209764 1.255702582122855 3997748366.8865466 3183674561 0.00005247053609914037
211600 1.2447301011704204 4035607435.715445 3242154610 0.00005243324663527063
213444 1.2334752204139916 4073656406.8035545 3302584713 0.000052396171568009465
215296 1.223289622494053 4111895388.1118994 3361342492 0.00005235930870771974
217156 1.2115829815088899 4150324487.1351423 3425538779 0.00005232265589669519
219024 1.2010117128392304 4188943810.905603 3487845927 0.00005228621100855718
220900 1.19076916242847 4227753465.9972095 3550439161 0.00005224997194766555
222784 1.1808503959369514 4266753558.529418 3613288841 0.000052213936648542896
224676 1.1702999674867822 4305944194.171064 3679350862 0.000052178103075312216
226576 1.1604644675979905 4345325478.144176 3744470942 0.00005214246922114733
228484 1.1504329412076857 4384897515.227739 3811519436 0.00005210703310773574
230400 1.1402598688201353 4424660409.761412 3880396505 0.00005207179278475378
232324 1.1308626488238869 4464614265.649189 3947972170 0.000052036746329353564
234256 1.12122116219278 4504759186.363031 4017725796 0.0000520018918456614
236196 1.1121848937913092 4545095274.946438 4086636404 0.00005196722746428753
238144 1.1020499088215943 4585622634.017986 4160993615 0.00005193275134184666
240100 1.0932421606435632 4626341365.774816 4231762671 0.00005189846166048931
242064 1.0842494017862152 4667251571.9960785 4304592250 0.000051864356627443305
244036 1.0749284924888631 4708353354.046347 4380154947 0.00005183043447456553
246016 1.0660775222948993 4749646812.878968 4455254626 0.00005179669345790344
248004 1.057768909377855 4791132049.039401 4529469534 0.00005176313185726609
250000 1.0493843669278462 4832809162.668488 4605375604 0.00005172974797580458
252004 1.0405437663163033 4874678253.505702 4684741201 0.00005169654013960149
254016 1.0323924452737325 4916739420.892353 4762471329 0.00005166350669726929
256036 1.0234011185043377 4958992763.774751 4845600297 0.000051630646019557244
258064 1.0162593633774868 5001438380.707336 4921419237 0.00005159795649896678
260100 1.0079507562202654 5044076369.855772 5004288492 0.00005156543654937508
262144 1 5086906829 5086906829 0.00005153308460566656
