4 0.23455798718356347 90.77394104003906 387 0.044065509926859495
16 1.5650679489661907 363.09576416015625 232 0.044065509926859495
36 1.9829258965057077 816.9654693603516 412 0.044065509926859495
64 2.1140946967112444 1452.383056640625 687 0.044065509926859495
100 2.238016297831338 2269.3485260009766 1014 0.044065509926859495
144 2.288418681681657 3267.8618774414062 1428 0.044065509926859495
196 2.382390525421486 4447.923110961914 1867 0.044065509926859495
256 2.4358625687893083 5809.5322265625 2385 0.044065509926859495
324 2.337898004528828 7352.689224243164 3145 0.044065509926859495
400 2.3455798718356347 9077.394104003906 3870 0.044065509926859495
484 2.3221240731172785 10983.646865844727 4730 0.044065509926859495
576 2.2253060111960545 13071.447509765625 5874 0.044065509926859495
676 2.1931087971074485 15340.796035766602 6995 0.044065509926859495
784 2.171837456524372 17791.692443847656 8192 0.044065509926859495
900 2.150814736100336 20424.13673400879 9496 0.044065509926859495
1024 2.125309027460216 23238.12890625 10934 0.044065509926859495
1156 2.0630441145463423 26233.66896057129 12716 0.044065509926859495
1296 2.032533303177101 29410.756896972656 14470 0.044065509926859495
1444 2.000817725940536 32769.3927154541 16378 0.044065509926859495
1600 1.9763540396263675 36309.576416015625 18372 0.044065509926859495
1764 1.9528419922268025 40031.30799865723 20499 0.044065509926859495
1936 1.9321248719547433 43934.587463378906 22739 0.044065509926859495
2116 1.8967261053908704 48019.414810180664 25317 0.044065509926859495
2304 1.870957920241269 52285.7900390625 27946 0.044065509926859495
2500 1.8480638831891727 56733.713150024414 30699 0.044065509926859495
2704 1.8243306024220005 61363.184143066406 33636 0.044065509926859495
2916 1.8003646484434779 66174.20301818848 36756 0.044065509926859495
3136 1.7854630014649295 71166.76977539062 39859 0.044065509926859495
3364 1.7702234067170517 76340.88441467285 43125 0.044065509926859495
3600 1.7560086608209775 81696.54693603516 46524 0.044065509926859495
3844 1.7436638217729226 87233.75733947754 50029 0.044065509926859495
4096 1.7309270893465671 92952.515625 53701 0.044065509926859495
4356 1.708541978509498 98852.82179260254 57858 0.044065509926859495
4624 1.6925220703928314 104934.67584228516 61999 0.044065509926859495
4900 1.6753763299892703 111198.07777404785 66372 0.044065509926859495
5184 1.6579014302328192 117643.02758789062 70959 0.044065509926859495
5476 1.648005799058609 124269.52528381348 75406 0.044065509926859495
5776 1.6352604371647692 131077.5708618164 80157 0.044065509926859495
6084 1.6234982811271876 138067.1643218994 85043 0.044065509926859495
6400 1.6135617387215173 145238.3056640625 90011 0.044065509926859495
6724 1.6051227569379443 152590.99488830566 95065 0.044065509926859495
7056 1.5954925916902871 160125.2319946289 100361 0.044065509926859495
7396 1.588305593510473 167841.01698303223 105673 0.044065509926859495
7744 1.5568599384613362 175738.34985351562 112880 0.044065509926859495
8100 1.574235912903406 183817.2306060791 116766 0.044065509926859495
8464 1.5598569023430837 192077.65924072266 123138 0.044065509926859495
8836 1.5473746267561275 200519.6357574463 129587 0.044065509926859495
9216 1.5349168127600783 209143.16015625 136257 0.044065509926859495
9604 1.5231442399391562 217948.2324371338 143091 0.044065509926859495
10000 1.5139385884980865 226934.85260009766 149897 0.044065509926859495
10404 1.503524868308837 236103.0206451416 157033 0.044065509926859495
10816 1.494394100251847 245452.73657226562 164249 0.044065509926859495
11236 1.486119936713369 254984.00038146973 171577 0.044065509926859495
11664 1.4786787930928271 264696.8120727539 179009 0.044065509926859495
12100 1.4712106623131762 274591.17164611816 186643 0.044065509926859495
12544 1.4643368266541281 284667.0791015625 194400 0.044065509926859495
12996 1.4578789326539046 294924.5344390869 202297 0.044065509926859495
13456 1.4519756056977657 305363.5376586914 210309 0.044065509926859495
13924 1.4460323120309355 315984.088760376 218518 0.044065509926859495
14400 1.4398467905839407 326786.1877441406 226959 0.044065509926859495
14884 1.4348029608090724 337769.83460998535 235412 0.044065509926859495
15376 1.4304074729459588 348935.02935791016 243941 0.044065509926859495
15876 1.425277996629144 360281.77198791504 252780 0.044065509926859495
16384 1.4218303658494613 371810.0625 261501 0.044065509926859495
16900 1.4115616947216039 383519.90089416504 271699 0.044065509926859495
17424 1.4032275696551302 395411.28717041016 281787 0.044065509926859495
17956 1.3947583169449516 407484.22132873535 292154 0.044065509926859495
18496 1.3877861722492846 419738.7033691406 302452 0.044065509926859495
19044 1.380701423565389 432174.733291626 313011 0.044065509926859495
19600 1.3742578974732478 444792.3110961914 323660 0.044065509926859495
20164 1.3676837912773763 457591.4367828369 334574 0.044065509926859495
20736 1.3617470240086886 470572.1103515625 345565 0.044065509926859495
21316 1.350289136770557 483734.33180236816 358245 0.044065509926859495
21904 1.3408378815804132 497078.1011352539 370722 0.044065509926859495
22500 1.3446698611365617 510603.4183502197 379724 0.044065509926859495
23104 1.3398230728372762 524310.2834472656 391328 0.044065509926859495
23716 1.3352752093384928 538198.6964263916 403062 0.044065509926859495
24336 1.330726163487885 552268.6572875977 415013 0.044065509926859495
24964 1.326030864009746 566520.1660308838 427230 0.044065509926859495
25600 1.321826275417626 580953.22265625 439508 0.044065509926859495
26244 1.3175871259821517 595567.8271636963 452014 0.044065509926859495
26896 1.3143518716261169 610363.9795532227 464384 0.044065509926859495
27556 1.3107003276528837 625341.6798248291 477105 0.044065509926859495
28224 1.3069393747890956 640500.9279785156 490077 0.044065509926859495
28900 1.3034327189178148 655841.7240142822 503165 0.044065509926859495
29584 1.3000047788133364 671364.0679321289 516432 0.044065509926859495
30276 1.2968464639081154 687067.9597320557 529799 0.044065509926859495
30976 1.286282524087946 702953.3994140625 546500 0.044065509926859495
31684 1.290947620213888 719020.3869781494 556971 0.044065509926859495
32400 1.2881939861141718 735268.9224243164 570775 0.044065509926859495
33124 1.2839503529758982 751699.0057525635 585458 0.044065509926859495
33856 1.278838187451964 768310.6369628906 600788 0.044065509926859495
34596 1.2745812556704026 785103.8160552979 615970 0.044065509926859495
35344 1.2628294418742603 802078.5430297852 635144 0.044065509926859495
36100 1.263923578279632 819234.8178863525 648168 0.044065509926859495
36864 1.2604471533920638 836572.640625 663711 0.044065509926859495
37636 1.2565239688429273 854092.0112457275 679726 0.044065509926859495
38416 1.2524662777379212 871792.9297485352 696061 0.044065509926859495
39204 1.2432093156408397 889675.3961334229 715628 0.044065509926859495
40000 1.244600489757056 907739.4104003906 729342 0.044065509926859495
40804 1.240815967054111 925984.9725494385 746271 0.044065509926859495
41616 1.2373075183164322 944412.0825805664 763280 0.044065509926859495
42436 1.2283678499736914 963020.7404937744 783984 0.044065509926859495
43264 1.2301930801333958 981810.9462890625 798095 0.044065509926859495
44100 1.2264734357125024 1000782.6999664307 815984 0.044065509926859495
44944 1.2240529514439078 1019936.0015258789 833245 0.044065509926859495
45796 1.2168991922637644 1039270.8509674072 854032 0.044065509926859495
46656 1.2164333628112673 1058787.2482910156 870403 0.044065509926859495
47524 1.2157137453590932 1078485.193496704 887121 0.044065509926859495
48400 1.2130916127706435 1098364.6865844727 905426 0.044065509926859495
49284 1.205888845519878 1118425.7275543213 927470 0.044065509926859495
50176 1.2077491524267556 1138668.31640625 942802 0.044065509926859495
51076 1.2052774809320959 1159092.4531402588 961681 0.044065509926859495
51984 1.198388200125505 1179698.1377563477 984404 0.044065509926859495
52900 1.2000533510481393 1200485.3702545166 1000360 0.044065509926859495
53824 1.1981254499978573 1221454.1506347656 1019471 0.044065509926859495
54756 1.196057508826109 1242604.4788970947 1038917 0.044065509926859495
55696 1.191923889414734 1263936.355041504 1060417 0.044065509926859495
56644 1.1914480984449796 1285449.7790679932 1078897 0.044065509926859495
57600 1.190247020365414 1307144.7509765625 1098213 0.044065509926859495
58564 1.1852134025667727 1329021.270767212 1121335 0.044065509926859495
59536 1.1860874566896684 1351079.3384399414 1139106 0.044065509926859495
60516 1.1812632659072249 1373318.953994751 1162585 0.044065509926859495
61504 1.1821413594714612 1395740.1174316406 1180688 0.044065509926859495
62500 1.1804394274260244 1418342.8287506104 1201538 0.044065509926859495
63504 1.1776406020159986 1441127.0879516602 1223741 0.044065509926859495
64516 1.177189457614453 1464092.89503479 1243719 0.044065509926859495
65536 1.1756765569862009 1487240.25 1265008 0.044065509926859495
66564 1.1696736236133092 1510569.15284729 1291445 0.044065509926859495
67600 1.1695737556210657 1534079.6035766602 1311657 0.044065509926859495
68644 1.1658693003519902 1557771.6021881104 1336146 0.044065509926859495
69696 1.1643904783329435 1581645.1486816406 1358346 0.044065509926859495
70756 1.1616879909661182 1605700.243057251 1382213 0.044065509926859495
71824 1.1567482089685817 1629936.8853149414 1409068 0.044065509926859495
72900 1.1566457728250161 1654355.075454712 1430304 0.044065509926859495
73984 1.1530016024863767 1678954.8134765625 1456160 0.044065509926859495
75076 1.1517450216022775 1703736.0993804932 1479265 0.044065509926859495
76176 1.1485089592434226 1728698.933166504 1505168 0.044065509926859495
77284 1.1465666054115684 1753843.3148345947 1529648 0.044065509926859495
78400 1.1436557534005998 1779169.2443847656 1555686 0.044065509926859495
79524 1.1427530285638223 1804676.7218170166 1579236 0.044065509926859495
80656 1.1390167502388642 1830365.7471313477 1606970 0.044065509926859495
81796 1.138090091616703 1856236.3203277588 1631010 0.044065509926859495
82944 1.1352361052328355 1882288.44140625 1658059 0.044065509926859495
84100 1.1337925741259598 1908522.1103668213 1683308 0.044065509926859495
85264 1.1313259553345487 1934937.3272094727 1710327 0.044065509926859495
86436 1.130401060324969 1961534.091934204 1735255 0.044065509926859495
87616 1.1271005272057433 1988312.4045410156 1764095 0.044065509926859495
88804 1.1264778566776619 2015272.2650299072 1789003 0.044065509926859495
90000 1.1232884860955916 2042413.673400879 1818245 0.044065509926859495
91204 1.1230837344594162 2069736.6296539307 1842905 0.044065509926859495
92416 1.120510863105057 2097241.1337890625 1871683 0.044065509926859495
93636 1.1195476481614155 2124927.1858062744 1898023 0.044065509926859495
94864 1.1170513600504597 2152794.7857055664 1927212 0.044065509926859495
96100 1.1159658674668518 2180843.9334869385 1954221 0.044065509926859495
97344 1.1154368053183636 2209074.6291503906 1980457 0.044065509926859495
98596 1.1126461355252828 2237486.872695923 2010960 0.044065509926859495
99856 1.1119074196440135 2266080.664123535 2038012 0.044065509926859495
101124 1.109246087515209 2294856.0034332275 2068843 0.044065509926859495
102400 1.1085576621026414 2323812.890625 2096249 0.044065509926859495
103684 1.1081780928952458 2352951.3256988525 2123261 0.044065509926859495
104976 1.1049962260256743 2382271.308654785 2155909 0.044065509926859495
106276 1.104168739234965 2411772.839492798 2184243 0.044065509926859495
107584 1.1038825437877806 2441455.9182128906 2211699 0.044065509926859495
108900 1.1017649781436858 2471320.5448150635 2243056 0.044065509926859495
110224 1.1003560211132317 2501366.7192993164 2273234 0.044065509926859495
111556 1.1004616600965924 2531594.4416656494 2300484 0.044065509926859495
112896 1.098153292853768 2562003.7119140625 2333011 0.044065509926859495
114244 1.0972788603633123 2592594.5300445557 2362749 0.044065509926859495
115600 1.0961139966494977 2623366.896057129 2393334 0.044065509926859495
116964 1.0963375063821856 2654320.809951782 2421080 0.044065509926859495
118336 1.0933680566551454 2685456.2717285156 2456132 0.044065509926859495
119716 1.093357362662867 2716773.281387329 2484799 0.044065509926859495
121104 1.0914494265406551 2748271.8389282227 2518002 0.044065509926859495
122500 1.0911952540629852 2779951.9443511963 2547621 0.044065509926859495
123904 1.0898882510073027 2811813.59765625 2579910 0.044065509926859495
125316 1.0886738904722777 2843856.798843384 2612221 0.044065509926859495
126736 1.087240874830822 2876081.5479125977 2645303 0.044065509926859495
128164 1.0872998084699053 2908487.8448638916 2674964 0.044065509926859495
129600 1.0857621845878402 2941075.6896972656 2708766 0.044065509926859495
131044 1.0847506830793494 2973845.0824127197 2741501 0.044065509926859495
132496 1.0820526578341334 3006796.023010254 2778789 0.044065509926859495
133956 1.0810575806464335 3039928.511489868 2811995 0.044065509926859495
135424 1.0791936948358223 3073242.5478515625 2847721 0.044065509926859495
136900 1.0771165832019918 3106738.132095337 2884310 0.044065509926859495
138384 1.0763258355403749 3140415.2642211914 2917718 0.044065509926859495
139876 1.0736975080221438 3174273.944229126 2956395 0.044065509926859495
141376 1.0724258357514505 3208314.1721191406 2991642 0.044065509926859495
142884 1.0705484243686922 3242535.9478912354 3028855 0.044065509926859495
144400 1.0691049600425333 3276939.27154541 3065124 0.044065509926859495
145924 1.067040574339034 3311524.143081665 3103466 0.044065509926859495
147456 1.0659240553646268 3346290.5625 3139333 0.044065509926859495
148996 1.0644393812270239 3381238.529800415 3176544 0.044065509926859495
150544 1.062670937520346 3416368.04498291 3214888 0.044065509926859495
152100 1.061210060434179 3451679.1080474854 3252588 0.044065509926859495
153664 1.059658774160714 3487171.7189941406 3290844 0.044065509926859495
155236 1.0584847825482915 3522845.877822876 3328197 0.044065509926859495
156816 1.0570245855408331 3558701.5845336914 3366716 0.044065509926859495
158404 1.0555000950243978 3594738.839126587 3405721 0.044065509926859495
160000 1.0543741186033904 3630957.6416015625 3443709 0.044065509926859495
161604 1.0528367957838443 3667357.991958618 3483311 0.044065509926859495
163216 1.0514721246632848 3703939.890197754 3522623 0.044065509926859495
164836 1.0499698222204734 3740703.3363189697 3562677 0.044065509926859495
166464 1.0485143545269522 3777648.3303222656 3602858 0.044065509926859495
168100 1.0475592138496987 3814774.8722076416 3641584 0.044065509926859495
169744 1.0460513260085333 3852082.9619750977 3682499 0.044065509926859495
171396 1.0451985449518708 3889572.599624634 3721372 0.044065509926859495
173056 1.0438692331682216 3927243.78515625 3762199 0.044065509926859495
174724 1.0424180245778432 3965096.5185699463 3803749 0.044065509926859495
176400 1.0413679323956877 4003130.7998657227 3844108 0.044065509926859495
178084 1.0403788984265854 4041346.629043579 3884495 0.044065509926859495
179776 1.039311893149872 4079744.0061035156 3925428 0.044065509926859495
181476 1.0382566650184435 4118322.931045532 3966575 0.044065509926859495
183184 1.0371501382222772 4157083.403869629 4008179 0.044065509926859495
184900 1.0363617069573645 4196025.424575806 4048804 0.044065509926859495
186624 1.03538571911403 4235148.9931640625 4090407 0.044065509926859495
188356 1.0334956051205064 4274454.109634399 4135919 0.044065509926859495
190096 1.0331631665776506 4313940.773986816 4175469 0.044065509926859495
191844 1.0320066928163403 4353608.9862213135 4218586 0.044065509926859495
193600 1.0309902471743164 4393458.746337891 4261397 0.044065509926859495
195364 1.0294982753424795 4433490.054336548 4306457 0.044065509926859495
197136 1.0254006147350927 4473702.910217285 4362883 0.044065509926859495
198916 1.0246408588593552 4514097.313980103 4405541 0.044065509926859495
200704 1.0228865133518161 4554673.265625 4452765 0.044065509926859495
202500 1.022465832962761 4595430.765151978 4494459 0.044065509926859495
204304 1.021391738481353 4636369.812561035 4539267 0.044065509926859495
206116 1.021183550964788 4677490.407852173 4580460 0.044065509926859495
207936 1.0196064200270374 4718792.551025391 4628053 0.044065509926859495
209764 1.018956683599921 4760276.2420806885 4671716 0.044065509926859495
211600 1.01862318756112 4801941.481018066 4714149 0.044065509926859495
213444 1.0168247917585571 4843788.267837524 4763641 0.044065509926859495
215296 1.0162596419409962 4885816.6025390625 4807646 0.044065509926859495
217156 1.0157398609224386 4928026.485122681 4851662 0.044065509926859495
219024 1.0149855873114146 4970417.915588379 4897033 0.044065509926859495
220900 1.0139532383124448 5012990.893936157 4944006 0.044065509926859495
222784 1.0134483957534886 5055745.420166016 4988656 0.044065509926859495
224676 1.0124945329580617 5098681.494277954 5035762 0.044065509926859495
226576 1.0121321067602855 5141799.116271973 5080166 0.044065509926859495
228484 1.0112383380487295 5185098.286148071 5127474 0.044065509926859495
230400 1.0109695849231106 5228579.00390625 5171846 0.044065509926859495
232324 1.009621464724136 5272241.269546509 5221998 0.044065509926859495
234256 1.0089013974216203 5316085.083068848 5269182 0.044065509926859495
236196 1.0085655641553526 5360110.444473267 5314588 0.044065509926859495
238144 1.0077368450439685 5404317.353759766 5362826 0.044065509926859495
240100 1.007388744171629 5448705.810928345 5408742 0.044065509926859495
242064 1.006264025436338 5493275.815979004 5459080 0.044065509926859495
244036 1.0055538269888993 5538027.368911743 5507440 0.044065509926859495
246016 1.005330734135508 5582960.4697265625 5553357 0.044065509926859495
248004 1.0047934360126625 5628075.118423462 5601226 0.044065509926859495
250000 1.0037632581233848 5673371.315002441 5652101 0.044065509926859495
252004 1.0030603108715737 5718849.059463501 5701401 0.044065509926859495
254016 1.0026930391003 5764508.351806641 5749026 0.044065509926859495
256036 1.0017473824296588 5810349.19203186 5800214 0.044065509926859495
258064 1.0013837541162383 5856371.58013916 5848279 0.044065509926859495
260100 1.0004270325787654 5902575.51612854 5900056 0.044065509926859495
262144 1 5948961 5948961 0.044065509926859495
