4 0.0009279881692750609 0.5502969843801111 593 7.268802325903803
16 0.01000539971600202 8.804751750081778 880 1.8172005814759506
36 0.020956302649172073 44.574055734789 2127 0.8076447028782002
64 0.03639267062808278 140.87602800130844 3871 0.45430014536898766
100 0.05489794337391372 343.93561523756944 6265 0.29075209303615207
144 0.10385683584631192 713.184891756624 6867 0.20191117571955006
196 0.13649411771659573 1321.2630594966467 9680 0.14834290461028168
256 0.17542349194652776 2254.016448020935 12849 0.11357503634224692
324 0.19693986333485566 3610.498514517909 18333 0.08973830031980003
400 0.23208510159002618 5502.969843801111 23711 0.07268802325903802
484 0.2559451745071065 8056.898148309207 31479 0.06007274649507275
576 0.27776729554066315 11410.958268105984 41081 0.050477793929887514
676 0.2982925065644402 15717.032170880353 52690 0.04301066465031836
784 0.3254242318885864 21140.208951946348 64962 0.03708572615257042
900 0.3542661923528463 27858.784834243124 78638 0.03230578811512801
1024 0.384402553516185 36064.26316833496 93819 0.02839375908556173
1156 0.41465274697014026 45961.35443241126 110843 0.02515156514153565
1296 0.4442152811125883 57767.97623228654 130045 0.022434575079950007
1444 0.4703318072207168 71715.25330140046 152478 0.020135186498348483
1600 0.49650669076893195 88047.51750081778 177334 0.018172005814759504
1764 0.5248146751693199 107022.30781922839 203924 0.016482544956697966
1936 0.5487672689124184 128910.3703729473 234909 0.015018186623768187
2116 0.5727236694246742 153995.65840591467 268883 0.01374064711891078
2304 0.5980958336954139 182575.33228969574 305261 0.012619448482471879
2500 0.6245743659339306 214959.7595234809 344170 0.011630083721446085
2704 0.6527921654667277 251472.51473408565 385226 0.01075266616257959
2916 0.6775205252334092 292450.3796759506 431648 0.009970922257755558
3136 0.6990159712145273 338243.34323114157 483885 0.009271431538142605
3364 0.7226345864025573 389214.60140934936 538605 0.008643046760884426
3600 0.7504593048787875 445740.55734789 593957 0.008076447028782003
3844 0.7750885282808325 508210.8213117046 655681 0.007563790141419149
4096 0.7974155198126087 577028.2106933594 723623 0.007098439771390432
4356 0.821655287132373 652608.7500130457 794261 0.0066747496105636385
4624 0.8455549433755893 735381.6709185801 869703 0.006287891285383912
4900 0.8726830350751684 825789.4121854042 946265 0.005933716184411267
5184 0.8947076888166184 924287.6197165847 1033061 0.005608643769987502
5476 0.9135477339842184 1031345.1465428134 1128945 0.005309570727468081
5776 0.9346313079061098 1147444.0528224073 1227697 0.005033796624587121
6084 0.9530044756529757 1273079.6058413086 1335859 0.004778962738924262
6400 0.9692926743772039 1408760.2800130844 1453390 0.004543001453689876
6724 0.9902388768256775 1555007.7568789271 1570336 0.004324094185546581
7056 1.0052594432467656 1712356.9251076542 1703398 0.004120636239174491
7396 1.023871603520292 1881355.8804957082 1837492 0.003931207315253544
7744 1.0418772922296153 2062565.925967157 1979663 0.003754546655942047
8100 1.0607427636536377 2256561.5715736933 2127341 0.003589532012792001
8464 1.0788717479111092 2463930.5344946347 2283803 0.003435161779727695
8836 1.0942172698524872 2685273.739036925 2454059 0.0032905397582181084
9216 1.1116936997295102 2921205.316635132 2627707 0.0031548621206179696
9604 1.1272145530431763 3172352.605851449 2814329 0.0030274062165363607
10000 1.1428862457052975 3439356.1523756944 3009360 0.002907520930361521
10404 1.1567124321033926 3722869.709025312 3218492 0.0027946183490595165
10816 1.1694006241588915 4023560.2357453704 3440703 0.0026881665406448974
11236 1.1809806191830776 4342107.899608564 3676697 0.002587683277288644
11664 1.1929066289737376 4679206.07481521 3922525 0.0024927305644388896
12100 1.20306654418973 5035561.342693254 4185605 0.00240290985980291
12544 1.2133373535897096 5411893.491698265 4460337 0.0023178578845356513
12996 1.2190881474971242 5808935.517413437 4764984 0.0022372429442609424
13456 1.2314659916090522 6227433.62254959 5056927 0.0021607616902211066
13924 1.2380941378140597 6668147.216945168 5385816 0.0020881362613914974
14400 1.2480278515540288 7131848.91756624 5714495 0.002019111757195501
14884 1.2567829489424607 7619324.548506502 6062562 0.001953453997824188
15376 1.2666783303399192 8131373.140987273 6419446 0.0018909475353547872
15876 1.2687076987432648 8668806.9333575 6832785 0.0018313938840775516
16384 1.280036670466532 9232451.37109375 7212646 0.001774609942847608
16900 1.2847416726218728 9823145.10680022 7646008 0.0017204265860127344
17424 1.2901291174650582 10441740.000208732 8093562 0.0016686874026409096
17956 1.2958322258089154 11089101.118178729 8557513 0.0016192475664744493
18496 1.3006408228492954 11766106.734697282 9046392 0.001571972821345978
19044 1.2953608005417416 12473648.330879088 9629478 0.0015267385687678643
19600 1.3085117434083071 13212630.594966467 10097449 0.0014834290461028167
20164 1.313544529976602 13983971.422329366 10645982 0.001441936585182266
20736 1.31823297611387 14788601.915465355 11218504 0.0014021609424968754
21316 1.319690078763532 15627466.38399963 11841770 0.0013640086931701637
21904 1.325793851863598 16501522.344685014 12446522 0.0013273926818670203
22500 1.3225158041476173 17411740.521401953 13165620 0.0012922315246051204
23104 1.3234823415821098 18359104.845158517 13871817 0.0012584491561467802
23716 1.328736692900125 19344612.454090405 14558650 0.0012259744182667907
24336 1.3376068469434224 20369273.693460938 15228147 0.0011947406847310656
24964 1.3348351104051865 21434112.115661062 16057498 0.0011646855192923894
25600 1.3396320829087938 22540164.48020935 16825638 0.001135750363422469
26244 1.3479954695429086 23688480.753752 17573116 0.0011078802508617288
26896 1.3577023005933988 24880124.110062834 18325169 0.0010810235463866453
27556 1.3575951681470262 26116170.9300433 19237083 0.0010551317064746411
28224 1.3636239154288656 27397710.801722467 20091838 0.0010301590597936229
28900 1.359540358760274 28725846.520257037 21129087 0.001006062605661426
29584 1.3697470523510764 30101694.08793133 21976097 0.000982801828813386
30276 1.3637009126146902 31526382.7141573 23118253 0.0009603385289871585
30976 1.3704252179529146 33001054.81547451 24080887 0.0009386366639855117
31684 1.368524613028719 34526866.01555017 25229262 0.0009176622050124734
32400 1.3784616188357186 36104985.14517909 26192231 0.0008973830031980002
33124 1.3733875930667336 37736594.242283724 27477017 0.0008777686663330278
33856 1.3742455467846528 39422888.551914155 28686932 0.0008587904449319238
34596 1.3797592270576722 41165076.52624807 29834971 0.00084042112682435
35344 1.3786092215059855 42964379.8245908 31165017 0.0008226349395545271
36100 1.3864401390601113 44822033.31337529 32328863 0.0008054074599339393
36864 1.384551166499597 46739285.06616211 33757716 0.0007887155301544924
37636 1.3957524045752834 48717396.36363947 34904039 0.0007725371799238817
38416 1.3913870318080532 50757641.693623185 36479887 0.0007568515541340902
39204 1.3942007262022593 52861308.7510567 37915135 0.0007416388456181821
40000 1.3854407540447038 55029698.43801111 39719994 0.0007268802325903803
40804 1.4010555912975586 57264124.863685094 40872129 0.0007125578204003336
41616 1.3991248667611538 59565915.344404995 42573695 0.0006986545872648791
42436 1.3991066568836037 61936410.40362474 44268541 0.0006851543336698843
43264 1.4003816050597517 64376963.771925926 45971015 0.0006720416351612244
44100 1.4041259028383197 66888942.38701774 47637425 0.0006593017982679186
44944 1.4029254969544402 69473726.39373702 49520610 0.000646920819322161
45796 1.3983176144152893 72132709.1440482 51585354 0.0006348853459606779
46656 1.3885226217834286 74867297.19704336 53918673 0.0006231826411097224
47524 1.3939658792086176 77678910.3189422 55725116 0.0006118005492722669
48400 1.3966866796772424 80568981.48309207 57685795 0.0006007274649507275
49284 1.3958230929361093 83538956.86996788 59849244 0.000589952303052009
50176 1.390182944450914 86590295.86717224 62286979 0.0005794644711339128
51076 1.3978249679360715 89724471.06943533 64188631 0.0005692538433631297
51984 1.4046945386999121 92942968.278615 66165964 0.0005593107360652356
52900 1.3953369626990713 96247286.50369667 68977809 0.0005496258847564312
53824 1.39199112861345 99638937.96079344 71580153 0.0005401904225552766
54756 1.3996787898222556 103119448.073146 73673652 0.0005309958598804735
55696 1.3969928114114 106690355.47112268 76371442 0.0005220340653478744
56644 1.393983303486867 110353211.99221943 79163941 0.0005132972477864418
57600 1.3862367565350058 114109582.68105984 82316085 0.0005047779392988752
58564 1.3844893357578711 117961045.7893951 85201845 0.0004964689792981219
59536 1.386167705481837 121909192.77610403 87946929 0.000488363499456047
60516 1.3840038468114884 125955628.3071931 91008149 0.00048045490950517566
61504 1.3776294416088255 130101970.25579637 94439017 0.0004727368838386968
62500 1.3847866304991352 134349849.70217556 97018448 0.00046520334885784335
63504 1.3875622055079375 138700910.93372 99960139 0.0004578484710193879
64516 1.3822600776684733 143156811.44494662 103567204 0.0004506666455393268
65536 1.382586226681522 147719221.9375 106842683 0.000443652485711902
66564 1.3829460507053484 152389826.32015237 110192170 0.0004368008128059493
67600 1.386843900920195 157170321.70880353 113329497 0.0004301066465031836
68644 1.3831097342979763 162062418.42648095 117172495 0.00042356519584545204
69696 1.3767299859675863 167067840.0033397 121351203 0.0004171718506602274
70756 1.3673026789806035 172188323.1766625 125932850 0.00041092217343568333
71824 1.3662849010620635 177425617.89085966 129859898 0.0004048118916186123
72900 1.3671786965093846 182781487.29746914 133692463 0.00039883689031022237
73984 1.3621046664298584 188257707.75515652 138210897 0.0003929932053364945
75076 1.3565467653069683 193856068.82971498 142904081 0.00038727701667130924
76176 1.3522222389473506 199578373.29406542 147592879 0.0003816846421919661
77284 1.346893691339354 205426437.1282562 152518672 0.00037621253174803597
78400 1.3458626443826154 211402089.51946348 157075531 0.0003708572615257042
79524 1.3433613890943141 217507172.86199093 161912628 0.00036561552869090097
80656 1.341804781238008 223743542.75726986 166748208 0.0003604841462955665
81796 1.3386011774173345 230113068.01385924 171905622 0.00035546003843238313
82944 1.3332487839783616 236617630.64744568 177474477 0.00035054023562421885
84100 1.3291028917770413 243259125.88084334 183025052 0.00034572187043537705
85264 1.327249682801528 250039462.1439941 188389167 0.00034100217329254093
86436 1.3266014774835129 256960561.07396737 193698383 0.00033637846850404006
87616 1.314972905963668 264024357.51496023 200783116 0.00033184817046675506
88804 1.312545441539167 271232799.51829743 206646407 0.00032740878005061943
90000 1.3134409494279804 278587848.34243125 212105347 0.0003230578811512801
91204 1.303461693035413 286091478.45294166 219485912 0.0003187931374020351
92416 1.3034161441220098 293745677.5225363 225365996 0.00031461228903669505
93636 1.300099548019781 301552446.43105024 231945659 0.0003105131498955019
94864 1.2967437821611751 309513799.2654465 238685393 0.00030649360456669767
96100 1.2864710558106722 317631763.31981534 246901601 0.000302551605656766
97344 1.287857224173938 325908379.095375 253062508 0.0002986851711827664
98596 1.2819892065069614 334345700.3004711 260802274 0.0002948923820805632
99856 1.2747765359414114 342945793.850577 269024244 0.00029117137982309735
101124 1.2682954364380323 351710739.86829364 277309789 0.0002875203641431827
102400 1.2665527691181007 360642631.6833496 284743471 0.00028393759085561726
103684 1.2616998145652978 369743575.83260113 293051938 0.00028042136977368936
104976 1.2529984749690461 379015692.060032 302486954 0.0002769700627154322
106276 1.2487420945000978 388461113.31675375 311081940 0.0002735820815952351
107584 1.2466023757151736 398081985.76100534 319333569 0.00027025588659666133
108900 1.2377304849583588 407880468.75815356 329539002 0.00026698998442254557
110224 1.2314885801374442 417858734.8806928 339311904 0.0002637829266186603
111556 1.2272666735791353 428018969.90824485 348757918 0.00026063330796743527
112896 1.2215196319818928 438363372.8275595 358867235 0.0002575397649484057
114244 1.2199241658538682 448894155.83251375 367968902 0.0002545009742622388
115600 1.2166283801101272 459613544.3241126 377776445 0.0002515156514153565
116964 1.2124849554725314 470523776.9104884 388065662 0.00024858254936232696
118336 1.2075748688680377 481627105.4069013 398838298 0.0002457004572033465
119716 1.2039226030669021 492925794.83573896 409433126 0.0002428681989342712
121104 1.2012471671439588 504422123.4265168 419915349 0.00024008463224678962
122500 1.197187722295014 516118382.6158776 431108984 0.0002373486473764507
123904 1.1935562613759279 528016877.04759216 442389600 0.00023465916599637793
125316 1.1903287485238292 540119924.5725585 453756935 0.00023201514015461084
126736 1.185544995568584 552429856.2488027 465971227 0.00022941555125311836
128164 1.1795471638865533 564949016.3414779 478954156 0.00022685940906662724
129600 1.1800240450279318 577679762.3228655 489549145 0.00022434575079950005
131044 1.1740410829700976 590624464.8723739 503069674 0.00022187364017898728
132496 1.173005613595138 603785507.8765396 514733690 0.00021944216658325696
133956 1.16875273290433 617165288.4290266 528054627 0.00021705044420268754
135424 1.1644063021587452 630766216.8306265 541706289 0.00021469761123298094
136900 1.1609834132746135 644590716.5892583 555210961 0.00021238282909872324
138384 1.157743579781544 658641224.4199691 568900779 0.0002101052817060875
139876 1.1548201934379794 672920190.2449332 582705597 0.00020786417472343512
141376 1.1502400472107415 687430077.1934528 597640535 0.00020565873488863178
142884 1.14677119694092 702173361.6019574 612304672 0.00020348820934195017
144400 1.142664688647764 717152533.0140046 627614155 0.00020135186498348483
145924 1.138781512956837 732370094.1802791 643117302 0.0001992489878540556
147456 1.1349704844859676 747828561.0585938 658896924 0.0001971788825386231
148996 1.1330513745418465 763530462.8138885 673871000 0.00019514087159128575
150544 1.1290659647057635 779478341.8182315 690374492 0.00019313429498097042
152100 1.12615199953962 795674753.6508179 706542948 0.00019115850955697049
153664 1.1235496748967497 812122267.097971 722818301 0.00018921288853352255
155236 1.118733300399405 828823464.1531413 740858848 0.00018729682099265124
156816 1.116448807699006 845780940.0169072 757563566 0.00018540971140454553
158404 1.1133933549916948 862997303.0969748 775105491 0.00018355097916476358
160000 1.1109599990573265 880475175.0081778 792535443 0.00018172005814759507
161604 1.1069286998790389 898217190.572477 811449907 0.0001799163962749388
163216 1.1029527759092834 916225997.8189615 830702835 0.0001781394551000834
164836 1.1005418334145973 934504257.9838479 849131064 0.0001763887094058046
166464 1.0973149822985435 953054645.5104799 868533339 0.00017466364681621978
168100 1.0940555584339309 971879848.0493294 888327691 0.00017296376742186324
169744 1.0845640769753553 990982566.4579959 913715093 0.00017128858341747106
171396 1.0861721159469333 1010365514.8012061 930207561 0.00016963761875198494
173056 1.0853536177911762 1030031420.3508148 949028412 0.0001680104087903061
174724 1.0828250008268576 1049983023.5858041 969670097 0.00016640649998635111
176400 1.0801683883752062 1070223078.1922839 990792815 0.00016482544956697965
178084 1.0769083306590832 1090754351.0634916 1012857195 0.0001632668252263831
179776 1.0717230646102507 1111579622.2997923 1037189232 0.00016173020483054026
181476 1.0692916711441591 1132701685.2086787 1059300952 0.00016021517613136287
183184 1.0626063127962124 1154123346.3047712 1086125061 0.00015872133649016948
184900 1.0604629559225245 1175847425.3098176 1108805752 0.00015724829261014176
186624 1.0598820141050247 1197876755.1526937 1130198210 0.0001557956602774306
188356 1.0563264888319672 1220214181.9694028 1155148711 0.00015436306411059487
190096 1.0544781014877933 1242862565.1030753 1178651850 0.00015295013731806673
191844 1.05369499896056 1265824777.10397 1201319906 0.00015155652146335151
193600 1.0879333267233884 1289103703.729473 1184910575 0.00015018186623768186
195364 1.085848819470439 1312702243.944098 1208918056 0.0001488258292398559
197136 1.0802787873380442 1336623309.919486 1237294785 0.00014748807576300224
198916 1.0780492729668325 1360869827.0344067 1262344738 0.00014616827858802313
200704 1.075030804837708 1385444733.8747559 1288748869 0.0001448661177834782
202500 1.069771328100202 1410350982.2335582 1318366781 0.00014358128051168004
204304 1.066325842904957 1435591537.1109653 1346297238 0.00014231346084078242
206116 1.0658243403942929 1461169376.714257 1370928887 0.0001410623595626502
207936 1.063300600741892 1487087492.45784 1398557935 0.0001398276840163089
209764 1.0610963762347185 1513348888.963249 1426212475 0.0001386091479167789
211600 1.0577473049842057 1539956584.0591466 1455883250 0.0001374064711891078
213444 1.0565254156045036 1566913608.7813227 1483081794 0.0001362193798074212
215296 1.0537217469688873 1594223007.372695 1512944961 0.00013504760563881916
217156 1.0497707741000286 1621887837.2833085 1544992371 0.00013389088629195235
219024 1.0458508415968493 1649911169.170336 1577577895 0.00013274896497011838
220900 1.0404105389949394 1678296086.898078 1613109464 0.00013162159032872436
222784 1.0379735661244969 1707045687.537963 1644594567 0.0001305085163369686
224676 1.0417973854770877 1736163081.368546 1666507428 0.00012940950214359882
226576 1.038657128293288 1765651391.875511 1699936720 0.00012832431194661044
228484 1.0369260482307152 1795513755.7516685 1731573586 0.00012725271486675307
230400 1.0341515577471514 1825753322.8969574 1765460110 0.0001261944848247188
232324 1.0323213897824832 1856373256.4184437 1798251276 0.00012514940042189016
234256 1.0293894623416204 1887376732.6303215 1833491406 0.00012411724482453047
236196 1.0278283861266893 1918766941.053912 1866816452 0.0001230978056513032
238144 1.0254868169755176 1950547084.4176645 1902069390 0.00012209087486401174
240100 1.0239058872858935 1982720378.6571555 1936428341 0.00012109624866145443
242064 1.0221059148365268 2015290052.9150896 1971703738 0.00012011372737629391
244036 1.0162383618428574 2048259349.5412984 2015530437 0.0001191431153748431
246016 1.0124674022414393 2081631524.092742 2055998563 0.0001181842209596742
248004 1.0117397713124872 2115409845.333507 2090863585 0.00011723685627496013
250000 1.0096246083071838 2149597595.234809 2129105786 0.00011630083721446084
252004 1.0071526144801168 2184198068.97499 2168686292 0.00011537598333207096
254016 1.0055898706895772 2219214574.93952 2206878410 0.00011446211775484697
256036 1.0042505853668686 2254650434.720997 2245107414 0.00011355906709843618
258064 1.002888255672963 2290508983.119146 2283912460 0.0001126666613848317
260100 1.0012850773581614 2326793568.14082 2323807296 0.00011178473396238066
262144 1 2363507551 2363507551 0.0001109131214279755
