4 6.757403629067821 4007.140352037218 593 0.0009982180928517796
16 36.4285486548838 32057.122816297742 880 0.0004991090464258898
36 43.82922797662671 93224.76790628502 2127 0.0003861634714520212
64 49.688126297542354 192342.73689778644 3871 0.0003327393642839265
100 53.11824467513676 332785.80288973177 6265 0.00030049358816287874
144 75.3103428423591 517156.12429848 6867 0.0002784458952223284
196 77.22868508187217 747573.6715925226 9680 0.00026218151795323396
256 79.8371803347753 1025827.9301215278 12849 0.0002495545232129449
324 73.82683978607515 1353467.4537981157 18333 0.00023938514301972134
400 73.04024489741676 1731857.2467626487 23711 0.00023096591866778732
484 68.68762586896824 2162217.7747292514 31479 0.00022384424254425782
576 64.4008838121584 2645652.7078872793 41081 0.00021771565038858497
676 60.413159265572084 3183169.361702993 52690 0.00021236695983978073
784 58.1215817765676 3775694.1953693847 64962 0.0002076439349779755
900 56.2588677796528 4424084.844456337 78638 0.00020343190323932368
1024 54.67058538896853 5129139.650607639 93819 0.0001996436185703559
1156 53.152705521791546 5891605.33815194 110843 0.00019621137765528103
1296 51.61431265525412 6712183.2892525215 130045 0.0001930817357260106
1444 49.78773816177215 7591534.739430693 152478 0.0001902118675028666
1600 48.10293078521593 8530285.127865482 177334 0.00018756700110449475
1764 46.72832906618278 9529027.776492257 203924 0.00018511857047491453
1936 45.074165014124695 10588327.029303018 234909 0.00018284286031609642
2116 43.545783677579315 11708720.95257856 268883 0.00018071999568270545
2304 42.22853123826022 12890723.674322553 305261 0.00017873317729937937
2500 41.069318721746015 14134827.424463326 344170 0.00017686809501990934
2704 40.08427345191948 15441504.324789133 385226 0.0001751124724071808
2916 38.94656749934437 16811207.967956997 431648 0.0001734557091648644
3136 37.70394787495938 18244374.81747472 483885 0.00017188859751972947
3364 36.65288189813132 19741425.45474302 538605 0.00017040309514183407
3600 35.86583825876089 21302765.694658842 593957 0.00016899214175287173
3844 34.969425052166486 22928787.587629575 655681 0.0001676495098272835
4096 34.0230621786713 24619870.322916664 723623 0.00016636968214196326
4356 33.20870727110511 26376381.045855217 794261 0.00016514775064961013
4624 32.42333946135955 28198675.59956278 869703 0.00016397933242197002
4900 31.795637797196697 30087099.200164333 946265 0.0001628604993589158
5184 31.016548929105177 32041987.053250324 1033061 0.00016178771907574745
5476 30.173006584197147 34063664.91819645 1128945 0.00016075780492646812
5776 29.44737148177809 36152449.62606452 1227697 0.00015976787353949392
6084 28.677165446383558 38308649.556040496 1335859 0.00015881530856627852
6400 27.88829225102792 40532565.07472147 1453390 0.0001578977295959841
6724 27.270908227294456 42824488.94201667 1570336 0.00015701296538772792
7056 26.52621799894251 45184706.68696267 1703398 0.00015615903072877302
7396 25.912220002239476 47613496.95635502 1837492 0.00015533410635180933
7744 25.312960760875026 50111131.83875614 1979663 0.00015453652144433827
8100 24.762309928754156 52677877.166145794 2127341 0.00015376473836355698
8464 24.220124413193687 55313992.79522499 2283803 0.00015301733923519368
8836 23.642354511510437 58019732.87016279 2454059 0.00015229301416766773
9216 23.136272829651084 60795346.06838396 2627707 0.00015159055085620595
9604 22.613232436870693 63641075.83082586 2814329 0.00015090882538707973
10000 22.116716038608324 66557160.57794635 3009360 0.00015024679408143937
10404 21.60758327584316 69543833.91263501 3218492 0.00014960348624250578
10816 21.100724128489198 72601324.81106517 3440703 0.0001489779976900853
11236 20.59725286103912 75729857.80242395 3676697 0.00014836948498324473
11664 20.122154259913835 78929653.13836852 3922525 0.0001477771602461282
12100 19.63895947013066 82200926.95297624 4185605 0.00014720028652379932
12544 19.178795551521688 85543891.41388759 4460337 0.00014663817360503604
12996 18.669266227394722 88958754.86527622 4764984 0.00014609017425751766
13456 18.281007806366453 92445721.96322529 5056927 0.00014555568082807302
13924 17.825524266710666 96004993.80403857 5385816 0.00014503412216682285
14400 17.43579582202266 99636768.04596937 5714495 0.00014452496083931866
14884 17.04580324701179 103341239.02481028 6062562 0.00014402769059529693
15376 16.686579786440973 107118597.86374936 6419446 0.0001435418340665518
15876 16.24067383619802 110969032.57786629 6832785 0.00014306694066977568
16384 15.929345232472397 114892728.1736111 7212646 0.00014260258469311137
16900 15.549273129662204 118889866.74358225 7646008 0.00014214836354766353
17424 15.1923995339623 122960627.55689499 8093562 0.0001417038961673952
17956 14.853052182966017 127105187.14541008 8557513 0.00014126882154272814
18496 14.516695649057793 131323719.38607122 9046392 0.00014084279737481886
19044 14.083462839790759 135616395.57958263 9629478 0.00014042549883892593
19600 13.863242540332678 139983384.52563965 10097449 0.00014001661744655146
20164 13.566137214482605 144424852.59491196 10645982 0.00013961585999714823
20736 13.27636588603634 148940963.79796222 11218504 0.00013922294761116422
21316 12.965281360073126 153531879.85127315 11841770 0.00013883761483705456
21904 12.710198097150482 158197760.2405416 12446522 0.00013845960882565407
22500 12.376079689478255 162938762.2813887 13165620 0.00013808868856597428
23104 12.093227670003506 167755041.17762503 13871817 0.00013772462417708603
23716 11.85870599795997 172646750.0771999 14558650 0.00013736719625127763
24336 11.663535959165383 177614040.12595645 15228147 0.00013701619524414808
24964 11.375188122041521 182657060.5193055 16057498 0.00013667142090771514
25600 11.160109266104744 187775958.55192408 16825638 0.0001363326817629907
26244 10.981028046794806 192970879.66557857 17573116 0.00013599979460880962
26896 10.818015784474616 198241967.4951649 18325169 0.0001356725840639974
27556 10.583172298682406 203589363.91305423 19237083 0.00013535088214022904
28224 10.402891416495859 209013209.07182533 20091838 0.0001350345278431714
28900 10.152527719037838 214513641.44546205 21129087 0.0001347233667997172
29584 10.015008482583934 220090797.86908734 21976097 0.00013441725090931298
30276 9.764786879757015 225744813.57730323 23118253 0.00013411603801755735
30976 9.61242923656428 231475822.2412007 24080887 0.00013381959161040422
31684 9.405108877306878 237283956.0041011 25229262 0.000133527780527447
32400 9.284025691285505 243169345.51608464 26192231 0.0001332404786928905
33124 9.066927460406738 249132119.96736276 27477017 0.00013295756486293042
33856 8.895074841762199 255172407.12054294 28686932 0.00013267892238836974
34596 8.757854443426012 261290333.3418362 29834971 0.0001324044389913934
35344 8.582893557582594 267486023.63125202 31165017 0.00013213400655551316
36100 8.467962564963221 273759601.6518246 32328863 0.00013186752092777016
36864 8.297693770452682 280111189.75791085 33757716 0.0001316048817323582
37636 8.209391154490737 286540909.0225997 34904039 0.00013134599219489327
38416 8.033163021153788 293048879.2642688 36479887 0.000131090758976617
39204 7.902786554032437 299635219.07232463 37915135 0.00013083909201787495
40000 7.711482681295409 306300045.83215755 39719994 0.0001305909043902615
40804 7.659093945151372 313043475.7493458 40872129 0.00013034611215686796
41616 7.51322204645698 319865623.8731353 42573695 0.00013010463424011353
42436 7.381463150530009 326766604.1192269 44268541 0.00012986639229667558
43264 7.25993387990009 333746529.2918952 45971015 0.00012963131059907216
44100 7.15415476603674 340805511.10546774 47637425 0.00012939931592348148
44944 7.026239382050949 347943660.205186 49520610 0.0001291703374434127
45796 6.884920983337134 355161086.18747413 51585354 0.00012894430662886946
46656 6.722307457745413 362457897.61963624 53918673 0.0001287211571506737
47524 6.636759662537157 369834202.05900395 55725116 0.00012850082478963896
48400 6.540433499643288 377290106.07155526 57685795 0.00012828324735030466
49284 6.429917732127438 384825715.2500217 59849244 0.00012806836457896306
50176 6.300532479372698 392441134.23150516 62286979 0.0001278561180857271
51076 6.233759163902726 400136466.7146206 64188631 0.00012764645127040538
51984 6.164979557710071 407911815.4761805 66165964 0.00012743930925196634
52900 6.027551301135701 415767282.38743985 68977809 0.00012723463880138657
53824 5.919280005309767 423702968.42991394 71580153 0.00012703238827769319
54756 5.859882902381257 431718973.71078664 73673652 0.00012683250756702127
55696 5.758898692497131 439815397.4779205 76371442 0.00012663494802451984
56644 5.65904542491745 447992338.134485 79163941 0.00012643966241894915
57600 5.542657832344838 456249893.2532134 82316085 0.0001262466048798233
58564 5.452794591364799 464588159.59030193 85201845 0.00012605573084696086
59536 5.378325752556556 473007233.098963 87946929 0.00012586699702231364
60516 5.290814220852289 481507208.942644 91008149 0.00012568036132395378
61504 5.189467204089192 490088181.5079217 94439017 0.00012549578284210442
62500 5.1407773954195175 498750244.4170839 97018448 0.00012531322179710827
63504 5.076958631884336 507493490.5404081 99960139 0.00012513263949923243
64516 4.985342773260012 516318012.0081454 103567204 0.00012495399831021623
65536 4.915862139312078 525223900.2222222 106842683 0.00012477726160647245
66564 4.847996421775384 534211245.8676648 110192170 0.00012460239374385856
67600 4.793810555108685 543280138.923758 113329497 0.00012442936002393922
68644 4.714678719395238 552430668.6749449 117172495 0.00012425812666166575
69696 4.628408370384895 561662923.7214766 121351203 0.00012408866075440224
70756 4.533979751826614 570976991.9898182 125932850 0.00012392093025223288
71824 4.469223907312946 580372960.7428206 129859898 0.00012375490392948753
72900 4.411998278389569 589850916.5896611 133692463 0.00012359055135742716
73984 4.336929710365495 599410945.4955653 138210897 0.00012342784287803327
75076 4.2619715863209775 609053132.7913115 142904081 0.0001232667495788489
76176 4.1924621795779675 618777563.1825272 147592879 0.0001231072432688216
77284 4.121359781829092 628584320.7587829 152518672 0.00012294929645510118
78400 4.06475461160458 638473489.0024881 157075531 0.00012279288232074813
79524 4.004907824716407 648445150.7975968 161912628 0.00012263797470331043
80656 3.94906425883825 658499388.4381263 166748208 0.00012248454807422887
81796 3.889554488430265 668636283.6364965 171905622 0.00012233257751903323
82944 3.8250903961344975 678855917.5316927 177474477 0.00012218203871829358
84100 3.7653772703053647 689158370.6972574 183025052 0.00012203290792929301
85264 3.7132906009883144 699543723.149118 188389167 0.00012188516196838883
86436 3.665554886708841 710012054.3532507 193698383 0.00012173877819403287
87616 3.5887651192403527 720563443.2331896 200783116 0.000121593734490421
88804 3.53840155651669 731197968.1773814 206646407 0.00012145000925174483
90000 3.4978642336932326 741915707.0463922 212105347 0.00012130758136701946
91204 3.429453536771739 752716737.1799707 219485912 0.00012116643020546199
92416 3.3882712962782904 763601135.403968 225365996 0.00012102653560239817
93636 3.3394415803105133 774568978.0371234 231945659 0.00012088787784567358
94864 3.2914470844795862 785620340.8977143 238685393 0.00012075043766254907
96100 3.227015523929622 796755299.3100775 246901601 0.00012061419620705936
97344 3.192784006198988 807973928.1110035 253062508 0.00012047913504781604
98596 3.1413694715560925 819276301.6560073 260802274 0.0001203452361562362
99856 3.0876863790219553 830662493.825479 269024244 0.00012021248189517943
101124 3.0367935479937835 842132578.0307175 277309789 0.00012008085500797645
102400 2.9980902607591275 853686627.2198491 284743471 0.00011995033860783323
103684 2.9528032463775657 865324713.8836371 293051938 0.00011982091616759569
104976 2.8994536738307697 877046910.061179 302486954 0.00011969257150986065
106276 2.8572963359605583 888853287.3455023 311081940 0.00011956528879741874
107584 2.8206991194497713 900743916.8890527 319333569 0.00011943905252401658
108900 2.769683903482493 912718869.409085 329539002 0.00011931384750542557
110224 2.725451728309993 924778215.1929543 339311904 0.00011918965887080487
111556 2.6864537713615735 936922024.1033103 348757918 0.00011906647205434803
112896 2.6448510006303576 949150365.5831997 358867235 0.00011894427278720135
114244 2.6128928380504197 961463308.6610768 367968902 0.00011882304708964395
115600 2.577876240949125 973860921.9557238 377776445 0.0001187027812635198
116964 2.541691703918616 986343273.6810857 388065662 0.00011858346188491164
118336 2.5045499307867836 998910431.6510185 398838298 0.00011846507579704816
119716 2.470641477318949 1011562463.2839553 409433126 0.00011834761010343516
121104 2.439299820896739 1024299435.6074917 419915349 0.00011823105216120286
122500 2.4057058742781607 1037121415.2628896 431108984 0.00011811538957466103
123904 2.3735378691305304 1050028468.5095078 442389600 0.0001180006101890542
125316 2.342709453529677 1063020661.2291511 453756935 0.00011788670208451021
126736 2.309365893380262 1076098058.9303517 465971227 0.00011777365357017407
128164 2.2742484079260654 1089260726.7525723 478954156 0.00011766145317852143
129600 2.2520899908227694 1102508729.4703445 489549145 0.00011755008965984427
131044 2.2180667791502224 1115842131.4973323 503069674 0.00011743955197690372
132496 2.1938742670803846 1129260996.890332 514733690 0.00011732982929974277
133956 2.1641044901841275 1142765389.3532047 528054627 0.00011722091100065423
135424 2.134653770358468 1156355372.2407439 541706289 0.00011711278664929816
136900 2.107362949850841 1170031008.5624802 555210961 0.0001170054460079632
138384 2.080841518739464 1183792360.9864242 568900779 0.0001168988790269673
139876 2.0553080286317362 1197639491.8427489 582705597 0.00011679307584019269
141376 2.027259518344771 1211572463.1274114 597640535 0.00011668802676075068
142884 2.00160376451565 1225591336.5057204 612304672 0.00011658372227677141
144400 1.9752520930886939 1239696173.315842 627614155 0.000116480153047315
145924 1.94970191390101 1253887034.572254 643117302 0.0001163773098983992
147456 1.9246773429604649 1268163980.9691434 658896924 0.00011627518381914039
148996 1.9032234253792681 1282527072.8837528 673871000 0.00011617376595800319
150544 1.878656273383391 1296976370.3796716 690374492 0.00011607304761915622
152100 1.8562380912902114 1311511933.2100792 706542948 0.00011597302025892927
153664 1.8346710632343786 1326133820.8209372 722818301 0.0001158736754823695
155236 1.8098482537852214 1340842092.3541307 740858848 0.00011577500503989288
156816 1.7894693824947827 1355636806.6505656 757563566 0.00011567700082402788
158404 1.7681696726016538 1370518022.2532141 775105491 0.00011557965486624852
160000 1.7481688795716346 1385485797.410119 792535443 0.00011548295933389366
161604 1.725972457443819 1400540190.0773485 811449907 0.00011538690652717006
163216 1.7041969742668686 1415681257.9219098 830702835 0.00011529148887623625
164836 1.6851451077340607 1430909058.3246176 849131064 0.00011519669893836476
166464 1.665133142785348 1446223648.382922 868533339 0.00011510252939518018
168100 1.6453670190876573 1461625084.9136915 888327691 0.00011500897304997078
169744 1.6166017566878026 1477113424.4559588 913715093 0.00011491602282507116
171396 1.6046834984537646 1492688723.2736237 930207561 0.00011482367175931397
173056 1.5893634145045163 1508351037.358119 949028412 0.00011473191300554814
174724 1.5717721183177167 1524100422.4310358 969670097 0.00011464073982822226
176400 1.554247175224734 1539936933.9467125 990792815 0.00011455014560103023
178084 1.5361105541584126 1555860627.0947855 1012857195 0.00011446012380461817
179776 1.5155108714074126 1571871556.802705 1037189232 0.00011437066802434975
181476 1.4990733037104023 1587969777.7382143 1059300952 0.0001142817719481292
183184 1.4769527026978275 1604155344.3117929 1086125061 0.00011419342936427938
184900 1.4614176628830016 1620428310.679069 1108805752 0.0001141056341594738
186624 1.4482315723568462 1636788730.7431931 1130198210 0.00011401838031672073
188356 1.431189458477596 1653236658.157183 1155148711 0.00011393166191339793
190096 1.4166796975088385 1669772146.326233 1178651850 0.00011384547311933652
191844 1.4037853197864139 1686395248.4099946 1201319906 0.00011375980819495235
193600 1.4373287345543544 1703106017.3248224 1184910575 0.00011367466148942383
195364 1.422680798925873 1719904505.7459931 1208918056 0.00011359002743891448
197136 1.4037000617519688 1736790766.109889 1237294785 0.00011350590056483922
198916 1.389291528552447 1753764850.6161582 1262344738 0.00011342227547217286
200704 1.3740666268082988 1770826811.2298403 1288748869 0.00011333914684779984
202500 1.3562058187838002 1787976699.6834679 1318366781 0.00011325650945890364
204304 1.3408737064341623 1805214567.4791355 1346297238 0.00011317435815139539
206116 1.329420134897592 1822540465.8905456 1370928887 0.0001130926878483797
207936 1.3156083133338519 1839954445.965025 1398557935 0.00011301149354865745
209764 1.3023701524736089 1857456558.5255132 1426212475 0.00011293077032526399
211600 1.2879101769819306 1875046854.1725283 1455883250 0.00011285051332404204
213444 1.2762110565603133 1892725383.286105 1483081794 0.000112770717762248
215296 1.262763844869111 1910492196.027707 1512944961 0.0001126913789271912
217156 1.248127420262916 1928347342.342116 1544992371 0.0001126124921749048
219024 1.2337209326575258 1946290871.9592965 1577577895 0.00011253405292884738
220900 1.217724449725398 1964322834.3962317 1613109464 0.00011245605667863521
222784 1.205429787218035 1982443278.9587467 1644594567 0.0001123784989788028
224676 1.200506053035904 2000652254.743296 1666507428 0.00011230137544759282
226576 1.1876617446317275 2018949810.6387362 1699936720 0.00011222468176577308
228484 1.1765806615440457 2037335995.3280756 1731573586 0.00011214841367548059
230400 1.164461799870515 2055810857.2901974 1765460110 0.00011207256697909191
232324 1.1535509372281783 2074374444.8015676 1798251276 0.00011199713753811881
234256 1.1415525587349906 2093026805.9379156 1833491406 0.00011192212127212891
236196 1.131213508598272 2111767988.5758977 1866816452 0.00011184751415769036
238144 1.120147378216701 2130598040.3947399 1902069390 0.00011177331222733999
240100 1.1100421138061922 2149517008.877858 1936428341 0.00011169951156857452
242064 1.0998229092541592 2168524941.3144603 1971703738 0.0001116261083228639
244036 1.0853827085128407 2187621884.8011293 2015530437 0.00011155309868468638
246016 1.073350889420531 2206807886.243384 2055998563 0.00011148047890058494
248004 1.064671558836884 2226082992.357226 2090863585 0.00011140824526824384
250000 1.0546433457819093 2245447249.670662 2129105786 0.00011133639413558583
252004 1.0443652974983686 2264900704.5252137 2168686292 0.00011126492189988835
254016 1.0351469264124087 2284443403.0774035 2206878410 0.00011119382500691928
256036 1.0262651029222556 2304075391.300229 2245107414 0.00011112309995009083
258064 1.01746312771752 2323796714.984615 2283912460 0.00011105274326963172
260100 1.0085205532209705 2343607419.7408476 2323807296 0.00011098275155177715
262144 1 2363507551 2363507551 0.0001109131214279755
