4 0.002354647696229294 1.184387791203335 503 3.3772722327169635
16 0.04501236261105311 18.95020465925336 421 0.8443180581792409
36 0.10588897471023193 95.93541108747013 906 0.37525247030188486
64 0.2264400855474636 303.20327454805374 1339 0.21107951454481022
100 0.3210070986565847 740.2423695020843 2306 0.13509088930867855
144 0.4473816897113151 1534.966577399522 3431 0.09381311757547121
196 0.5298518887049016 2843.715086679207 5367 0.06892392311667273
256 0.6866599282050757 4851.25239276886 7065 0.052769878636202555
324 0.7924503669268897 7770.7682980850805 9806 0.04169471892243165
400 0.888046630579092 11843.87791203335 13337 0.03377272232716964
484 0.9748494294472693 17340.621651008027 17788 0.0279113407662559
576 1.0484744381144275 24559.465238392353 23424 0.023453279393867803
676 1.1185536573162638 33827.29970455845 30242 0.019983859365189136
784 1.1834943786413659 45499.441386867315 38445 0.01723098077916818
900 1.2423262044105094 59959.63192966883 48264 0.015010098812075394
1024 1.2940123747049506 77620.03828430176 59984 0.013192469659050639
1156 1.3342854232524985 98921.25270909374 74138 0.011686063088986034
1296 1.3692832983046583 124332.29276936129 90801 0.010423679730607913
1444 1.4030979968311998 154350.6013374098 110007 0.00935532474436832
1600 1.4316952493354105 189502.0465925336 132362 0.00844318058179241
1764 1.463894819260593 230340.92202101578 157348 0.007658213679630303
1936 1.4942773470641089 277449.9464161284 185675 0.006977835191563975
2116 1.5178546712926413 331440.26387813245 218361 0.006384257528765527
2304 1.5415664085862821 392951.44381427765 254904 0.005863319848466951
2500 1.5626263824759525 462651.4809388027 296073 0.005403635572347142
2704 1.579248231119857 541236.7952729352 342718 0.004995964841297284
2916 1.5995939774200219 629432.2321448915 393495 0.00463274654693685
3136 1.6013388549184078 727991.062189877 454614 0.004307745194792045
3364 1.620008357007513 837694.9813500859 517093 0.0040157814895564374
3600 1.6284168615146346 959354.1108747013 589133 0.0037525247030188486
3844 1.642007682048661 1093806.997319895 666140 0.0035143311474682246
4096 1.6503489775007019 1241920.6125488281 752520 0.0032981174147626597
4356 1.6588996737116455 1404590.3537316502 846700 0.0031012600851395445
4624 1.6684130536504505 1582740.0433454998 948650 0.0029215157722465085
4900 1.6773153557203877 1777321.9291745045 1059623 0.002756956924666909
5184 1.6846466525495432 1989316.6843097806 1180851 0.002605919932651978
5476 1.6895982894564268 2219733.407149433 1313764 0.002466962916520792
5776 1.700794418169943 2469609.621398557 1452033 0.00233883118609208
6084 1.7065161094266155 2740011.276069234 1605617 0.0022204288183543482
6400 1.7137806630205157 3032032.7454805374 1769207 0.0021107951454481023
6724 1.7190035795959437 3346796.8292585267 1946940 0.0020090852068512578
7056 1.724666212897345 3685454.7523362525 2136909 0.0019145534199075758
7396 1.7309111231270353 4049186.1649537524 2339338 0.0018265398770778605
7744 1.7368010188950525 4439199.142658055 2555963 0.0017444587978909937
8100 1.7419060481617603 4856730.186303175 2788170 0.0016677887568972661
8464 1.7469463191723436 5303044.222050119 3035608 0.0015960643821913817
8836 1.7520929710754751 5779434.60136688 3298589 0.0015288692769203096
9216 1.7528384970196789 6287223.101028442 3586881 0.0014658299621167377
9604 1.7463400313975703 6827759.923116776 3909754 0.001406610675850464
10000 1.7459843585126826 7402423.695020843 4239685 0.0013509088930867856
10404 1.7371917454315189 8012621.469436592 4612399 0.0012984514543317816
10816 1.7315137847389854 8659788.724366963 5001282 0.001248991210324321
11236 1.734217490041772 9345389.363121882 5388822 0.0012023041056308166
11664 1.7208630658135695 10070915.714318264 5852247 0.0011581866367342125
12100 1.7008864430642916 10837888.531880017 6371906 0.001116453630650236
12544 1.7069015612212692 11647856.995038033 6823977 0.0010769362986980113
12996 1.7044791263630417 12502398.708330195 7335026 0.0010394805271520355
13456 1.7138938739999872 13403119.701601375 7820274 0.0010039453723891094
13924 1.709238605903641 14351654.430003434 8396519 0.000970201733041357
14400 1.6950625203461869 15349665.77399522 9055516 0.0009381311757547121
14884 1.6934690833218182 16398845.039342575 9683581 0.0009076248945759106
15376 1.6901514941095805 17500911.95711832 10354641 0.0008785827868670561
15876 1.6783536469505318 18657614.68370228 11116617 0.0008509126310700337
16384 1.6869255676127324 19870729.80078125 11779257 0.0008245293536906649
16900 1.6836147006594946 21142062.31534903 12557542 0.0007993543746075654
17424 1.680563701897886 22473445.659706403 13372564 0.0007753150212848861
17956 1.6691702994175177 23866741.69146114 14298566 0.0007523440037239839
18496 1.6713412923968736 25323840.693527997 15151807 0.0007303789430616271
19044 1.6804078556054536 26846661.37412873 15976277 0.0007093619476406141
19600 1.6657409202191285 28437150.86679207 17071773 0.0006892392311667273
20164 1.6791623833667004 30097284.730353754 17923987 0.0006699607682437936
20736 1.6751292355069438 31829066.94895649 19000962 0.0006514799831629945
21316 1.6742149637461556 33634529.93204998 20089732 0.0006337534683274468
21904 1.660508341825413 35515734.51439093 21388471 0.000616740729130198
22500 1.658376061109111 37474769.95604302 22597269 0.0006004039524830157
23104 1.6584837694890857 39513753.94237691 23825228 0.00058470779652302
23716 1.657163761834988 41634832.58407027 25124151 0.0005696191993113448
24336 1.6594411028813572 43840180.417107746 26418642 0.0005551072045885871
24964 1.649682093360483 46132000.40278098 27964176 0.0005411428028708482
25600 1.6533045619353774 48512523.9276886 29342763 0.0005276987863620256
26244 1.6567352412843168 50984010.80373621 30773783 0.0005147496163263167
26896 1.6605878099692555 53548749.26813643 32246864 0.0005022713017128144
27556 1.6597409527365057 56209055.983408846 33866162 0.0004902412879542697
28224 1.6546310395842125 58967276.03738004 35637719 0.00047863835497689394
28900 1.651401965571719 61825782.943183586 37438361 0.00046744252355944134
29584 1.6520930332473291 64786978.63926004 39215091 0.0004566349692694651
30276 1.6533415710343393 67853293.48935696 41040094 0.00044619794328404854
30976 1.641926023448522 71027186.28252888 43258457 0.0004361146994727484
31684 1.6537987754496835 74311144.23313732 44933607 0.0004263694271830531
32400 1.6527730402676692 77707682.9808508 47016548 0.00041694718922431653
33124 1.6471710631665137 81219346.59064484 49308386 0.0004078338645956966
33856 1.6530742838373125 84848707.5528019 51327825 0.00039901609554784544
34596 1.6447180647487964 88598366.7829115 53868422 0.0003904812386075805
35344 1.6361240001446273 92470953.62187009 56518304 0.0003822173192300774
36100 1.6340663634102197 96469125.83588113 59036235 0.00037421298977473284
36864 1.6153353009142521 100595569.61645508 62275349 0.00036645749052918443
37636 1.5997249799820303 104852999.58040936 65544391 0.00035894061353140225
38416 1.6152834712336996 109244158.76986842 67631571 0.000351652668962616
39204 1.6063236642618317 113771818.65226366 70827456 0.00034458445390439383
40000 1.6176077506381072 118438779.1203335 73218479 0.0003377272232716964
40804 1.6067701311392626 123247868.4921233 76705352 0.00033107266275041305
41616 1.6051974090676713 128201943.51098548 79866777 0.0003246128635829454
42436 1.5899999073888385 133303889.3455794 83838929 0.00031834029905900306
43264 1.5763643383359442 138556619.5898714 87896317 0.00031224780258108024
44100 1.5836986053083204 143963076.26313487 90903077 0.0003063285471852121
44944 1.5822742991439653 149526229.8099501 94500827 0.00030057602640770414
45796 1.5693942182264697 155249079.10020444 98922933 0.00029498403639767354
46656 1.5661177083056692 161134651.42909223 102887957 0.00028954665918355313
47524 1.5695206992859718 167186002.51711473 106520419 0.00028425824700925546
48400 1.558327066190151 173406216.51008028 111277164 0.000279113407662559
49284 1.5541296216024212 179798405.9791041 115690740 0.0002741069907245324
50176 1.5464600917369626 186365711.92060852 120511168 0.00026923407467450283
51076 1.5424705159268473 193111303.75632277 125196107 0.00026448995479027047
51984 1.5332195652303418 200038379.33328313 130469493 0.0002598701317880089
52900 1.5363039110330767 207150164.92383277 134836710 0.0002553703011506211
53824 1.5225350017276962 214449915.225622 140850565 0.00025098634309727734
54756 1.531177145929198 221940913.36160797 144947901 0.0002467143131504832
55696 1.5194503209531969 229626470.88005495 151124698 0.00024255043326033924
56644 1.5070306115156835 237509927.75453407 157601263 0.00023849108344869456
57600 1.50344242482533 245594652.38392353 163354877 0.00023453279393867804
58564 1.4995064316976185 253884041.5924085 169311739 0.00023067223773765206
59536 1.493668432847991 262381520.6294812 175662493 0.00022690622364397766
60516 1.485388004469846 271090543.16994065 182504869 0.00022323168965013973
61504 1.4758325553978413 280014591.31389314 189733307 0.00021964569671676404
62500 1.4761443587655134 289157175.5867517 195886787 0.00021614542289388568
63504 1.463470432013436 298521834.93923646 203982143 0.00021272815776750842
64516 1.4614800286179557 308112136.74737453 210821996 0.00020939129721104615
65536 1.4513431205763097 317931676.8125 219060312 0.00020613233842266623
66564 1.4474926108590604 327984079.361254 226587740 0.00020294887523087337
67600 1.4396147217330066 338272997.0455845 234974672 0.00019983859365189135
68644 1.4359366206225204 348802110.94274664 242909127 0.0001967992676835245
69696 1.4273001713613103 359575130.55530244 251926776 0.00019382875532122153
70756 1.4153210464089112 370595793.8111209 261845745 0.00019092499478302695
71824 1.407030729651215 381867867.0633782 271399806 0.00018808600093099596
72900 1.3993357565376339 393395145.0905572 281129917 0.000185309861877474
73984 1.3920935543177837 405181451.09644794 291059067 0.00018259473576540678
75076 1.38721850844952 417230636.71014744 300767784 0.000179938847712556
76176 1.376662602889754 429546581.98605967 312020230 0.00017734048691015353
77284 1.3683092243101245 442133195.40389556 323123741 0.0001747980038671375
78400 1.3633859422644126 454994413.86867315 333723856 0.00017230980779168182
79524 1.352801611324509 468134202.7107173 346047934 0.00016987436410225663
80656 1.3483555626664645 481556555.68566006 357143597 0.0001674901920609484
81796 1.3416829199803466 495265494.9744403 369137512 0.00016515586252222424
82944 1.3277180759742195 509265071.18330383 383564162 0.00016286999579074864
84100 1.3249262901147063 523559363.3438037 395161125 0.0001606312595822575
85264 1.3181221058968315 538152478.9127997 408272099 0.0001584383670818617
86436 1.310718745535807 553048553.7724589 421942965 0.00015629007509449598
87616 1.3018388715303129 568251752.2302549 436499297 0.0001541851822825495
88804 1.2958910448345224 583766267.0189688 450474806 0.0001521225274860125
90000 1.2882039558912828 599596319.2966883 465451388 0.00015010098812075394
91204 1.2806286663890334 615746158.6468083 480815536 0.0001481194786508032
92416 1.2752886830595231 632220063.0780306 495746627 0.000146176949130755
93636 1.2683476099398532 649022339.024364 511706991 0.0001442723838146424
94864 1.2590350936410253 666157321.3451244 529101472 0.0001424047998278362
96100 1.2551785011778551 683629373.3249344 544647134 0.000140573245898729
97344 1.243556219581681 701442886.6737239 564062063 0.00013877680114714677
98596 1.2414923478917905 719602281.5267298 579626836 0.00013701457392660814
99856 1.235923593724461 738112006.4444957 597214917 0.00013528570071771206
101124 1.2278143328637727 756976538.4128724 616523621 0.00013358934507009073
102400 1.2237959980109265 776200382.8430176 634256350 0.0001319246965905064
103684 1.2146574764338203 795788073.571396 655154304 0.00013029096997480667
104976 1.2129227466458061 815744172.8597794 672544212 0.00012868740408157917
106276 1.205314738902881 836073271.3952465 693655561 0.00012711326104546515
107584 1.1986953702201548 856779988.2901828 714760405 0.0001255678254282036
108900 1.1946098488919734 877868971.0822814 734858307 0.00012405040340558176
110224 1.1906728961393414 899344895.7345415 755324908 0.00012256032198856742
111556 1.1818201479138102 921212466.6352701 779486175 0.00012109692827698963
112896 1.1793963954853655 943476416.5980806 799965491 0.00011965958874422349
114244 1.1758482915265749 966141506.8618939 821654897 0.00011824768855141499
115600 1.1713512926624254 989212527.0909374 844505430 0.00011686063088986034
116964 1.1657118347182471 1012694295.3747457 868734678 0.00011549783635022618
118336 1.1608620822786813 1036591658.2281606 892949881 0.00011415874231736628
119716 1.1575931978700889 1060909490.5913306 916478684 0.00011284280238955407
121104 1.152662105652182 1085652695.8297114 941865522 0.00011154948582101213
122500 1.147788009810303 1110826205.7340653 967797360 0.00011027827698667637
123904 1.1431265323101891 1136434980.520462 994146272 0.0001090286748681871
125316 1.14013935257346 1162484008.8302782 1019598180 0.00010780019256015077
126736 1.1353750783106276 1188978307.7301972 1047211913 0.00010659235679576328
128164 1.1325641417455623 1215922922.7122095 1073601819 0.00010540470749093237
129600 1.1276224718456964 1243322927.6936128 1102605667 0.00010423679730607913
131044 1.1243198615433085 1271183425.0170116 1130624361 0.0001030881912248394
132496 1.1204425117304058 1299509545.4503174 1159818136 0.00010195846614892415
133956 1.1165755297480835 1328306448.1867485 1189625254 0.00010084721050843453
135424 1.1130779648477414 1357579320.8448305 1219662381 0.00009975402388696136
136900 1.1097512521568504 1387333379.468396 1250130042 0.00009867851666083166
138384 1.1073670079530782 1417573868.526584 1280130127 0.00009762030965189513
139876 1.1046334700108016 1448306060.9138415 1311119118 0.000096579033793273
141376 1.101228260820706 1479535257.9499214 1343531864 0.00009555432980751935
142884 1.098053126012214 1511266789.3798845 1376314819 0.00009454584789667042
144400 1.0950543759700748 1543506013.374098 1409524538 0.00009355324744368321
145924 1.0912385248416285 1576258316.5282366 1444467255 0.00009257619672478725
147456 1.0884721206720849 1609529113.8632812 1478704951 0.00009161437263229611
148996 1.0864649420847654 1643323848.8255205 1512541993 0.00009066746040744621
150544 1.0836209149188554 1677647993.2865498 1548187166 0.00008973515338285056
152100 1.081452463242033 1712507047.5432715 1583525033 0.00008881715273417393
153664 1.078663031308291 1747906540.3178947 1620437977 0.000087913167240654
155236 1.076172283317217 1783852028.757936 1657589641 0.00008702291305411023
156816 1.0740922547845746 1820349098.4362185 1694779094 0.00008614611347609846
158404 1.0714084435962983 1857403363.3508728 1733609040 0.00008528249874288437
160000 1.0691944057566394 1895020465.925336 1772381576 0.0000844318058179241
161604 1.0672726030637238 1933206077.008352 1811351731 0.00008359377819155377
163216 1.0647631191423494 1971965895.873973 1852023103 0.00008276816568760326
164836 1.0627891908922154 2011305650.2215564 1892478459 0.00008195472427666198
166464 1.0608097482791228 2051231096.1757677 1933646537 0.00008115321589573635
168100 1.0585941853807286 2091748018.2865794 1975967795 0.0000803634082740503
169744 1.0563127697414882 2132862229.5292704 2019157858 0.00007958507476475076
171396 1.055011297229018 2174579571.304427 2061190792 0.00007881799418229045
173056 1.0525087227136039 2216905913.4379425 2106306452 0.00007806195064527006
174724 1.0513748969833059 2259847154.181017 2149420878 0.00007731673342453157
176400 1.0492279026831624 2303409220.210158 2195337366 0.00007658213679630302
178084 1.046888347660021 2347598066.627179 2242453144 0.00007585795990020358
179776 1.0456007074639488 2392419676.959202 2288081540 0.00007514400660192603
181476 1.0437056821251847 2437880063.158654 2335792652 0.00007444008536042152
183184 1.0426201111183302 2483985265.603271 2382445187 0.00007374600909941838
184900 1.0394664218387333 2530741353.0960956 2434654261 0.00007306159508311441
186624 1.0397098131216758 2578154422.8654757 2479686534 0.00007238666479588828
188356 1.037525323435553 2626230600.5650682 2531244820 0.00007172104382588213
190096 1.035462581662492 2674976040.2738357 2583363308 0.00007106456175231386
191844 1.0345005155138436 2724396924.496049 2633538489 0.00007041705203638297
193600 1.0360149412065942 2774499464.1612844 2678049663 0.00006977835191563974
195364 1.035071144495246 2825289898.6244264 2729561068 0.0000691483023016925
197136 1.0333278527818441 2876774495.6656656 2783990084 0.0000685267476811331
198916 1.0322084985458158 2928959551.490501 2837565817 0.00006791353601956531
200704 1.0301217002726661 2981851390.7297363 2894659330 0.00006730851866862571
202500 1.0290051721440039 3035456366.4394846 2949894178 0.00006671155027589064
204304 1.0266731810237246 3089780860.1011643 3009507716 0.00006612248869756762
206116 1.0262195791559232 3144831281.621502 3064481857 0.00006554119491387303
207936 1.0260686354979107 3200614069.33253 3119298221 0.00006496753294700222
209764 1.0230743210664455 3257135689.9915886 3183674561 0.00006440136978160148
211600 1.0222839554160943 3314402638.7813244 3242154610 0.00006384257528765527
213444 1.0211460817446387 3372421439.309692 3302584713 0.00006329102214570499
215296 1.020782217752642 3431198643.609952 3361342492 0.00006274658577431934
217156 1.0190341015960434 3490740832.140672 3425538779 0.00006220914425973888
219024 1.0181225570477235 3551054613.7857275 3487845927 0.0000616785782876208
220900 1.0173802344037126 3612146625.8543005 3550439161 0.00006115477107681238
222784 1.0168087013669438 3674023534.080879 3613288841 0.00006063760831508481
224676 1.0155845889060142 3736692032.6252594 3679350862 0.00006012697809676092
226576 1.014872034777442 3800158844.072545 3744470942 0.00005962277086217364
228484 1.0138819398199561 3864430719.433145 3811519436 0.00005912487933889399
230400 1.0126579675761194 3929514438.1427765 3880396505 0.00005863319848466951
232324 1.0120174702402889 3995416808.0624633 3947972170 0.000058147625432016734
234256 1.0110557244903968 4062144665.478536 4017725796 0.000057668059434413016
236196 1.0105388556369923 4129704875.1026335 4086636404 0.000057194401814035185
238144 1.0089187147362877 4198104330.071699 4160993615 0.000056726555910994414
240100 1.008409564456878 4267349951.947985 4231762671 0.000056264427034018554
242064 1.0076328810746362 4337448690.71905 4304592250 0.000055807922412534934
244036 1.0064501320477515 4408407524.797762 4380154947 0.0000553569511501084
246016 1.0056066009957139 4480233461.02229 4455254626 0.00005491142417919101
248004 1.0051802977103579 4552933534.6561165 4529469534 0.00005447125421714107
250000 1.0045901153794419 4626514809.388027 4605375604 0.00005403635572347142
252004 1.0034672515802259 4700984377.332116 4684741201 0.00005360664485828738
254016 1.0029140395960552 4776349359.027783 4762471329 0.000053182039441877105
256036 1.0014480365712544 4852616903.439737 4845600297 0.000052762458915417576
258064 1.0017017349172426 4929794187.957993 4921419237 0.00005234782430276154
260100 1.0007193682785525 5007888418.39787 5004288492 0.000051938058173271264
262144 1 5086906829 5086906829 0.00005153308460566656
