4 60.81663266161039 36064.26316833496 593 0.0001109131214279755
16 163.9284689469771 144257.05267333984 880 0.0001109131214279755
36 152.59913893512677 324578.36851501465 2127 0.0001109131214279755
64 149.06437889262708 577028.2106933594 3871 0.0001109131214279755
100 143.91166467811237 901606.579208374 6265 0.0001109131214279755
144 189.06559983399717 1298313.4740600586 6867 0.0001109131214279755
196 182.55670405458812 1767148.895248413 9680 0.0001109131214279755
256 179.63365575324443 2308112.8427734375 12849 0.0001109131214279755
324 159.3413689322605 2921205.316635132 18333 0.0001109131214279755
400 152.09929217803958 3606426.316833496 23711 0.0001109131214279755
484 138.62498311155153 4363775.84336853 31479 0.0001109131214279755
576 126.4149825038396 5193253.896240234 41081 0.0001109131214279755
676 115.6739509479713 6094860.475448608 52690 0.0001109131214279755
784 108.81123704617549 7068595.580993652 64962 0.0001109131214279755
900 103.18750747571615 8114459.212875366 78638 0.0001109131214279755
1024 98.40705370014336 9232451.37109375 93819 0.0001109131214279755
1156 94.03004299458517 10422572.055648804 110843 0.0001109131214279755
1296 89.85213784874873 11684821.266540527 130045 0.0001109131214279755
1444 85.38411445434043 13019199.00376892 152478 0.0001109131214279755
1600 81.34765621558181 14425705.267333984 177334 0.0001109131214279755
1764 77.99150692040034 15904340.057235718 203924 0.0001109131214279755
1936 74.3058093707526 17455103.37347412 234909 0.0001109131214279755
2116 70.95277580229764 19077995.216049194 268883 0.0001109131214279755
2304 68.05001485601153 20773015.584960938 305261 0.0001109131214279755
2500 65.49136903335372 22540164.48020935 344170 0.0001109131214279755
2704 63.28607597045483 24379441.901794434 385226 0.0001109131214279755
2916 60.9080728967033 26290847.849716187 431648 0.0001109131214279755
3136 58.43202894070824 28274382.32397461 483885 0.0001109131214279755
3364 56.31222384599048 30330045.324569702 538605 0.0001109131214279755
3600 54.64677889392913 32457836.851501465 593957 0.0001109131214279755
3844 52.85765014507039 34657756.9047699 655681 0.0001109131214279755
4096 51.03459326800696 36929805.484375 723623 0.0001109131214279755
4356 49.44720008953829 39273982.59031677 794261 0.0001109131214279755
4624 47.93623595939673 41690288.222595215 869703 0.0001109131214279755
4900 46.68747378504999 44178722.38121033 946265 0.0001109131214279755
5184 45.24349004188728 46739285.06616211 1033061 0.0001109131214279755
5476 43.73284462701953 49371976.27745056 1128945 0.0001109131214279755
5776 42.418280744414695 52076796.01507568 1227697 0.0001109131214279755
6084 41.062525520311254 54853744.279037476 1335859 0.0001109131214279755
6400 39.702227942490275 57702821.06933594 1453390 0.0001109131214279755
6724 38.60576741918358 60624026.38597107 1570336 0.0001109131214279755
7056 37.34732589150796 63617360.22894287 1703398 0.0001109131214279755
7396 36.29012947988418 66682822.59825134 1837492 0.0001109131214279755
7744 35.268837925392596 69820413.49389648 1979663 0.0001109131214279755
8100 34.329302596940636 73030132.9158783 2127341 0.0001109131214279755
8464 33.414432358744065 76311980.86419678 2283803 0.0001109131214279755
8836 32.46293481079792 79665957.33885193 2454059 0.0001109131214279755
9216 31.621509681194954 83092062.33984375 2627707 0.0001109131214279755
9604 30.767652206679546 86590295.86717224 2814329 0.0001109131214279755
10000 29.960077199416954 90160657.9208374 3009360 0.0001109131214279755
10404 29.145061880172214 93803148.50083923 3218492 0.0001109131214279755
10816 28.34239619263207 97517767.60717773 3440703 0.0001109131214279755
11236 27.5531313132012 101304515.2398529 3676697 0.0001109131214279755
11664 26.810126487113465 105163391.39886475 3922525 0.0001109131214279755
12100 26.06418811240269 109094396.08421326 4185605 0.0001109131214279755
12544 25.356274491344138 113097529.29589844 4460337 0.0001109131214279755
12996 24.590384990572957 117172791.03392029 4764984 0.0001109131214279755
13456 23.9908903763647 121320181.29827881 5056927 0.0001109131214279755
13924 23.309318418782595 125539700.088974 5385816 0.0001109131214279755
14400 22.719653688734674 129831347.40600586 5714495 0.0001109131214279755
14884 22.135051690914565 134195123.24937439 6062562 0.0001109131214279755
15376 21.59548154452574 138631027.6190796 6419446 0.0001109131214279755
15876 20.94886060590542 143139060.51512146 6832785 0.0001109131214279755
16384 20.480586727464512 147719221.9375 7212646 0.0001109131214279755
16900 19.92824384779812 152371511.8862152 7646008 0.0001109131214279755
17424 19.40998664880396 157095930.3612671 8093562 0.0001109131214279755
17956 18.91816902441815 161892477.36265564 8557513 0.0001109131214279755
18496 18.433995883704892 166761152.89038086 9046392 0.0001109131214279755
19044 17.830868604138537 171701956.94444275 9629478 0.0001109131214279755
19600 17.500944003266696 176714889.5248413 10097449 0.0001109131214279755
20164 17.076860606337352 181799950.63157654 10645982 0.0001109131214279755
20736 16.66506873506917 186957140.26464844 11218504 0.0001109131214279755
21316 16.229538187623724 192186458.424057 11841770 0.0001109131214279755
21904 15.866914878694807 197487905.10980225 12446522 0.0001109131214279755
22500 15.408425909443244 202861480.32188416 13165620 0.0001109131214279755
23104 15.01657526626128 208307184.06030273 13871817 0.0001109131214279755
23716 14.687145877197267 213825016.32505798 14558650 0.0001109131214279755
24336 14.408514516976354 219414977.1161499 15228147 0.0001109131214279755
24964 14.016945008093945 225077066.4335785 16057498 0.0001109131214279755
25600 13.717832528986047 230811284.27734375 16825638 0.0001109131214279755
26244 13.464750966615464 236617630.64744568 17573116 0.0001109131214279755
26896 13.232953297395744 242496105.54388428 18325169 0.0001109131214279755
27556 12.914988668846496 248446708.96665955 19237083 0.0001109131214279755
28224 12.665314189561526 254469440.91577148 20091838 0.0001109131214279755
28900 12.332018955254437 260564301.3912201 21129087 0.0001109131214279755
29584 12.137336779729603 266731290.39300537 21976097 0.0001109131214279755
30276 11.807570750312635 272970407.9211273 23118253 0.0001109131214279755
30976 11.597648125485824 279281653.97558594 24080887 0.0001109131214279755
31684 11.322765943624558 285665028.5563812 25229262 0.0001109131214279755
32400 11.152945759508352 292120531.6635132 26192231 0.0001109131214279755
33124 10.869016942304247 298648163.2969818 27477017 0.0001109131214279755
33856 10.640661171323135 305247923.4567871 28686932 0.0001109131214279755
34596 10.45483879112633 311919812.1429291 29834971 0.0001109131214279755
35344 10.225049110526964 318663829.3554077 31165017 0.0001109131214279755
36100 10.067782931129468 325479975.094223 32328863 0.0001109131214279755
36864 9.845697183997133 332368249.359375 33757716 0.0001109131214279755
37636 9.721758910218488 339328652.15086365 34904039 0.0001109131214279755
38416 9.494579395728088 346361183.46868896 36479887 0.0001109131214279755
39204 9.322552677521811 353465843.31285095 37915135 0.0001109131214279755
40000 9.07962452570737 360642631.6833496 39719994 0.0001109131214279755
40804 9.001037077862641 367891548.58018494 40872129 0.0001109131214279755
41616 8.813249449063722 375212594.00335693 42573695 0.0001109131214279755
42436 8.64283663545328 382605767.9528656 44268541 0.0001109131214279755
43264 8.485152447225952 390071070.42871094 45971015 0.0001109131214279755
44100 8.346557384889989 397608501.43089294 47637425 0.0001109131214279755
44944 8.182816426522445 405218060.9594116 49520610 0.0001109131214279755
45796 8.00420501164472 412899749.01426697 51585354 0.0001109131214279755
46656 7.801630533367522 420653565.595459 53918673 0.0001109131214279755
47524 7.689163189951685 428479510.7029877 55725116 0.0001109131214279755
48400 7.564732085894856 436377584.336853 57685795 0.0001109131214279755
49284 7.424451117495403 444347786.49705505 59849244 0.0001109131214279755
50176 7.26299660774355 452390117.18359375 62286979 0.0001109131214279755
51076 7.174238945779496 460504576.3964691 64188631 0.0001109131214279755
51984 7.083568889522733 468691164.13568115 66165964 0.0001109131214279755
52900 6.914540883738853 476949880.40122986 68977809 0.0001109131214279755
53824 6.77954299976301 485280725.19311523 71580153 0.0001109131214279755
54756 6.700953259536222 493683698.5113373 73673652 0.0001109131214279755
55696 6.575216955519787 502158800.355896 76371442 0.0001109131214279755
56644 6.451245659015275 510706030.7267914 79163941 0.0001109131214279755
57600 6.308917505297093 519325389.62402344 82316085 0.0001109131214279755
58564 6.197246985057567 528016877.04759216 85201845 0.0001109131214279755
59536 6.103459200917608 536780492.99749756 87946929 0.0001109131214279755
60516 5.995245958400271 545616237.4737396 91008149 0.0001109131214279755
61504 5.871769191290062 554524110.4763184 94439017 0.0001109131214279755
62500 5.808216103449045 563504112.0052338 97018448 0.0001109131214279755
63504 5.727845597138334 572556242.0604858 99960139 0.0001109131214279755
64516 5.616454612814251 581680500.6420746 103567204 0.0001109131214279755
65536 5.530344906726088 590876887.75 106842683 0.0001109131214279755
66564 5.446352525631014 600145403.3842621 110192170 0.0001109131214279755
67600 5.378000111876089 609486047.5448608 113329497 0.0001109131214279755
68644 5.281946247127333 618898820.2317963 117172495 0.0001109131214279755
69696 5.178224079452005 628383721.4450684 121351203 0.0001109131214279755
70756 5.065721542748196 637940751.1846771 125932850 0.0001109131214279755
71824 4.986681180441267 647569909.4506226 129859898 0.0001109131214279755
72900 4.916292074317642 657271196.2429047 133692463 0.0001109131214279755
73984 4.826280894201298 667044611.5615234 138210897 0.0001109131214279755
75076 4.736674772825269 676890155.4064789 142904081 0.0001109131214279755
76176 4.653394069084938 686807827.777771 147592879 0.0001109131214279755
77284 4.568605401149833 696797628.6753998 152518672 0.0001109131214279755
78400 4.500125217462198 706859558.0993652 157075531 0.0001109131214279755
79524 4.428274835052813 716993616.0496674 161912628 0.0001109131214279755
80656 4.361065172744202 727199802.5263062 166748208 0.0001109131214279755
81796 4.290017446487478 737478117.5292816 171905622 0.0001109131214279755
82944 4.213724551832846 747828561.0585938 177474477 0.0001109131214279755
84100 4.142881670178367 758251133.1142426 183025052 0.0001109131214279755
85264 4.080626534625678 768745833.696228 188389167 0.0001109131214279755
86436 4.023330761643736 779312662.8045502 193698383 0.0001109131214279755
87616 3.9343528289460803 789951620.439209 200783116 0.0001109131214279755
88804 3.8745542118242806 800662706.6002045 206646407 0.0001109131214279755
90000 3.8256740471872055 811445921.2875366 212105347 0.0001109131214279755
91204 3.7464876766268507 822301264.5012054 219485912 0.0001109131214279755
92416 3.6972247412214347 833228736.2412109 225365996 0.0001109131214279755
93636 3.639767780726403 844228336.5075531 231945659 0.0001109131214279755
94864 3.5833783314097984 855300065.3002319 238685393 0.0001109131214279755
96100 3.50926814208567 866443922.6192474 246901601 0.0001109131214279755
97344 3.4681546286761673 877659908.4645996 253062508 0.0001109131214279755
98596 3.408513312411871 888948022.8362885 260802274 0.0001109131214279755
99856 3.3465692621157 900308265.734314 269024244 0.0001109131214279755
101124 3.2878054555754472 911740637.1586761 277309789 0.0001109131214279755
102400 3.242375088942338 923245137.109375 284743471 0.0001109131214279755
103684 3.189952511374999 934821765.5864105 293051938 0.0001109131214279755
104976 3.128963117496243 946470522.5897827 302486954 0.0001109131214279755
106276 3.080189766463111 958191408.1194916 311081940 0.0001109131214279755
107584 3.0375272640864672 969984422.1755371 319333569 0.0001109131214279755
108900 2.9794639141315336 981849564.7579193 329539002 0.0001109131214279755
110224 2.9288298587562616 993786835.8666382 339311904 0.0001109131214279755
111556 2.8839380658927256 1005796235.5016937 348757918 0.0001109131214279755
112896 2.8363630456903817 1017877763.6630859 358867235 0.0001109131214279755
114244 2.7992349754350023 1030031420.3508148 367968902 0.0001109131214279755
115600 2.758925865705789 1042257205.5648804 377776445 0.0001109131214279755
116964 2.7174656831793653 1054555119.3052826 388065662 0.0001109131214279755
118336 2.675082024274463 1066925161.5720215 398838298 0.0001109131214279755
119716 2.6362481778406397 1079367332.365097 409433126 0.0001109131214279755
121104 2.60024224950279 1091881631.6845093 419915349 0.0001109131214279755
122500 2.56192308794534 1104468059.5302582 431108984 0.0001109131214279755
123904 2.5252099414234506 1117126615.9023438 442389600 0.0001109131214279755
125316 2.4900055815141777 1129857300.800766 453756935 0.0001109131214279755
126736 2.4522117418754803 1142660114.225525 465971227 0.0001109131214279755
128164 2.412621420444717 1155535056.1766205 478954156 0.0001109131214279755
129600 2.38685357453551 1168482126.6540527 489549145 0.0001109131214279755
131044 2.348583877583966 1181501325.6578217 503069674 0.0001109131214279755
132496 2.3207974849828212 1194592653.1879272 514733690 0.0001109131214279755
133956 2.2871802413812947 1207756109.2443695 528054627 0.0001109131214279755
135424 2.253973635936777 1220991693.8271484 541706289 0.0001109131214279755
136900 2.223117866248797 1234299406.936264 555210961 0.0001109131214279755
138384 2.193140341211796 1247679248.5717163 568900779 0.0001109131214279755
139876 2.1642682432197495 1261131218.7335052 582705597 0.0001109131214279755
141376 2.132812690527477 1274655317.4216309 597640535 0.0001109131214279755
142884 2.1039387800655116 1288251544.6360931 612304672 0.0001109131214279755
144400 2.0743953749368385 1301919900.376892 627614155 0.0001109131214279755
145924 2.0457549199073295 1315660384.6440277 643117302 0.0001109131214279755
147456 2.017725305752831 1329472997.4375 658896924 0.0001109131214279755
148996 1.9934939161312906 1343357738.757309 673871000 0.0001109131214279755
150544 1.9660555601805962 1357314608.6034546 690374492 0.0001109131214279755
152100 1.9409203797982524 1371343606.975937 706542948 0.0001109131214279755
153664 1.9167261425977036 1385444733.8747559 722818301 0.0001109131214279755
155236 1.8891830651388961 1399617989.2999115 740858848 0.0001109131214279755
156816 1.8663296873115514 1413863373.2514038 757563566 0.0001109131214279755
158404 1.8425632411488526 1428180885.7292328 775105491 0.0001109131214279755
160000 1.8201968624555236 1442570526.7333984 792535443 0.0001109131214279755
161604 1.7955911802993167 1457032296.2639008 811449907 0.0001109131214279755
163216 1.7714712558080288 1471566194.3207397 830702835 0.0001109131214279755
164836 1.7502271250129595 1486172220.9039154 849131064 0.0001109131214279755
166464 1.728028514992247 1500850376.0134277 868533339 0.0001109131214279755
168100 1.70612790190425 1515600659.6492767 888327691 0.0001109131214279755
169744 1.6749455968672091 1530423071.8114624 913715093 0.0001109131214279755
171396 1.661261074720489 1545317612.4999847 930207561 0.0001109131214279755
173056 1.6440859535771661 1560284281.7148438 949028412 0.0001109131214279755
174724 1.6245969472811734 1575323079.4560394 969670097 0.0001109131214279755
176400 1.6052135034140027 1590434005.7235718 990792815 0.0001109131214279755
178084 1.5852353801144108 1605617060.5174408 1012857195 0.0001109131214279755
179776 1.562754600442715 1620872243.8376465 1037189232 0.0001109131214279755
181476 1.5446031201944854 1636199555.6841888 1059300952 0.0001109131214279755
183184 1.5206342762558427 1651598996.0570679 1086125061 0.0001109131214279755
184900 1.503482969807216 1667070564.9562836 1108805752 0.0001109131214279755
186624 1.488778028043272 1682614262.381836 1130198210 0.0001109131214279755
188356 1.470139794263879 1698230088.333725 1155148711 0.0001109131214279755
190096 1.4541342660361927 1713918042.8119507 1178651850 0.0001109131214279755
191844 1.4398147547357074 1729678125.816513 1201319906 0.0001109131214279755
193600 1.4731156714905782 1745510337.347412 1184910575 0.0001109131214279755
195364 1.4570174286524578 1761414677.4046478 1208918056 0.0001109131214279755
197136 1.4365138910596962 1777391145.9882202 1237294785 0.0001109131214279755
198916 1.4207210511603758 1793439743.0981293 1262344738 0.0001109131214279755
200704 1.4041218675431288 1809560468.734375 1288748869 0.0001109131214279755
202500 1.3848599260913548 1825753322.8969574 1318366781 0.0001109131214279755
204304 1.3682107142418993 1842018305.5858765 1346297238 0.0001109131214279755
206116 1.3555447218475105 1858355416.8011322 1370928887 0.0001109131214279755
207936 1.3404983873926715 1874764656.5427246 1398557935 0.0001109131214279755
209764 1.3260619002863887 1891246024.8106537 1426212475 0.0001109131214279755
211600 1.3104069447910192 1907799521.6049194 1455883250 0.0001109131214279755
213444 1.297585308316125 1924425146.9255219 1483081794 0.0001109131214279755
215296 1.2830095944068258 1941122900.772461 1512944961 0.0001109131214279755
217156 1.2672507773475192 1957892783.1457367 1544992371 0.0001109131214279755
219024 1.2517510547682649 1974734794.0453491 1577577895 0.0001109131214279755
220900 1.2346644650714778 1991648933.4712982 1613109464 0.0001109131214279755
222784 1.2213558537333926 2008635201.423584 1644594567 0.0001109131214279755
224676 1.215532294586452 2025693597.9022064 1666507428 0.0001109131214279755
226576 1.2017059805068306 2042824122.9071655 1699936720 0.0001109131214279755
228484 1.189684800631084 2060026776.4384613 1731573586 0.0001109131214279755
230400 1.1766346612589813 2077301558.4960938 1765460110 0.0001109131214279755
232324 1.164825237182294 2094648469.0800629 1798251276 0.0001109131214279755
234256 1.151937500922417 2112067508.1903687 1833491406 0.0001109131214279755
236196 1.1407434692069078 2129558675.827011 1866816452 0.0001109131214279755
238144 1.1288347224756035 2147121971.9899902 1902069390 0.0001109131214279755
240100 1.1179124736221293 2164757396.679306 1936428341 0.0001109131214279755
242064 1.106892941283737 2182464949.8949585 1971703738 0.0001109131214279755
244036 1.0916454503718058 2200244631.6369476 2015530437 0.0001109131214279755
246016 1.0788414358951444 2218096441.9052734 2055998563 0.0001109131214279755
248004 1.0694243262646597 2236020380.699936 2090863585 0.0001109131214279755
250000 1.0586681332803136 2254016448.020935 2129105786 0.0001109131214279755
252004 1.047677874042776 2272084643.868271 2168686292 0.0001109131214279755
254016 1.0377667196635194 2290224968.2419434 2206878410 0.0001109131214279755
256036 1.0282080076645956 2308437421.1419525 2245107414 0.0001109131214279755
258064 1.0187439507065426 2326722002.5682983 2283912460 0.0001109131214279755
260100 1.0091536921144864 2345078712.520981 2323807296 0.0001109131214279755
262144 1 2363507551 2363507551 0.0001109131214279755
