4 154.314191420083 77620.03828430176 503 0.00005153308460566656
16 737.4825490194942 310480.15313720703 421 0.00005153308460566656
36 771.0599829566399 698580.3445587158 906 0.00005153308460566656
64 927.4985904024109 1241920.6125488281 1339 0.00005153308460566656
100 841.5008487023174 1940500.957107544 2306 0.00005153308460566656
144 814.4335115811318 2794321.3782348633 3431 0.00005153308460566656
196 708.6606811870292 3803381.875930786 5367 0.00005153308460566656
256 703.1397664819975 4967682.4501953125 7065 0.00005153308460566656
324 641.1608302088969 6287223.101028442 9806 0.00005153308460566656
400 581.9902398163136 7762003.828430176 13337 0.00005153308460566656
484 527.997786845093 9392024.632400513 17788 0.00005153308460566656
576 477.1723665018551 11177285.512939453 23424 0.00005153308460566656
676 433.7605472537199 13117786.470046997 30242 0.00005153308460566656
784 395.72187550326817 15213527.503723145 38445 0.00005153308460566656
900 361.85373392109847 17464508.613967896 48264 0.00005153308460566656
1024 331.26716792446734 19870729.80078125 59984 0.00005153308460566656
1156 302.5734584715424 22432191.064163208 74138 0.00005153308460566656
1296 276.9671303632534 25148892.40411377 90801 0.00005153308460566656
1444 254.71864354661918 28020833.820632935 110007 0.00005153308460566656
1600 234.56894965111363 31048015.313720703 132362 0.00005153308460566656
1764 217.54605640603677 34230436.883377075 157348 0.00005153308460566656
1936 202.33256243221786 37568098.52960205 185675 0.00005153308460566656
2116 188.0418218106513 41061000.25239563 218361 0.00005153308460566656
2304 175.39600026581698 44709142.05175781 254904 0.00005153308460566656
2500 163.85325216311045 48512523.9276886 296073 0.00005153308460566656
2704 153.10297644182094 52471145.88018799 342718 0.00005153308460566656
2916 143.8010849165961 56585007.90925598 393495 0.00005153308460566656
3136 133.85885611726118 60854110.01489258 454614 0.00005153308460566656
3364 126.24122197960092 65278452.19709778 517093 0.00005153308460566656
3600 118.577697151359 69858034.45587158 589133 0.00005153308460566656
3844 111.97774760743086 74592856.79121399 666140 0.00005153308460566656
4096 105.62233456004492 79482919.203125 752520 0.00005153308460566656
4356 99.83255189748981 84528221.69160461 846700 0.00005153308460566656
4624 94.58574211421792 89728764.25665283 948650 0.00005153308460566656
4900 89.73431767550314 95084546.89826965 1059623 0.00005153308460566656
5184 85.18904554127073 100595569.61645508 1180851 0.00005153308460566656
5476 80.88350145932534 106261832.4112091 1313764 0.00005153308460566656
5776 77.19062533877104 112083335.28253174 1452033 0.00005153308460566656
6084 73.52941469255929 118060078.23042297 1605617 0.00005153308460566656
6400 70.19645595732032 124192061.25488281 1769207 0.00005153308460566656
6724 67.01761962665067 130479284.35591125 1946940 0.00005153308460566656
7056 64.0746739957145 136921747.5335083 2136909 0.00005153308460566656
7396 61.350455037995346 143519450.78767395 2339338 0.00005153308460566656
7744 58.792867548711854 150272394.1184082 2555963 0.00005153308460566656
8100 56.37410112213784 157180577.52571106 2788170 0.00005153308460566656
8464 54.105800554479536 164244001.00958252 3035608 0.00005153308460566656
8836 51.98060885124597 171462664.57002258 3298589 0.00005153308460566656
9216 49.85851724855975 178836568.20703125 3586881 0.00005153308460566656
9604 47.666863930725185 186365711.92060852 3909754 0.00005153308460566656
10000 45.76993236779487 194050095.7107544 4239685 0.00005153308460566656
10404 43.77108736201462 201889719.57746887 4612399 0.00005153308460566656
10816 41.96615658160287 209884583.52075195 5001282 0.00005153308460566656
11236 40.46054732195712 218034687.54060364 5388822 0.00005153308460566656
11664 38.675748244567245 226340031.63702393 5852247 0.00005153308460566656
12100 36.849353366169055 234800615.81001282 6371906 0.00005153308460566656
12544 35.6707591569506 243416440.0595703 6823977 0.00005153308460566656
12996 34.38126932143068 252187504.3856964 7335026 0.00005153308460566656
13456 33.38934272487014 261113808.7883911 7820274 0.00005153308460566656
13924 32.1794488010632 270195353.2676544 8396519 0.00005153308460566656
14400 30.85767148150214 279432137.8234863 9055516 0.00005153308460566656
14884 29.826173029986204 288824162.45588684 9683581 0.00005153308460566656
15376 28.81523629499622 298371427.16485596 10354641 0.00005153308460566656
15876 27.71292129164778 308073931.9503937 11116617 0.00005153308460566656
16384 26.990809081803718 317931676.8125 11779257 0.00005153308460566656
16900 26.115354561519677 327944661.7511749 12557542 0.00005153308460566656
17424 25.28407317896691 338112886.76641846 13372564 0.00005153308460566656
17956 24.368622130235337 348436351.8582306 14298566 0.00005153308460566656
18496 23.687937486704477 358915057.0266113 15151807 0.00005153308460566656
19044 23.131108847922494 369549002.27156067 15976277 0.00005153308460566656
19600 22.27877488724098 380338187.5930786 17071773 0.00005153308460566656
20164 21.830110286911342 391282612.99116516 17923987 0.00005153308460566656
20736 21.176942434063093 402382278.4658203 19000962 0.00005153308460566656
21316 20.58948242898631 413637184.01704407 20089732 0.00005153308460566656
21904 19.872730951400708 425047329.6448364 21388471 0.00005153308460566656
22500 19.321481518372746 436612715.3491974 22597269 0.00005153308460566656
23104 18.817588697582536 448333341.13012695 23825228 0.00005153308460566656
23716 18.317403321912256 460209206.9876251 25124151 0.00005153308460566656
24336 17.875268264042184 472240312.9216919 26418642 0.00005153308460566656
24964 17.323115794019007 484426658.9323273 27964176 0.00005153308460566656
25600 16.929838714218263 496768245.01953125 29342763 0.00005153308460566656
26244 16.54866647962338 509265071.18330383 30773783 0.00005153308460566656
26896 16.185050968790176 521917137.423645 32246864 0.00005153308460566656
27556 15.789342876838386 534724443.7405548 33866162 0.00005153308460566656
28224 15.368183079675587 547686990.1340332 35637719 0.00005153308460566656
28900 14.979415808402516 560804776.6040802 37438361 0.00005153308460566656
29584 14.639206196173198 574077803.1506958 39215091 0.00005153308460566656
30276 14.315417254499465 587506069.77388 41040094 0.00005153308460566656
30976 13.89530783480402 601089576.4736328 43258457 0.00005153308460566656
31684 13.683039584379554 614828323.2499542 44933607 0.00005153308460566656
32400 13.372362218145923 628722310.1028442 47016548 0.00005153308460566656
33124 13.035744812906731 642771537.0323029 49308386 0.00005153308460566656
33856 12.799607309258285 656976004.0383301 51327825 0.00005153308460566656
34596 12.462509317999437 671335711.1209259 53868422 0.00005153308460566656
35344 12.135018387672963 685850658.2800903 56518304 0.00005153308460566656
36100 11.865947168138744 700520845.5158234 59036235 0.00005153308460566656
36864 11.48682880650135 715346272.828125 62275349 0.00005153308460566656
37636 11.142478083547916 730326940.2169952 65544391 0.00005153308460566656
38416 11.022409159805472 745462847.6824341 67631571 0.00005153308460566656
39204 10.740947623820366 760753995.2244415 70827456 0.00005153308460566656
40000 10.6011541545819 776200382.8430176 73218479 0.00005153308460566656
40804 10.322643595171328 791802010.5381622 76705352 0.00005153308460566656
41616 10.111324240739995 807558878.3098755 79866777 0.00005153308460566656
42436 9.822059942561497 823470986.1581573 83838929 0.00005153308460566656
43264 9.551462026366904 839538334.0830078 87896317 0.00005153308460566656
44100 9.41399290680146 855760922.0844269 90903077 0.00005153308460566656
44944 9.22890071811133 872138750.1624146 94500827 0.00005153308460566656
45796 8.983476241216694 888671818.3169708 98922933 0.00005153308460566656
46656 8.799476177256544 905360126.5480957 102887957 0.00005153308460566656
47524 8.657529547041955 922203674.8557892 106520419 0.00005153308460566656
48400 8.440208480151878 939202463.2400513 111277164 0.00005153308460566656
49284 8.26649126542783 956356491.700882 115690740 0.00005153308460566656
50176 8.079464969074744 973665760.2382812 120511168 0.00005153308460566656
51076 7.9166221107198576 991130268.8522491 125196107 0.00005153308460566656
51984 7.73169263057369 1008750017.5427856 130469493 0.00005153308460566656
52900 7.613097399883835 1026525006.3098907 134836710 0.00005153308460566656
53824 7.415342885941313 1044455235.1535645 140850565 0.00005153308460566656
54756 7.330500798861563 1062540704.0738068 144947901 0.00005153308460566656
55696 7.151586917120706 1080781413.0706177 151124698 0.00005153308460566656
56644 6.974419755405115 1099177362.1439972 157601263 0.00005153308460566656
57600 6.8423335245383905 1117728551.2939453 163354877 0.00005153308460566656
58564 6.712086162675714 1136434980.520462 169311739 0.00005153308460566656
59536 6.576797528562613 1155296649.8235474 175662493 0.00005153308460566656
60516 6.434423178064368 1174313559.2032013 182504869 0.00005153308460566656
61504 6.290333139343973 1193485708.6594238 189733307 0.00005153308460566656
62500 6.191398188547628 1212813098.192215 195886787 0.00005153308460566656
63504 6.041194144144151 1232295727.8015747 203982143 0.00005153308460566656
64516 5.938344296329985 1251933597.487503 210821996 0.00005153308460566656
65536 5.805372482305239 1271726707.25 219060312 0.00005153308460566656
66564 5.700551393862111 1291675057.0890656 226587740 0.00005153308460566656
67600 5.582638485413865 1311778647.0046997 234974672 0.00005153308460566656
68644 5.483686403421566 1332037476.9969025 242909127 0.00005153308460566656
69696 5.368431131217564 1352451547.0656738 251926776 0.00005153308460566656
70756 5.243624857112014 1373020857.2110138 261845745 0.00005153308460566656
71824 5.135395739497774 1393745407.4329224 271399806 0.00005153308460566656
72900 5.031926921286714 1414625197.7313995 281129917 0.00005153308460566656
73984 4.932539099036022 1435660228.1064453 291059067 0.00005153308460566656
75076 4.843771760336073 1456850498.5580597 300767784 0.00005153308460566656
76176 4.737500543109793 1478196009.0862427 312020230 0.00005153308460566656
77284 4.641245966792004 1499696759.6909943 323123741 0.00005153308460566656
78400 4.558717403685742 1521352750.3723145 333723856 0.00005153308460566656
79524 4.45939371257799 1543163981.1302032 346047934 0.00005153308460566656
80656 4.382356187011973 1565130451.9646606 357143597 0.00005153308460566656
81796 4.2998939725087775 1587252162.8756866 369137512 0.00005153308460566656
82944 4.196244783325929 1609529113.8632812 383564162 0.00005153308460566656
84100 4.129862989248865 1631961304.9274445 395161125 0.00005153308460566656
85264 4.0525638174167185 1654548736.0681763 408272099 0.00005153308460566656
86436 3.9751614469635173 1677291407.2854767 421942965 0.00005153308460566656
87616 3.895056258428168 1700189318.5793457 436499297 0.00005153308460566656
88804 3.825391446974247 1723242469.9497833 450474806 0.00005153308460566656
90000 3.7521659757018266 1746450861.3967896 465451388 0.00005153308460566656
91204 3.6808596237214024 1769814492.9203644 480815536 0.00005153308460566656
92416 3.6174393669056832 1793333364.5205078 495746627 0.00005153308460566656
93636 3.5508748329710036 1817007476.1972198 511706991 0.00005153308460566656
94864 3.479175404657541 1840836827.9505005 529101472 0.00005153308460566656
96100 3.4239075235459695 1864821419.7803497 544647134 0.00005153308460566656
97344 3.3488535669997144 1888961251.6867676 564062063 0.00005153308460566656
98596 3.300841515332727 1913256323.669754 579626836 0.00005153308460566656
99856 3.2445717288225557 1937706635.729309 597214917 0.00005153308460566656
101124 3.182866188780515 1962312187.8654327 616523621 0.00005153308460566656
102400 3.132917754907972 1987072980.078125 634256350 0.00005153308460566656
103684 3.0710154845710758 2011989012.3673859 655154304 0.00005153308460566656
104976 3.028886797903504 2037060284.7332153 672544212 0.00005153308460566656
106276 2.973070372567248 2062286797.1756134 693655561 0.00005153308460566656
107584 2.9207949056643394 2087668549.69458 714760405 0.00005153308460566656
108900 2.8756639506697654 2113205542.2901154 734858307 0.00005153308460566656
110224 2.8317585615251804 2138897774.9622192 755324908 0.00005153308460566656
111556 2.7771438636623564 2164745247.7108917 779486175 0.00005153308460566656
112896 2.7385530815805312 2190747960.536133 799965491 0.00005153308460566656
114244 2.698098583154848 2216905913.4379425 821654897 0.00005153308460566656
115600 2.656251844841685 2243219106.416321 844505430 0.00005153308460566656
116964 2.6126360521218515 2269687539.4712677 868734678 0.00005153308460566656
118336 2.571601454306911 2296311212.602783 892949881 0.00005153308460566656
119716 2.5347999537443333 2323090125.8108673 916478684 0.00005153308460566656
121104 2.495074110054875 2350024279.09552 941865522 0.00005153308460566656
122500 2.4562101228058126 2377113672.4567413 967797360 0.00005153308460566656
123904 2.418515638606681 2404358305.8945312 994146272 0.00005153308460566656
125316 2.385016202568045 2431758179.40889 1019598180 0.00005153308460566656
126736 2.348438995460336 2459313292.999817 1047211913 0.00005153308460566656
128164 2.3165233167952675 2487023646.6673126 1073601819 0.00005153308460566656
129600 2.2808600714469 2514889240.411377 1102605667 0.00005153308460566656
131044 2.2491201869937507 2542910074.23201 1130624361 0.00005153308460566656
132496 2.216801124524933 2571086148.1292114 1159818136 0.00005153308460566656
133956 2.185072528817534 2599417462.1029816 1189625254 0.00005153308460566656
135424 2.1546159470776693 2627904016.1533203 1219662381 0.00005153308460566656
136900 2.1250155752038378 2656545810.2802277 1250130042 0.00005153308460566656
138384 2.0977108403634217 2685342844.4837036 1280130127 0.00005153308460566656
139876 2.0702124479003654 2714295118.763748 1311119118 0.00005153308460566656
141376 2.0419334342786835 2743402633.1203613 1343531864 0.00005153308460566656
142884 2.014557533841059 2772665387.553543 1376314819 0.00005153308460566656
144400 1.9879635341710478 2802083382.0632935 1409524538 0.00005153308460566656
145924 1.9603467000362098 2831656616.6496124 1444467255 0.00005153308460566656
147456 1.935061547861484 2861385091.3125 1478704951 0.00005153308460566656
148996 1.9115296100423416 2891268806.051956 1512541993 0.00005153308460566656
150544 1.8869215719024899 2921307760.867981 1548187166 0.00005153308460566656
152100 1.8638808318482543 2951501955.7605743 1583525033 0.00005153308460566656
153664 1.8401515103035235 2981851390.7297363 1620437977 0.00005153308460566656
155236 1.8173111072039252 3012356065.775467 1657589641 0.00005153308460566656
156816 1.7955236712978748 3043015980.897766 1694779094 0.00005153308460566656
158404 1.773082087814121 3073831136.096634 1733609040 0.00005153308460566656
160000 1.751768114391678 3104801531.3720703 1772381576 0.00005153308460566656
161604 1.7312635161105965 3135927166.7240753 1811351731 0.00005153308460566656
163216 1.7101341970422756 3167208042.152649 1852023103 0.00005153308460566656
164836 1.6901878816353761 3198644157.657791 1892478459 0.00005153308460566656
166464 1.6705408415806564 3230235513.239502 1933646537 0.00005153308460566656
168100 1.6508275677123478 3261982108.8977814 1975967795 0.00005153308460566656
169744 1.6313157149066397 3293883944.6326294 2019157858 0.00005153308460566656
171396 1.6136017264160405 3325941020.444046 2061190792 0.00005153308460566656
173056 1.5943327397318494 3358153336.3320312 2106306452 0.00005153308460566656
174724 1.5774113515875996 3390520892.296585 2149420878 0.00005153308460566656
176400 1.5592335562413542 3423043688.3377075 2195337366 0.00005153308460566656
178084 1.541045231514277 3455721724.4553986 2242453144 0.00005153308460566656
179776 1.524663758551917 3488555000.649658 2288081540 0.00005153308460566656
181476 1.5076438886410566 3521543516.9204865 2335792652 0.00005153308460566656
183184 1.4920331819864376 3554687273.2678833 2382445187 0.00005153308460566656
184900 1.473714903658696 3587986269.6918488 2434654261 0.00005153308460566656
186624 1.4604428650707761 3621440506.192383 2479686534 0.00005153308460566656
188356 1.4439733185387755 3655049982.7694855 2531244820 0.00005153308460566656
190096 1.427911702546778 3688814699.4231567 2583363308 0.00005153308460566656
191844 1.413586576274791 3722734656.1533966 2633538489 0.00005153308460566656
193600 1.4028156030354413 3756809852.960205 2678049663 0.00005153308460566656
195364 1.388882752720879 3791040289.843582 2729561068 0.00005153308460566656
197136 1.374080313284452 3825425966.803528 2783990084 0.00005153308460566656
198916 1.3603091990729468 3859966883.840042 2837565817 0.00005153308460566656
200704 1.3454650779071557 3894663040.953125 2894659330 0.00005153308460566656
202500 1.3320865770198407 3929514438.1427765 2949894178 0.00005153308460566656
204304 1.3173320853545858 3964521075.4089966 3009507716 0.00005153308460566656
206116 1.3051742967952527 3999682952.7517853 3064481857 0.00005153308460566656
207936 1.293560212680653 4035000070.1711426 3119298221 0.00005153308460566656
209764 1.2785453882536673 4070472427.6670685 3183674561 0.00005153308460566656
211600 1.2664726144073564 4106100025.239563 3242154610 0.00005153308460566656
213444 1.2541337233788092 4141882862.888626 3302584713 0.00005153308460566656
215296 1.2429024863004818 4177820940.614258 3361342492 0.00005153308460566656
217156 1.2301464179152 4213914258.416458 3425538779 0.00005153308460566656
219024 1.2185638085082842 4250162816.295227 3487845927 0.00005153308460566656
220900 1.2073341972273735 4286566614.2505646 3550439161 0.00005153308460566656
222784 1.1964517209994259 4323125652.282471 3613288841 0.00005153308460566656
224676 1.1849481318617843 4359839930.390945 3679350862 0.00005153308460566656
226576 1.1741870925636333 4396709448.575989 3744470942 0.00005153308460566656
228484 1.1632458606824223 4433734206.837601 3811519436 0.00005153308460566656
230400 1.1521797319977178 4470914205.175781 3880396505 0.00005153308460566656
232324 1.1419152034170825 4508249443.59053 3947972170 0.00005153308460566656
234256 1.1314211454170249 4545739922.081848 4017725796 0.00005153308460566656
236196 1.12155454695297 4583385640.6497345 4086636404 0.00005153308460566656
238144 1.1105968974898774 4621186599.294189 4160993615 0.00005153308460566656
240100 1.100993406351453 4659142798.015213 4231762671 0.00005153308460566656
242064 1.0912193220653605 4697254236.812805 4304592250 0.00005153308460566656
244036 1.0811309127158524 4735520915.686966 4380154947 0.00005153308460566656
246016 1.07153086307972 4773942834.637695 4455254626 0.00005153308460566656
248004 1.0624908629013405 4812519993.664993 4529469534 0.00005153308460566656
250000 1.0533890848241136 4851252392.76886 4605375604 0.00005153308460566656
252004 1.043844221513336 4890140031.949295 4684741201 0.00005153308460566656
254016 1.035005267368466 4929182911.206299 4762471329 0.00005153308460566656
256036 1.0253386012081696 4968381030.539871 4845600297 0.00005153308460566656
258064 1.0175386710201564 5007734389.950012 4921419237 0.00005153308460566656
260100 1.0085835374010492 5047242989.436722 5004288492 0.00005153308460566656
262144 1 5086906829 5086906829 0.00005153308460566656
