4 0.026061998575951494 10.085993448893229 387 0.3965895893417355
16 0.3477928775480424 80.68794759114583 232 0.19829479467086775
36 0.5695321204640149 234.64723363117415 412 0.1534217959568444
64 0.7046982322370814 484.12768554687494 687 0.1321965297805785
100 0.8260588018424139 837.6236250682076 1014 0.1193853623599227
144 0.9115439066420539 1301.684698684853 1428 0.11062586826555562
196 1.0078451436918776 1881.6468832727353 1867 0.10416407124119834
256 1.0826055861285813 2582.0143229166665 2385 0.09914739733543387
324 1.0832065933229835 3406.6847360007832 3145 0.09510712763528392
400 1.1263808385431922 4359.093845162153 3870 0.09176219053965343
484 1.1505948348953354 5442.313569054937 4730 0.08893276615886854
576 1.1336605126625872 6659.121851380037 5874 0.08649789159221193
676 1.1453972995698316 8012.054110490972 6995 0.08437287001280316
784 1.1600881651701676 9503.442249074013 8192 0.08249642386961321
900 1.1726458446074395 11135.444940392246 9496 0.08082299403550348
1024 1.1807272374778977 12910.071614583334 10934 0.07931791786834709
1156 1.1661844747349697 14829.201780729874 12716 0.07795429700755634
1296 1.1675605267066025 16894.60082144454 14470 0.0767108979784222
1444 1.1666829325943298 19107.933070029932 16378 0.07557070640282172
1600 1.1686682321035218 21470.772760205902 18372 0.07451990749794775
1764 1.170038210957619 23984.613286420234 20499 0.07354715204012705
1936 1.172033735233918 26650.875105484065 22739 0.07264301799987127
2116 1.1640760174219107 29470.912533070514 25317 0.07179960911035754
2304 1.1610255361083033 32446.019632082644 27946 0.07101025106086675
2500 1.1589118651373698 35577.435347852115 30699 0.07026925846556081
2704 1.155498513896293 38866.348013415714 33636 0.06957175392621517
2916 1.1512106682960332 42313.899323888996 36756 0.06891352597121024
3136 1.1520908166343446 45921.18786022835 39859 0.06829091637492336
3364 1.1522150081864972 49689.27222804269 43125 0.06770072993947956
3600 1.152505671601171 53619.173865572884 46524 0.06714016163369951
3844 1.1535685215728237 57711.8795657668 50029 0.06660673727701916
4096 1.1539513928977112 61968.34374999999 53701 0.06609826489028925
4356 1.147455676397763 66389.49052502177 57858 0.06561279451840728
4624 1.1447961346124949 70976.21554984007 61999 0.06514858483477455
4900 1.1409839651549802 75729.38773526635 66372 0.0647040752148868
5184 1.136569720480049 80649.8507955438 70959 0.06427786225100413
5476 1.1370239061711673 85738.42466874304 75406 0.06386867989652183
5776 1.1352209641119495 90995.90682032154 80157 0.06347538259501231
6084 1.133815522057319 96423.07344232057 85043 0.06309693087764305
6400 1.1334245876509847 102020.68055905278 90011 0.06273237901305195
6724 1.1338501556698815 107789.46504875728 95065 0.062380864372584825
7056 1.133210565752918 113730.14558952859 100361 0.06204159823611149
7396 1.1340969172525055 119843.42353682402 105673 0.06171385781321115
7744 1.1173811458096525 126129.98373899359 112880 0.06139697929419388
8100 1.135523142837261 132590.4952965356 116766 0.061090351777361836
8464 1.1306470161131423 139225.61227014012 123138 0.06079341194475956
8836 1.1269338308782841 146035.97434202422 129587 0.06050563937968877
9216 1.1230410726390614 153022.20743458057 136257 0.06022655243644937
9604 1.119461910881435 160184.9242899354 143091 0.05995570458688558
10000 1.1175989180146468 167524.72501364152 149897 0.05969268117996135
10404 1.1146841592875822 175042.1975854069 157033 0.0594370965602375
10816 1.112566398209244 182737.9183394701 164249 0.0591885914991504
11236 1.1109440800164492 190612.4524169823 171577 0.05894683089969492
11664 1.1098120999085446 198666.35419252864 179009 0.05871150174073439
12100 1.1085343017242786 206900.16767672452 186643 0.05848231123188792
12544 1.1075845004971323 215314.42689664252 194400 0.05825898515393723
12996 1.1068362667546685 223909.6562556692 202297 0.05804126636307563
13456 1.1064023454737915 232686.3708742476 210309 0.057828913440195105
13924 1.1058360268391505 241645.07691283748 218518 0.05762169946885552
14400 1.1049849174445923 250786.2718783072 226959 0.05741941092767442
14884 1.1049158280583575 260110.44491487407 235412 0.057221846684669134
15376 1.1052593745234003 269618.07708061277 243941 0.0570288170826274
15876 1.1049515056985233 279309.6416104727 252780 0.05684014310591107
16384 1.105868062327359 289185.6041666667 261501 0.05665565562024792
16900 1.1013894901240986 299246.4230772275 271699 0.05647519467806157
17424 1.0983208933111392 309492.549563466 281787 0.05629860888275423
17956 1.0950540740739776 319924.4279570088 292154 0.05612575480610975
18496 1.0928758808242052 330542.4959070425 302452 0.055956496453640786
19044 1.0905277596581113 341347.1845783451 313011 0.05579070477327775
19600 1.0886081654842803 352338.91884064215 323660 0.05562825720330033
20164 1.0865103607865183 363518.11744978855 334574 0.055469037255853365
20736 1.0848471147866179 374885.1932212376 345565 0.05531293413277781
21316 1.0787046663490942 386440.55319623125 358245 0.055159842370828806
21904 1.0740786864580778 398184.5988011115 370722 0.055009661513655855
22500 1.0800416249700528 410117.7260001284 379724 0.05486229580818693
23104 1.0789933903070916 422240.32544209354 391328 0.054717653923295174
23716 1.0781288799271698 434552.78260120493 403062 0.054575648688837186
24336 1.077208371574743 447055.47791234875 415013 0.054436196853338635
24964 1.0761154106714481 459748.78690116276 427230 0.05429921885876946
25600 1.0753685491711817 472633.08030912775 439508 0.05416463863099935
26244 1.0745435411600932 485708.7242139384 452014 0.054032383384656685
26896 1.0744902497618074 498976.08014538715 464384 0.05390238344123287
27556 1.0740518443465947 512435.5051969821 477105 0.053774572059380174
28224 1.0734789678632237 526087.352133505 490077 0.053648885276446644
28900 1.0730713970461085 539931.9694947052 503165 0.05352526176037703
29584 1.072686629982864 553969.7016953104 516432 0.053403642671186254
30276 1.0724838837399258 568200.889121529 529799 0.053283971531280824
30976 1.0661040589646904 582625.8682242034 546500 0.053166194103966495
31684 1.0723089202288307 597244.9716087721 556971 0.053050258279536834
32400 1.072328900393636 612058.5281221776 570775 0.05293611396838897
33124 1.0710706198170747 627066.862936865 585458 0.052823713000658155
33856 1.069046481674056 642270.2976319927 600788 0.052713009031905705
34596 1.0676967226845173 657669.1502719821 615970 0.05260395745443232
35344 1.0600174692392867 673263.7354825175 635144 0.05249651531382351
36100 1.0630798875046434 689054.3645241098 648168 0.05239064123036532
36864 1.0622715991799478 705041.3453633224 663711 0.05228629532499717
37636 1.061052516369478 721224.9827417597 679726 0.05218343914949472
38416 1.0596852549459201 737605.5782429121 696061 0.052082035620599175
39204 1.0538763580476758 754183.4303569421 715628 0.05198204895783167
40000 1.0570607952695694 770958.8345434982 729342 0.051883444624750794
40804 1.0558256763195073 787932.083292635 746271 0.05178618927342948
41616 1.0547943954825394 805103.4661839127 763280 0.05169025069194461
42436 1.0490944584886328 822473.2699437523 783984 0.05159559775468707
43264 1.0525586283601698 840041.7785011097 798095 0.05150220037531485
44100 1.0512574671090824 857809.2730415375 815984 0.051410029462183905
44944 1.0510426489924254 875776.0320596935 833245 0.0513190568761039
45796 1.0467316580764614 893942.3314103566 854032 0.05122925539027611
46656 1.0481448758310865 912308.4443580052 870403 0.05114059865228147
47524 1.0493209400127061 930874.6416250118 887121 0.05105306114799536
48400 1.0488335782697935 949641.191438506 905426 0.050966618167314556
49284 1.0443554611749721 968608.3595759515 927470 0.050881245771589374
50176 1.047702921089992 987776.4094094867 942802 0.05079692076266152
51076 1.0472761778064386 1007145.6019490737 961681 0.05071362065341438
51984 1.0429825517617697 1026716.1958844931 984404 0.050631323639749294
52900 1.0461118473611815 1046488.4476262316 1000360 0.050550008573906395
53824 1.046094112873537 1066462.6113452977 1019471 0.05046965493905435
54756 1.0459343133397585 1086638.939012002 1038917 0.05039024282507809
55696 1.043945618029265 1107017.6804337392 1060417 0.05031175290549815
56644 1.0451406235180998 1127599.0832918072 1078897 0.0502341664154593
57600 1.0456836635309281 1148383.3931772911 1098213 0.05015746513073054
58564 1.0428380935456834 1169370.853626049 1121335 0.050081631347661484
59536 1.0451720087093064 1190561.706152823 1139106 0.050006647864044296
60516 1.042466736010282 1211956.1902845136 1162585 0.04993249796083266
61504 1.0447760488737357 1233554.5435926332 1180688 0.04985916538467307
62500 1.0447917599984151 1255357.0017249756 1201538 0.0497866343312056
63504 1.0438187479511758 1277363.7984365197 1223741 0.04971488942909471
64516 1.0449105992749126 1299575.165619595 1243719 0.04964391572475216
65536 1.0450458284321784 1321991.3333333333 1265008 0.04957369866771694
66564 1.0411690237156248 1344612.529832425 1291445 0.049504224096659034
67600 1.0425278724508051 1367438.9815952056 1311657 0.049435478225975577
68644 1.040657917137117 1390470.9133510904 1336146 0.049367447632949917
69696 1.0407573240598342 1413708.5481073796 1358346 0.049300119245445896
70756 1.0397472076846708 1437152.1071754517 1382213 0.04923348033011088
71824 1.036714913826985 1460801.8101963622 1409068 0.04916751848106305
72900 1.0380016242462224 1484657.875165869 1430304 0.04910222160903936
73984 1.036095290667852 1508720.5184588993 1456160 0.0490375779309821
75076 1.0363186818139234 1532989.9548534732 1479265 0.04897357596004335
76176 1.0347458872060147 1557466.3975541028 1505168 0.04891020449598742
77284 1.03432296725435 1582150.0582146817 1529648 0.04884745261597263
78400 1.0330112548167663 1607041.146960876 1555686 0.048785309665695
79524 1.03349966212272 1632139.8724120357 1579236 0.04872376525087677
80656 1.0314109421474187 1657446.4417026374 1606970 0.04866280922908428
81796 1.0318520796949584 1682961.0605032742 1631010 0.04860243170185984
82944 1.0305326487424156 1708683.9330412007 1658059 0.048542623007153896
84100 1.03048002036493 1734615.2621204497 1683308 0.04848337371204347
85264 1.0294845658996983 1760755.2491415332 1710327 0.04842467460572444
86436 1.0298798125467057 1787104.0941207337 1735255 0.04836651669276548
87616 1.0280976907190391 1813661.9957090032 1764095 0.048308891186612114
88804 1.0287457042891917 1840429.1512104769 1789003 0.048251789503329874
90000 1.027037476578025 1867405.7566006111 1818245 0.04819520325557646
91204 1.0280464845143737 1894592.006543962 1842905 0.04813912424679266
92416 1.0268769307685133 1921988.0944116032 1871683 0.048083544465603055
93636 1.0271710154714693 1949594.2122982047 1898023 0.04802845608041726
94864 1.026047238725564 1977410.5510387714 1927212 0.047973851434223475
96100 1.0262080390217165 2005437.3002250579 1954221 0.047919723039566126
97344 1.0268713979761543 2033674.6482216606 1980457 0.047866063573700005
98596 1.025441969100233 2062122.7821818045 2010960 0.04781286587391352
99856 1.025892824999471 2090781.8880628217 2038012 0.04776012293301425
101124 1.0245592104578933 2119652.1506413394 2068843 0.04770782789496998
102400 1.0250374614505136 2148733.7535281777 2096249 0.047655974050699046
103684 1.0257932864508748 2178026.8791829706 2123261 0.047604554834003845
104976 1.0239447532008576 2207531.7089285078 2155909 0.047553563817641954
106276 1.0242671822525318 2237248.422964817 2184243 0.04750299470952909
107584 1.0250839740773863 2267177.200382981 2211699 0.04745284134906899
108900 1.024191201280175 2297318.219178704 2243056 0.04740309770360502
110224 1.0239472294825918 2327671.65626563 2273234 0.047353757864988764
111556 1.0251050159394361 2358237.6874884176 2300484 0.047304816046261196
112896 1.024005668055394 2389016.4876355827 2333011 0.04725626657844188
114244 1.0242341570992557 2420008.230452109 2362749 0.04720810390742216
115600 1.0241834564886618 2451213.088651835 2393334 0.04716032259095838
116964 1.0254230483625575 2482631.2339296206 2421080 0.04711291729576128
118336 1.0236676355233756 2514262.8369732993 2456132 0.047065882794678035
119716 1.0246736526678513 2546108.067475424 2484799 0.04701921396396327
121104 1.02389398187325 2578167.094144807 2518002 0.04697290578063595
122500 1.0246579395906446 2610440.084717857 2547621 0.04692695331991889
123904 1.024426125705831 2642927.2059697304 2579910 0.04688135175275769
125316 1.024273453021501 2675628.6237252783 2612221 0.04683609634341649
126736 1.0239070922574167 2708544.502869821 2645303 0.04679118244714742
128164 1.024939029968154 2741675.007359733 2674964 0.04674660550793127
129600 1.0244592187855472 2775020.3002328514 2708766 0.04670236105628679
131044 1.024468181342523 2808580.543618708 2741501 0.04665844470714616
132496 1.0228757558593329 2842355.8987485995 2778789 0.04661485215779412
133956 1.0228846516318415 2876346.52596548 2811995 0.0465715791858688
135424 1.022063813391024 2910552.5847337004 2847721 0.046528621647421824
136900 1.0210324943049054 2944974.2336485814 2884310 0.0464859754750357
138384 1.021213026908645 2979611.630445838 2917718 0.046443636675996484
139876 1.0196421425455138 3014464.932010844 2956395 0.04640160133051992
141376 1.0193513443078257 3049534.294387752 2991642 0.04635986559002896
142884 1.0184772373680713 3084819.87278847 3028855 0.04631842567548117
144400 1.0180083486349931 3120321.821601485 3065124 0.04627727787574412
145924 1.0169405092243837 3156040.2944005616 3103466 0.046236418546017295
147456 1.0167686715468824 3191975.443953289 3139333 0.04619584410629878
148996 1.0162388502188247 3228127.422229506 3176544 0.046155551039895416
150544 1.0154308269555843 3264496.3804095844 3214888 0.0461155358919748
152100 1.0149095024923516 3301082.468892593 3252588 0.0460757952681578
153664 1.0142947636850397 3337885.837304331 3290844 0.046036325833150336
155236 1.014034516137487 3374906.634505236 3328197 0.045997124309412996
156816 1.0134935672026326 3412145.0085981786 3366716 0.04595818747586732
158404 1.012884234185986 3449601.1069361307 3405721 0.04591951216663755
160000 1.012650916825354 3487275.0761297224 3443709 0.04588109526982671
161604 1.012016171411248 3525167.0620546853 3483311 0.045842933726325925
163216 1.0115408915058977 3563277.20985918 3522623 0.04580502452865582
164836 1.010926801383067 3601605.663971021 3562677 0.04576736471983911
166464 1.0103513844022693 3640152.5681047915 3602858 0.045729951392303264
168100 1.010252149962448 3678918.065268851 3641584 0.04569278168681244
169744 1.0096139327593145 3717902.2977722427 3682499 0.045655852791427615
171396 1.009602213170707 3757105.4072315 3721372 0.045619161940494146
173056 1.009124592978031 3796527.5345773557 3762199 0.04558270641365578
174724 1.0085231228615108 3836168.820061349 3803749 0.04554648353489453
176400 1.0083039819022623 3876029.403262342 3844108 0.04551049067159532
178084 1.0081386185573522 3916109.4230929418 3884495 0.0454747252336349
179776 1.007892392321508 3956409.017805832 3925428 0.04543918467249405
181476 1.0076522755777995 3996928.3250000095 3966575 0.045403866480392685
183184 1.0073570770234914 4037667.481626941 4008179 0.04536876818944677
184900 1.0073657860436382 4078626.623996627 4048804 0.045333887370846745
186624 1.0071872769099954 4119805.8877835833 4090407 0.045299221634056634
188356 1.0061138547521695 4161205.408032738 4135919 0.04526476862603321
190096 1.0065516757914499 4202825.319165249 4175469 0.04523052603046472
191844 1.0061821081718474 4244665.754984241 4218586 0.04519649156702852
193600 1.0059440246192637 4286726.848680456 4261397 0.04516266299066714
195364 1.0052367254190266 4329008.732837846 4306457 0.045129038090882014
197136 1.0019777150657168 4371511.53943906 4362883 0.04509561469104482
198916 1.0019735146877282 4414235.399870889 4405541 0.04506239064772532
200704 1.0009916186750512 4457180.444929614 4452765 0.045029363850035795
202500 1.0013100141365827 4500346.804826291 4494459 0.04499653221899113
204304 1.0009842137931007 4543734.609191966 4539267 0.04496389370688451
206116 1.0015029030016238 4587343.987082818 4580460 0.044931446296677925
207936 1.0006745962038979 4631175.066985238 4628053 0.04489918800140724
209764 1.0007517530647914 4675227.976820835 4671716 0.044867116863601585
211600 1.0011356968036815 4719502.843951379 4714149 0.0448352309547162
213444 1.000075319526321 4763999.795183684 4763641 0.04480352837457885
215296 1.0002231771587218 4808718.95677442 4807646 0.04477200725084913
217156 1.0004119113068606 4853660.454434866 4851662 0.04474066573849045
219024 1.0003658160636462 4898824.4133356055 4897033 0.044709502019254194
220900 1.0000414558783195 4944210.958111147 4944006 0.044678514301176
222784 1.000233372047404 4989820.2128645135 4988656 0.0446477008180834
224676 0.9999782160419296 5035652.30117174 5035762 0.04461705982911497
226576 1.0003034046695198 5081707.346086336 5080166 0.04458658961825043
228484 1.000099750899506 5127985.4701436935 5127474 0.04455628849385128
230400 1.0005106098219891 5174486.7953654155 5171846 0.044526154788212084
232324 0.999849376285403 5221211.443263622 5221998 0.04449618685712166
234256 0.9998059537220728 5268159.534845179 5269182 0.04446638307943428
236196 1.000139839742212 5315331.190615884 5314588 0.04443674185665035
238144 0.9999814520524438 5362726.530584599 5362826 0.04440726161250657
240100 1.0002964967209258 5410345.674267334 5408742 0.044377940792574996
242064 0.9998367381850564 5458188.740691277 5459080 0.04434877786387114
244036 0.9997849905580038 5506255.848398773 5507440 0.04431977131447062
246016 1.0002143055905217 5554547.115451262 5553357 0.04429091965313416
248004 1.0003279031114203 5603062.659433168 5601226 0.04426222140894088
250000 0.9999472050226508 5651802.59745573 5652101 0.044233675130929455
252004 0.9998888073581916 5700767.046160801 5701401 0.0442052793877471
254016 1.00016178770536 5749956.121724594 5749026 0.044177032767306154
256036 0.999854477759163 5799369.939861386 5800214 0.04414893387644791
258064 1.0001247573563394 5849008.615827176 5848279 0.04412098134061377
260100 0.999799368755703 5898872.264423298 5900056 0.04409317380352338
262144 1 5948961 5948961 0.044065509926859495
