4 0.24766999514982663 185.2571563720703 748 0.021591608542054934
16 0.7655254395540095 741.0286254882812 968 0.021591608542054934
36 0.9676810257391949 1667.3144073486328 1723 0.021591608542054934
64 1.0382187397383975 2964.114501953125 2855 0.021591608542054934
100 0.9900446578242321 4631.428909301758 4678 0.021591608542054934
144 1.0635078343796096 6669.257629394531 6271 0.021591608542054934
196 1.0900096856666002 9077.600662231445 8328 0.021591608542054934
256 1.1031315600867604 11856.4580078125 10748 0.021591608542054934
324 1.079789139104677 15005.829666137695 13897 0.021591608542054934
400 1.096261059069 18525.71563720703 16899 0.021591608542054934
484 1.0526963426796518 22416.115921020508 21294 0.021591608542054934
576 1.0890806498296846 26677.030517578125 24495 0.021591608542054934
676 1.0502317744081004 31308.459426879883 29811 0.021591608542054934
784 1.0828905385740295 36310.40264892578 33531 0.021591608542054934
900 1.090888777380681 41682.86018371582 38210 0.021591608542054934
1024 1.0997549399696225 47425.83203125 43124 0.021591608542054934
1156 1.1010883142384074 53539.31819152832 48624 0.021591608542054934
1296 1.089965655169892 60023.31866455078 55069 0.021591608542054934
1444 1.0628519531859157 66877.83345031738 62923 0.021591608542054934
1600 1.0841201198020296 74102.86254882812 68353 0.021591608542054934
1764 1.0829587216341863 81698.40596008301 75440 0.021591608542054934
1936 1.0750232436615876 89664.46368408203 83407 0.021591608542054934
2116 1.077502811602001 98001.0357208252 90952 0.021591608542054934
2304 1.102072006922928 106708.1220703125 96825 0.021591608542054934
2500 1.0679763386635177 115785.72273254395 108416 0.021591608542054934
2704 1.0621408203713056 125233.83770751953 117907 0.021591608542054934
2916 1.0595092611832024 135052.46699523926 127467 0.021591608542054934
3136 1.0762464475939826 145241.61059570312 134952 0.021591608542054934
3364 1.0825922837015678 155801.26850891113 143915 0.021591608542054934
3600 1.0812604375773391 166731.44073486328 154201 0.021591608542054934
3844 1.0602767375190403 178032.12727355957 167911 0.021591608542054934
4096 1.0795896158902332 189703.328125 175718 0.021591608542054934
4356 1.0621905792526025 201745.04328918457 189933 0.021591608542054934
4624 1.08938211656025 214157.27276611328 196586 0.021591608542054934
4900 1.0654060718648415 226940.01655578613 213008 0.021591608542054934
5184 1.0827742285218347 240093.27465820312 221739 0.021591608542054934
5476 1.0452228246870487 253617.04707336426 242644 0.021591608542054934
5776 1.054107233829575 267511.33380126953 253780 0.021591608542054934
6084 1.0617756096567172 281776.13484191895 265382 0.021591608542054934
6400 1.0636380117315476 296411.4501953125 278677 0.021591608542054934
6724 1.0702617763897344 311417.2798614502 290973 0.021591608542054934
7056 1.0596558445645599 326793.62384033203 308396 0.021591608542054934
7396 1.0549185179667824 342540.482131958 324708 0.021591608542054934
7744 1.0586279453248368 358657.8547363281 338795 0.021591608542054934
8100 1.061776303152229 375145.7416534424 353319 0.021591608542054934
8464 1.0537830758938938 392004.1428833008 371997 0.021591608542054934
8836 1.0507326764454195 409233.0584259033 389474 0.021591608542054934
9216 1.0752775236269716 426832.48828125 396951 0.021591608542054934
9604 1.0481822631218618 444802.4324493408 424356 0.021591608542054934
10000 1.0505036346422603 463142.8909301758 440877 0.021591608542054934
10404 1.0639698635712864 481853.8637237549 452883 0.021591608542054934
10816 1.0423753219192962 500935.3508300781 480571 0.021591608542054934
11236 1.0378003686417636 520387.3522491455 501433 0.021591608542054934
11664 1.0368970204265309 540209.867980957 520987 0.021591608542054934
12100 1.0481873747297483 560402.8980255127 534640 0.021591608542054934
12544 1.058039731382274 580966.4423828125 549097 0.021591608542054934
12996 1.0543916031553882 601900.5010528564 570851 0.021591608542054934
13456 1.0637512870665224 623205.0740356445 585856 0.021591608542054934
13924 1.0531853939827878 644880.1613311768 612314 0.021591608542054934
14400 1.060020635255813 666925.7629394531 629163 0.021591608542054934
14884 1.0431597646873716 689341.8788604736 660821 0.021591608542054934
15376 1.0501418749527938 712128.5090942383 678126 0.021591608542054934
15876 1.0484130962807159 735285.6536407471 701332 0.021591608542054934
16384 1.0541269882614435 758813.3125 719850 0.021591608542054934
16900 1.0477953190220146 782711.4856719971 747008 0.021591608542054934
17424 1.0362812296950514 806980.1731567383 778727 0.021591608542054934
17956 1.0453875360355187 831619.3749542236 795513 0.021591608542054934
18496 1.064251857425971 856629.0910644531 804912 0.021591608542054934
19044 1.0448799899155063 882009.3214874268 844125 0.021591608542054934
19600 1.0322317293008927 907760.0662231445 879415 0.021591608542054934
20164 1.0393145942892827 933881.3252716064 898555 0.021591608542054934
20736 1.0554130431702977 960373.0986328125 909950 0.021591608542054934
21316 1.0407014218545396 987235.3863067627 948625 0.021591608542054934
21904 1.02545905848227 1014468.188293457 989282 0.021591608542054934
22500 1.0349685156698534 1042071.5045928955 1006863 0.021591608542054934
23104 1.0303470920937963 1070045.3352050781 1038529 0.021591608542054934
23716 1.0322794098828758 1098389.6801300049 1064043 0.021591608542054934
24336 1.042145695808296 1127104.5393676758 1081523 0.021591608542054934
24964 1.0458846431442403 1156189.9129180908 1105466 0.021591608542054934
25600 1.0446052844811713 1185645.80078125 1135018 0.021591608542054934
26244 1.0464298346139471 1215472.2029571533 1161542 0.021591608542054934
26896 1.0502944045970601 1245669.1194458008 1186019 0.021591608542054934
27556 1.0443646270256939 1276236.5502471924 1222022 0.021591608542054934
28224 1.0392686936946423 1307174.4953613281 1257783 0.021591608542054934
28900 1.047687781768363 1338482.954788208 1277559 0.021591608542054934
29584 1.0338433742831536 1370161.928527832 1325309 0.021591608542054934
30276 1.0189860485218574 1402211.4165802002 1376085 0.021591608542054934
30976 1.0358753474469853 1434631.4189453125 1384946 0.021591608542054934
31684 1.0371147351086918 1467421.935623169 1414908 0.021591608542054934
32400 1.0401284867946472 1500582.9666137695 1442690 0.021591608542054934
33124 1.0397590107418704 1534114.5119171143 1475452 0.021591608542054934
33856 1.0343158162454489 1568016.5715332031 1515994 0.021591608542054934
34596 1.0198355608000866 1602289.1454620361 1571125 0.021591608542054934
35344 1.0268505457862025 1636932.2337036133 1594129 0.021591608542054934
36100 1.0311118707873426 1671945.8362579346 1621498 0.021591608542054934
36864 1.0508527700191235 1707329.953125 1624709 0.021591608542054934
37636 1.037534908292918 1743084.5843048096 1680025 0.021591608542054934
38416 1.026482746447896 1779209.7297973633 1733307 0.021591608542054934
39204 1.019321631090908 1815705.3896026611 1781288 0.021591608542054934
40000 1.0111931420122666 1852571.5637207031 1832065 0.021591608542054934
40804 1.0370325415151371 1889808.2521514893 1822323 0.021591608542054934
41616 1.0417949467864118 1927415.4548950195 1850091 0.021591608542054934
42436 1.0239094534309703 1965393.171951294 1919499 0.021591608542054934
43264 1.0172386343282707 2003741.4033203125 1969785 0.021591608542054934
44100 1.0096229443216438 2042460.1490020752 2022993 0.021591608542054934
44944 1.0119783544337029 2081549.408996582 2056911 0.021591608542054934
45796 1.0216511966435617 2121009.183303833 2076060 0.021591608542054934
46656 1.0196530052854265 2160839.471923828 2119191 0.021591608542054934
47524 1.018339149707721 2201040.2748565674 2161402 0.021591608542054934
48400 1.024638830896637 2241611.592102051 2187709 0.021591608542054934
49284 1.039335088661417 2282553.4236602783 2196167 0.021591608542054934
50176 1.037120142639592 2323865.76953125 2240691 0.021591608542054934
51076 1.0319735656669238 2365548.629714966 2292257 0.021591608542054934
51984 1.034589715737914 2407602.004211426 2327108 0.021591608542054934
52900 1.0371779461133035 2450025.89302063 2362204 0.021591608542054934
53824 1.0406436743433738 2492820.296142578 2395460 0.021591608542054934
54756 1.031785868022292 2535985.2135772705 2457860 0.021591608542054934
55696 1.030475235365414 2579520.645324707 2503234 0.021591608542054934
56644 1.0282552101622315 2623426.5913848877 2551338 0.021591608542054934
57600 1.0365486438498828 2667703.0517578125 2573640 0.021591608542054934
58564 1.028637340042688 2712350.0264434814 2636838 0.021591608542054934
59536 1.0220394978188256 2757367.5154418945 2697907 0.021591608542054934
60516 1.0113081250714624 2802755.5187530518 2771416 0.021591608542054934
61504 1.0285475277525753 2848514.036376953 2769453 0.021591608542054934
62500 1.025275926497459 2894643.0683135986 2823282 0.021591608542054934
63504 1.0293458229740486 2941142.6145629883 2857293 0.021591608542054934
64516 1.0313759508604332 2988012.675125122 2897113 0.021591608542054934
65536 1.0306994622472874 3035253.25 2944848 0.021591608542054934
66564 1.021605551836294 3082864.339187622 3017666 0.021591608542054934
67600 1.0219623173043897 3130845.9426879883 3063563 0.021591608542054934
68644 1.0154904748203752 3179198.0605010986 3130702 0.021591608542054934
69696 1.0154896468560426 3227920.692626953 3178684 0.021591608542054934
70756 1.0141707368151558 3277013.8390655518 3231225 0.021591608542054934
71824 1.020548083837647 3326477.4998168945 3259501 0.021591608542054934
72900 1.0265546869269813 3376311.6748809814 3288974 0.021591608542054934
73984 1.0404861077648202 3426516.3642578125 3293188 0.021591608542054934
75076 1.031703214351064 3477091.5679473877 3370244 0.021591608542054934
76176 1.005786715017767 3528037.285949707 3507739 0.021591608542054934
77284 1.01369572371541 3579353.5182647705 3530994 0.021591608542054934
78400 1.0168024716882258 3631040.264892578 3571038 0.021591608542054934
79524 1.0098261532381247 3683097.52583313 3647259 0.021591608542054934
80656 1.0138684488030234 3735525.301086426 3684428 0.021591608542054934
81796 1.0376444280548913 3788323.590652466 3650888 0.021591608542054934
82944 1.0343509100720776 3841492.39453125 3713916 0.021591608542054934
84100 1.0250461103100583 3895031.7127227783 3799860 0.021591608542054934
85264 1.0149049949092215 3948941.545227051 3890947 0.021591608542054934
86436 1.0010582402166714 4003221.8920440674 3998990 0.021591608542054934
87616 0.9943370881902297 4057872.753173828 4080983 0.021591608542054934
88804 0.9821773396604566 4112894.128616333 4187527 0.021591608542054934
90000 1.0015577427311149 4168286.018371582 4161803 0.021591608542054934
91204 1.0077641378072018 4224048.422439575 4191505 0.021591608542054934
92416 1.0067037847448768 4280181.3408203125 4251679 0.021591608542054934
93636 1.0076511710965477 4336684.773513794 4303756 0.021591608542054934
94864 1.0078002768907774 4393558.7205200195 4359553 0.021591608542054934
96100 1.012162446598506 4450803.181838989 4397321 0.021591608542054934
97344 1.0180672466049778 4508418.157470703 4428409 0.021591608542054934
98596 1.0289452930286132 4566403.647415161 4437946 0.021591608542054934
99856 1.0286197233619494 4624759.651672363 4496083 0.021591608542054934
101124 1.0252743786038079 4683486.17024231 4568032 0.021591608542054934
102400 1.0233117223884378 4742583.203125 4634544 0.021591608542054934
103684 1.0237283635890904 4802050.750320435 4690747 0.021591608542054934
104976 1.0222238506612045 4861888.811828613 4756188 0.021591608542054934
106276 1.0312761271318176 4922097.387649536 4772822 0.021591608542054934
107584 1.0284030375221624 4982676.477783203 4845062 0.021591608542054934
108900 1.0197798338002848 5043626.082229614 4945799 0.021591608542054934
110224 1.0202507826812492 5104946.2009887695 5003619 0.021591608542054934
111556 1.0137627593200167 5166636.834060669 5096495 0.021591608542054934
112896 1.0156681014097628 5228697.9814453125 5148038 0.021591608542054934
114244 1.0270294968499247 5291129.6431427 5151877 0.021591608542054934
115600 1.023533115207409 5353931.819152832 5230834 0.021591608542054934
116964 1.018008175756972 5417104.509475708 5321278 0.021591608542054934
118336 1.0112776821360325 5480647.714111328 5419528 0.021591608542054934
119716 1.0062208117186888 5544561.433059692 5510283 0.021591608542054934
121104 0.9995601148538116 5608845.666320801 5611314 0.021591608542054934
122500 1.0040248437323802 5673500.413894653 5650757 0.021591608542054934
123904 1.0124872591935055 5738525.67578125 5667751 0.021591608542054934
125316 1.011012671097239 5803921.451980591 5740701 0.021591608542054934
126736 1.015338084484891 5869687.742492676 5781018 0.021591608542054934
128164 1.0142098740619443 5935824.547317505 5852659 0.021591608542054934
129600 1.0153541179797698 6002331.866455078 5911565 0.021591608542054934
131044 1.0188152338427339 6069209.6999053955 5957125 0.021591608542054934
132496 1.0125827526051032 6136458.047668457 6060204 0.021591608542054934
133956 1.0099079975687406 6204076.909744263 6143210 0.021591608542054934
135424 1.0093418308116382 6272066.2861328125 6214016 0.021591608542054934
136900 1.0039089931903613 6340426.176834106 6315738 0.021591608542054934
138384 0.9993531543951433 6409156.5818481445 6413305 0.021591608542054934
139876 0.9798124759404838 6478257.501174927 6611732 0.021591608542054934
141376 0.9708131556283922 6547728.934814453 6744582 0.021591608542054934
142884 0.981609701443544 6617570.882766724 6741550 0.021591608542054934
144400 0.9996526729739507 6687783.345031738 6690107 0.021591608542054934
145924 1.0046292975541615 6758366.321609497 6727224 0.021591608542054934
147456 1.0160951535468228 6829319.8125 6721142 0.021591608542054934
148996 1.0163334313787453 6900643.817703247 6789744 0.021591608542054934
150544 1.0085863590857893 6972338.337219238 6912981 0.021591608542054934
152100 0.9936176516206964 7044403.371047974 7089652 0.021591608542054934
153664 0.9886408498071576 7116838.919189453 7198609 0.021591608542054934
155236 0.9916932255378549 7189644.981643677 7249868 0.021591608542054934
156816 0.9943897077124318 7262821.5584106445 7303798 0.021591608542054934
158404 0.9858651364339164 7336368.649490356 7441554 0.021591608542054934
160000 0.982590814852276 7410286.2548828125 7541579 0.021591608542054934
161604 0.9937547723306491 7484574.374588013 7531611 0.021591608542054934
163216 0.9993821986426004 7559233.008605957 7563906 0.021591608542054934
164836 1.0068829650111144 7634262.1569366455 7582075 0.021591608542054934
166464 1.0038070589845296 7709661.819580078 7680422 0.021591608542054934
168100 1.0006232176350094 7785431.996536255 7780583 0.021591608542054934
169744 0.9879549763372018 7861572.687805176 7957420 0.021591608542054934
171396 0.984600296367615 7938083.893386841 8062240 0.021591608542054934
173056 0.9807921301931269 8014965.61328125 8171931 0.021591608542054934
174724 0.9746753645736246 8092217.847488403 8302475 0.021591608542054934
176400 0.9717799580816024 8169840.596008301 8407089 0.021591608542054934
178084 0.9691229036438771 8247833.858840942 8510617 0.021591608542054934
179776 0.9765835045269222 8326197.635986328 8525843 0.021591608542054934
181476 0.9870572815464193 8404931.927444458 8515141 0.021591608542054934
183184 0.9860940573463204 8484036.733215332 8603679 0.021591608542054934
184900 0.9895654126602661 8563512.05329895 8653811 0.021591608542054934
186624 0.9918656029784013 8643357.887695312 8714243 0.021591608542054934
188356 0.9893300734054801 8723574.236404419 8817658 0.021591608542054934
190096 0.9919775787679073 8804161.09942627 8875363 0.021591608542054934
191844 0.998200059403724 8885118.476760864 8901140 0.021591608542054934
193600 1.0022305246166574 8966446.368408203 8946491 0.021591608542054934
195364 1.0119040842971825 9048144.774368286 8941702 0.021591608542054934
197136 1.0185800829126104 9130213.694641113 8963668 0.021591608542054934
198916 1.0171355233936934 9212653.129226685 9057449 0.021591608542054934
200704 1.0150076144299922 9295463.078125 9158023 0.021591608542054934
202500 1.0100683856326889 9378643.54133606 9285157 0.021591608542054934
204304 1.0111948919848543 9462194.518859863 9357439 0.021591608542054934
206116 1.009782373778093 9546116.010696411 9453637 0.021591608542054934
207936 1.012724562351241 9630408.016845703 9509405 0.021591608542054934
209764 1.0099142964059515 9715070.53730774 9619698 0.021591608542054934
211600 1.0150230705141006 9800103.57208252 9655055 0.021591608542054934
213444 1.0206218134223564 9885507.121170044 9685769 0.021591608542054934
215296 1.016940353818188 9971281.184570312 9805178 0.021591608542054934
217156 1.0115153957433796 10057425.762283325 9942929 0.021591608542054934
219024 1.0107015882484014 10143940.854309082 10036534 0.021591608542054934
220900 1.0089465979646548 10230826.460647583 10140107 0.021591608542054934
222784 1.0059367714912535 10318082.581298828 10257188 0.021591608542054934
224676 1.006551786317847 10405709.216262817 10337977 0.021591608542054934
226576 1.00662974169925 10493706.36553955 10424594 0.021591608542054934
228484 1.0131526077610307 10582074.029129028 10444699 0.021591608542054934
230400 1.0133357182133802 10670812.20703125 10530382 0.021591608542054934
232324 1.009780575624789 10759920.899246216 10655702 0.021591608542054934
234256 1.0052146289676371 10849400.105773926 10793118 0.021591608542054934
236196 0.9999091269458322 10939249.82661438 10940244 0.021591608542054934
238144 0.9973828124478974 11029470.061767578 11058412 0.021591608542054934
240100 0.9921136152336357 11120060.81123352 11208455 0.021591608542054934
242064 0.9874796246309583 11211022.075012207 11353168 0.021591608542054934
244036 0.9868714798708915 11302353.853103638 11452711 0.021591608542054934
246016 1.001246423993856 11394056.145507812 11379872 0.021591608542054934
248004 0.9999934662682929 11486128.952224731 11486204 0.021591608542054934
250000 0.9884980535161314 11578572.273254395 11713298 0.021591608542054934
252004 0.9948900187725301 11671386.108596802 11731333 0.021591608542054934
254016 0.9876327294423817 11764570.458251953 11911888 0.021591608542054934
256036 0.9868001949795925 11858125.322219849 12016744 0.021591608542054934
258064 1.0031659942691271 11952050.700500488 11914330 0.021591608542054934
260100 1.00186499821721 12046346.593093872 12023922 0.021591608542054934
262144 1 12141013 12141013 0.021591608542054934
