4 0.000009532050171401352 0.008540716953575611 896 468.34475627076966
16 0.00010092427714712686 0.13665147125720978 1354 117.08618906769242
36 0.00021632209919938226 0.6917980732396245 3198 52.03830625230774
64 0.00043321251042507556 2.1864235401153564 5047 29.271547266923104
100 0.0005988946590356509 5.337948095984757 8913 18.733790250830786
144 0.0008886295096205838 11.068769171833992 12456 13.009576563076935
196 0.001199056332916328 20.506261405535042 17102 9.55805625042387
256 0.0015958567876395101 34.9827766418457 21921 7.317886816730776
324 0.0019459523521464643 56.035643932409585 28796 5.782034028034193
400 0.0023608792994182916 85.40716953575611 36176 4.683447562707697
484 0.002793981385706637 125.04463691730052 44755 3.870617820419584
576 0.0032701881001060617 177.10030674934387 54156 3.252394140769234
676 0.003822956993920307 243.93141691107303 63807 2.7712707471643174
784 0.004412261568410332 328.1001824885607 74361 2.3895140626059677
900 0.004988678978836812 432.3737957747653 86671 2.0815322500923097
1024 0.00564278150947679 559.7244262695312 99193 1.829471704182694
1156 0.006309353706291304 713.3292206795886 113059 1.6205700909023173
1296 0.006973619019947368 896.5703029185534 128566 1.4455085070085483
1444 0.0076956328758983296 1113.0347741069272 144632 1.2973538954868966
1600 0.008478242901197412 1366.5147125720978 161179 1.1708618906769241
1764 0.00939510265476025 1661.0071738483384 176795 1.0620062500470968
1936 0.010111409131774416 2000.7141906768084 197867 0.967654455104896
2116 0.010940413682164023 2390.0427730055526 218460 0.8853398039144984
2304 0.011898953585886822 2833.604907989502 238139 0.8130985351923085
2500 0.012842769330227325 3336.217559990473 259774 0.7493516100332315
2704 0.013750603944464807 3902.9026705771685 283835 0.6928176867910794
2916 0.014864588253196101 4538.887158525176 305349 0.6424482253371326
3136 0.01593473525035202 5249.602919816971 329444 0.5973785156514919
3364 0.01691618988684219 6040.686827641912 357095 0.5568903166120923
3600 0.01814090770976629 6917.980732396245 381347 0.5203830625230774
3844 0.01903090887562606 7887.531461683102 414459 0.48735146334107143
4096 0.020485561137674246 8955.5908203125 437166 0.4573679260456735
4356 0.021257391448242496 10128.615590301342 476475 0.4300686467132871
4624 0.022729978114715523 11413.267530873418 502124 0.4051425227255793
4900 0.023890715763448162 12816.413378459401 536460 0.38232225001695486
5184 0.02516865191714656 14345.124846696854 569960 0.36137712675213707
5476 0.026441105745782702 16006.67862643022 605371 0.3421071996134183
5776 0.027904875030102156 17808.556385710835 638188 0.32433847387172415
6084 0.029532045792917006 19758.444769796915 669051 0.3079189719071464
6400 0.030623379349825435 21864.235401153564 713972 0.29271547266923104
6724 0.03222596458733178 24134.024879452772 748900 0.27861080087493734
7056 0.033906668752533696 26576.114781573415 783802 0.2655015625117742
7396 0.03512198284930867 29199.011661601253 831360 0.2532962446029041
7744 0.03663171156740224 32011.427050828934 873872 0.241913613776224
8100 0.038346454943935904 35022.27745775599 913312 0.23128136112136774
8464 0.039810491675851 38240.68436808884 960568 0.2213349509786246
8836 0.04117788652928259 41675.97424474079 1012096 0.21201663932583506
9216 0.04310361800655242 45337.67852783203 1051830 0.20327463379807711
9604 0.044491695577165515 49235.53363468964 1106623 0.19506237245763003
10000 0.046503476869868776 53379.48095984757 1147860 0.18733790250830787
10404 0.048166942077665 57779.66687504668 1199571 0.1800633434335908
10816 0.049729749982667014 62446.442729234695 1255716 0.17320442169776984
11236 0.05195279856590256 67390.36484856624 1297146 0.16673006631212875
11664 0.053715276613038924 72622.19453640282 1351984 0.16061205633428316
12100 0.055821225902454565 78152.89807331283 1400057 0.15482471281678337
12544 0.05773453626179886 83993.64671707153 1454825 0.14934462891287298
12996 0.059370845759463886 90155.8167026611 1518520 0.1441504328318774
13456 0.06159425145891842 96650.98924227059 1569156 0.13922257915302308
13924 0.06356777902110324 103490.95052529592 1628041 0.13454316468565633
14400 0.0658648304094546 110687.69171833992 1680528 0.13009576563076936
14884 0.06719142211316033 118253.4089652123 1759948 0.12586529327352047
15376 0.06921217086614113 126200.50338692963 1823386 0.12183786583526786
15876 0.07163893902866078 134541.5810817154 1878051 0.11800069444967742
16384 0.074637814896575 143289.453125 1919797 0.11434198151141838
16900 0.07596421232581647 152457.13556942064 2006960 0.1108508298865727
17424 0.07756246428725269 162057.84944482148 2089385 0.10751716167832177
17956 0.07991488721150848 172105.02075825352 2153604 0.10433164541563147
18496 0.08254337665317465 182612.2804939747 2212319 0.10128563068139483
19044 0.08452851694314731 193593.46461344976 2290274 0.09837108932383316
19600 0.08668524435887319 205062.61405535042 2365600 0.09558056250423871
20164 0.08921603497031677 217033.97473555524 2432679 0.09290711292814316
20736 0.09165511172751517 229521.99754714966 2504192 0.09034428168803427
21316 0.09368440586995036 242541.33836042602 2588919 0.08788604921575711
21904 0.09627357127150395 256106.85802288353 2660199 0.08552679990335457
22500 0.09908634192459827 270233.6223592283 2727254 0.08326129000369238
23104 0.10137123470872027 284936.90217137337 2810826 0.08108461846793104
23716 0.10431233270415806 300232.17323843855 2878204 0.07899220041672621
24336 0.10722820155331361 316135.11631675065 2948246 0.0769797429767866
24964 0.10927044027891428 332661.6171398433 3044388 0.07504322324479565
25600 0.11156204003236797 349827.76641845703 3135724 0.07317886816730776
26244 0.11419882183689156 367649.8598405393 3219384 0.0713831361485703
26896 0.11721139915112533 386144.39807124436 3294427 0.06965270021873433
27556 0.11967948516081159 405328.08675293345 3386780 0.06798443261297281
28224 0.12294518167487413 425217.83650517464 3458597 0.06637539062794355
28900 0.12560367953515278 445830.7629247429 3549504 0.06482280363609269
29584 0.1276240542840245 467184.18658562005 3660628 0.06332406115072603
30276 0.13023305964689966 489295.63303899486 3757077 0.061876701845788036
30976 0.13281003582082515 512182.83281326294 3856507 0.060478403444056
31684 0.1361658600296101 535863.7214140268 3935375 0.05912697339613302
32400 0.139667975966491 560356.4393240958 4012061 0.057820340280341935
33124 0.14292858784975943 585679.3320034863 4097706 0.05655654586049628
33856 0.1451355414386819 611850.9498894215 4215721 0.05533373774465615
34596 0.1471582509975963 638890.0483963313 4341517 0.054150162593452386
35344 0.15000206684785555 666815.5879158527 4445376 0.053004159831458765
36100 0.15334109109026645 695646.7338168295 4536597 0.051894155819475866
36864 0.15723489127887613 725402.8564453125 4613498 0.05081865844951928
37636 0.15984494861341006 756103.5311245592 4730231 0.04977625212783183
38416 0.16241705908131407 787768.5381550342 4850282 0.04876559311440751
39204 0.16569495601007977 820417.8628144087 4951375 0.047785405190365234
40000 0.16927381196359395 854071.6953575611 5045504 0.04683447562707697
40804 0.1730960189233202 888750.4310165765 5134436 0.04591165143326827
41616 0.17539614527728373 924474.6700007468 5270781 0.0450158358583977
42436 0.17818894634240118 961265.2174965711 5394640 0.044145985132507275
43264 0.18145581614597547 999143.0836677551 5506261 0.04330110542444246
44100 0.18494191956372183 1038129.4836552115 5613273 0.04248025000188387
44944 0.18906321207180238 1078245.8375770599 5703097 0.04168251657803219
45796 0.19214960856175628 1119513.7705286266 5826261 0.04090704483105683
46656 0.1960651995263957 1161955.1125824451 5926371 0.04015301408357079
47524 0.1996467571323365 1205591.8987882556 6038625 0.03941964113044101
48400 0.20327946169566324 1250446.3691730052 6151366 0.03870617820419584
49284 0.20739123960710765 1296540.968740848 6251667 0.03801191106815759
50176 0.20952960125296088 1343898.3474731445 6413883 0.037336157228218245
51076 0.21264919900113016 1392541.360328463 6548538 0.03667826425489621
51984 0.21642290412615478 1442493.0672425777 6665159 0.03603760820796935
52900 0.22071671446549912 1493776.7331284704 6767846 0.03541359215657994
53824 0.22389758323338296 1546415.8278763294 6906800 0.03480564478825577
54756 0.2273418061035446 1600434.0263535501 7039770 0.03421321910079404
55696 0.2314841835931772 1655855.2084047347 7153211 0.03363579117141408
56644 0.23572069856035355 1712703.4588516923 7265817 0.03307285899800647
57600 0.23959298586233896 1771003.0674934387 7391715 0.03252394140769234
58564 0.2423065676075674 1830778.529106197 7555629 0.03198857702826102
59536 0.24535773000371355 1892054.5434433967 7711412 0.03146632331838012
60516 0.2487171693310637 1954856.0152356746 7859755 0.030956755652770816
61504 0.2518505873152817 2019208.054190874 8017484 0.030459466458816965
62500 0.255403511231699 2085135.9749940457 8164085 0.02997406440132926
63504 0.26075402666663194 2152665.2973074466 8255540 0.029500173612419356
64516 0.26604832957704994 2221821.745770541 8351196 0.02903743296365365
65536 0.2721787130560067 2292631.25 8423257 0.028585495377854594
66564 0.2740659656174974 2365119.9445897015 8629747 0.028144027178100453
67600 0.277102183135242 2439314.1691107303 8802941 0.027712707471643176
68644 0.28034927936630155 2515240.468111378 8971810 0.027291227566620224
69696 0.2833327787205998 2592925.5911171436 9151520 0.026879290419580443
70756 0.28687645753170116 2672396.4926307322 9315496 0.02647661011197748
71824 0.2907810269364876 2753680.3321320564 9469945 0.02608291135390787
72900 0.29585324022073356 2836804.474078235 9588553 0.025697929013485304
73984 0.300820940892145 2921796.487903595 9712743 0.025321407670348708
75076 0.3042794175000846 3008684.1480196686 9887899 0.024953101191899925
76176 0.3080065650306676 3097495.433815196 10056589 0.02459277233095829
77284 0.3120234607012114 3188258.5296561243 10218009 0.024240192343603834
78400 0.3163102249499126 3281001.8248856068 10372734 0.02389514062605968
79524 0.32130030975227086 3375753.913824004 10506538 0.02355740436953723
80656 0.3257804744475812 3472543.595768884 10659152 0.02322677823203579
81796 0.331383595221245 3571399.87499502 10777238 0.022903064026151384
82944 0.33475923216166326 3672351.9607543945 10970129 0.022586070422008567
84100 0.3376431314227017 3775429.267276195 11181715 0.022275612664483694
85264 0.34131133509027256 3880661.4137668163 11369858 0.02197151230393928
86436 0.3457356686282123 3988078.2244098606 11535050 0.021673596939736667
87616 0.3507880044575093 4097709.7283661366 11681442 0.021381699975838643
88804 0.35633631295106455 4209586.15977366 11813520 0.021095660387855035
90000 0.3618520514336121 4323737.957747653 11948911 0.020815322500923095
91204 0.36589743690921156 4440195.766380546 12135083 0.02054053577785052
92416 0.37026190742880416 4558990.434741974 12312880 0.02027115461698276
93636 0.3763047532151722 4680153.016878781 12437135 0.020007038159287865
94864 0.3815906659966734 4803714.771815017 12588659 0.019748050104181552
96100 0.3869065527931163 4929707.163551939 12741338 0.019494058533642857
97344 0.3919100105682157 5058161.86106801 12906437 0.01924493574419665
98596 0.39666001949691854 5189110.738318902 13082011 0.019000558086363327
99856 0.39963424759095145 5322585.874237493 13318643 0.018760805811198912
101124 0.4040106011313578 5458619.552733866 13511080 0.018525562923569862
102400 0.408142772035143 5597244.2626953125 13713937 0.01829471704182694
103684 0.4132460932755865 5738492.697986332 13886381 0.018068159263561194
104976 0.41906114548186735 5882397.757448629 14037087 0.017845784037142574
106276 0.4245389704513128 6028992.544901115 14201270 0.017627489038758316
107584 0.4289567182432564 6178310.36913991 14403109 0.017413175054683584
108900 0.43346597251995084 6330384.743938339 14604110 0.017202745868531485
110224 0.4385807590926898 6485249.388046935 14786899 0.016996108153243202
111556 0.44441001364106164 6642938.225193438 14947769 0.01679317136759187
112896 0.45064186774865067 6803485.384082794 15097322 0.016593847656985888
114244 0.45607184307746973 6966925.198397157 15275938 0.016398051758368743
115600 0.4602311956866294 7133292.206795886 15499367 0.016205700909023173
116964 0.4640125200869482 7302621.152915549 15737983 0.016016714759097488
118336 0.46773672983127884 7474946.985369921 15981099 0.015831015287681507
119716 0.4719791504423861 7650304.857749981 16208989 0.015648526722268356
121104 0.4768533663800586 7828730.128623918 16417479 0.015469175461447009
122500 0.4818142845410227 8010258.361537126 16625199 0.015292890000678194
123904 0.48535265915342635 8194925.325012207 16884476 0.015119600861014
125316 0.49149547841780433 8382766.99254897 17055634 0.01494924052062848
126736 0.4987054292344803 8573819.542624429 17192152 0.014781743349033255
128164 0.5049945782758187 8768119.358692806 17362799 0.014617045543858485
129600 0.5121924539307464 8965703.029185534 17504559 0.014455085070085484
131044 0.5206298458297843 9166607.347511243 17606765 0.014295801601622958
132496 0.5231891024211962 9370869.312055781 17911056 0.01413913646512407
133956 0.5267382880407387 9578526.126182195 18184602 0.01398503258594672
135424 0.5302654366244383 9789615.198230743 18461726 0.013833434436164038
136900 0.5350794609932519 10004174.141518887 18696614 0.013684287984536733
138384 0.539542103816355 10222240.7743413 18946141 0.013537540648363097
139876 0.5445893561720199 10443853.119969856 19177483 0.013393141247126589
141376 0.5496465981238866 10669049.406653643 19410744 0.013251039957864691
142884 0.5558185732568847 10897868.067618947 19606880 0.01311118827218638
144400 0.5623591457414687 11130347.741069272 19792241 0.012973538954868967
145924 0.5665252946188782 11366527.270185318 20063583 0.01283804600396836
147456 0.5731125578343221 11606445.703125 20251599 0.01270466461237982
148996 0.577315406128153 11850142.293023434 20526288 0.012573351130789275
150544 0.5837568681559862 12097656.497992948 20723793 0.012444063031957957
152100 0.5889002769395429 12349027.981123071 20969642 0.012316758876285857
153664 0.5942920455372659 12604296.610480547 21208927 0.012191398278601877
155236 0.6008581551880516 12863502.459109318 21408551 0.012067941876131045
156816 0.6066319629184757 13126685.80503054 21638632 0.011946351297591308
158404 0.6119610905354842 13393887.13124257 21886828 0.011826589133374655
160000 0.6194041865343831 13665147.125720978 22061761 0.011708618906769242
161604 0.625538904454583 13940506.681418534 22285595 0.011592405046181276
163216 0.6312967333058154 14220006.896265224 22525076 0.011477912858317068
164836 0.6378609120783395 14503689.07316823 22738012 0.0113651085022876
166464 0.6427004237894637 14791594.72001195 23014758 0.011253958964599424
168100 0.6480197092156667 15083765.549657982 23276708 0.011144432034997494
169744 0.6531116916244439 15380243.479945138 23549178 0.011036496283126819
171396 0.6588045712239454 15681070.63368943 23802310 0.010930121035981462
173056 0.6640054595946567 15986289.338684082 24075539 0.010825276356110615
174724 0.6715460576364413 16295942.12769952 24266306 0.010721933020552864
176400 0.6776234107018747 16610071.738483384 24512246 0.010620062500470968
178084 0.6848008087878156 16928721.113760512 24720650 0.010519636941460651
179776 0.6923342348815547 17251933.401232958 24918504 0.010420629144508047
181476 0.6979675499103458 17579751.953579973 25187062 0.010323012547571463
183184 0.7043990987034184 17912220.328458026 25429079 0.010226761207764208
184900 0.7113472136035077 18249382.288500782 25654676 0.010131849784116164
186624 0.7188507764935811 18591281.801319122 25862505 0.010038253520892697
188356 0.7260755024722626 18937963.039501127 26082636 0.009945948231450438
190096 0.7333415925785196 19289470.38061209 26303527 0.009854910282610253
191844 0.7406855940401799 19645848.407194506 26523870 0.009765116579528568
193600 0.74740626450919 20007141.906768084 26768764 0.00967654455104896
195364 0.754704526928949 20373395.87182973 26995195 0.00958917213551667
197136 0.7606719332606114 20744655.499853566 27271488 0.009502977767039398
198916 0.7647592117420695 21120966.193290915 27617799 0.009417940362178401
200704 0.7702272596455144 21502373.559570312 27916921 0.009334039307054561
202500 0.7760407598176996 21888923.411097493 28205894 0.009251254444854709
204304 0.7816666091399375 22280661.765255406 28504047 0.009169566063724053
206116 0.7872853501745332 22677634.844404202 28804848 0.009088954885031142
207936 0.7958618390959367 23079889.075881243 28999869 0.009009402051992337
209764 0.8004971009444563 23487471.09200109 29341107 0.008930889118643232
211600 0.8094135937345982 23900427.730055526 29528078 0.008853398039144984
213444 0.8169053846890684 24318806.032313522 29769428 0.008776911157414023
215296 0.8222311873480255 24742653.24602127 30092088 0.008701411197063942
217156 0.8289928367321621 25172016.823402163 30364577 0.008626881251648948
219024 0.8359287787806102 25606944.421656802 30632926 0.00855330477519851
220900 0.8435807715271273 26047483.902962994 30877285 0.008480665573033404
222784 0.8512381490877148 26493683.334475756 31123703 0.00840894779285352
224676 0.8586786749343379 26945590.988327306 31380296 0.008338135916088407
226576 0.8665040428086598 27403255.341627076 31625075 0.008268214749501618
228484 0.8745902117134197 27866725.0764617 31862608 0.008199169417040488
230400 0.8801179895232416 28336049.07989502 32195739 0.008130985351923085
232324 0.8846056345490985 28811276.443968084 32569628 0.008063648288954558
234256 0.8905004179194259 29292456.46569915 32894377 0.007997144257065256
236196 0.8952048317563753 29779638.64708368 33265726 0.007931459572063366
238144 0.9014546493894333 30272872.695094347 33582247 0.00786658082959503
240100 0.9064961272734392 30772208.521681022 33946321 0.007802494898305201
242064 0.9142212101196658 31277696.243770793 34212394 0.007739188913192704
244036 0.9211337304320628 31789386.183267947 34511152 0.0076766502691532346
246016 0.9283581006588895 32307328.867053986 34800503 0.007614866614704241
248004 0.9330000296962138 32831575.02698761 35189254 0.0075538258458858676
250000 0.9401992410388448 33362175.59990473 35484155 0.007493516100332315
252004 0.948998464086413 33899181.72761847 35721008 0.007433925751508224
254016 0.9602681038017827 34442644.756919146 35867738 0.007375043403104839
256036 0.9696914206370459 34992616.2395743 36086342 0.007316857883590895
258064 0.9771936752840535 35549147.93232866 36378815 0.007259358240913412
260100 0.987282006518113 36112291.79690418 36577484 0.007202533737343631
262144 1 36682100 36682100 0.0071463738444636484
