4 0.624692440032959 559.7244262695312 896 0.0071463738444636484
16 1.6535433567785265 2238.897705078125 1354 0.0071463738444636484
36 1.575209454792302 5037.519836425781 3198 0.0071463738444636484
64 1.7744384427011095 8955.5908203125 5047 0.0071463738444636484
100 1.5699664149824168 13993.110656738281 8913 0.0071463738444636484
144 1.6177006539581829 20150.079345703125 12456 0.0071463738444636484
196 1.6037011394694791 27426.49688720703 17102 0.0071463738444636484
256 1.6341573505428584 35822.36328125 21921 0.0071463738444636484
324 1.57444362160828 45337.67852783203 28796 0.0071463738444636484
400 1.5472258576667715 55972.442626953125 36176 0.0071463738444636484
484 1.5132757363113234 67726.65557861328 44755 0.0071463738444636484
576 1.488298939781603 80600.3173828125 54156 0.0071463738444636484
676 1.4824929559382323 94593.42803955078 63807 0.0071463738444636484
784 1.4753161946292832 109705.98754882812 74361 0.0071463738444636484
900 1.4530580691424413 125937.99591064453 86671 0.0071463738444636484
1024 1.4445520664260583 143289.453125 99193 0.0071463738444636484
1156 1.4307605691886054 161760.35919189453 113059 0.0071463738444636484
1296 1.4105651113928108 181350.71411132812 128566 0.0071463738444636484
1444 1.3970664713431382 202060.51788330078 144632 0.0071463738444636484
1600 1.3890753169321841 223889.7705078125 161179 0.0071463738444636484
1764 1.3961846883953917 246838.47198486328 176795 0.0071463738444636484
1936 1.3691349356610911 270906.6223144531 197867 0.0071463738444636484
2116 1.3553704179098327 296094.22149658203 218460 0.0071463738444636484
2304 1.353836496883123 322401.26953125 238139 0.0071463738444636484
2500 1.3466619693212447 349827.76641845703 259774 0.0071463738444636484
2704 1.3330763019296532 378373.7121582031 283835 0.0071463738444636484
2916 1.3363040545424687 408039.1067504883 305349 0.0071463738444636484
3136 1.3320137874579974 438823.9501953125 329444 0.0071463738444636484
3364 1.318215719885957 470728.2424926758 357095 0.0071463738444636484
3600 1.3209805862969373 503751.9836425781 381347 0.0071463738444636484
3844 1.2978248117305198 537895.1736450195 414459 0.0071463738444636484
4096 1.3110759128111518 573157.8125 437166 0.0071463738444636484
4356 1.2792694269531866 609539.9002075195 476475 0.0071463738444636484
4624 1.288608863084772 647041.4367675781 502124 0.0071463738444636484
4900 1.2781240394068072 685662.4221801758 536460 0.0071463738444636484
5184 1.2727259043534853 725402.8564453125 569960 0.0071463738444636484
5476 1.2657737809756138 766262.7395629883 605371 0.0071463738444636484
5776 1.2664639127235284 808242.0715332031 638188 0.0071463738444636484
6084 1.2724603241844896 851340.852355957 669051 0.0071463738444636484
6400 1.2543336181688498 895559.08203125 713972 0.0071463738444636484
6724 1.2563716925611992 940896.760559082 748900 0.0071463738444636484
7056 1.2596980971462859 987353.8879394531 783802 0.0071463738444636484
7396 1.2448643958963184 1034930.4641723633 831360 0.0071463738444636484
7744 1.240028847769253 1083626.4892578125 873872 0.0071463738444636484
8100 1.2410238376324858 1133441.9631958008 913312 0.0071463738444636484
8464 1.2329964000324058 1184376.8859863281 960568 0.0071463738444636484
8836 1.2216541292816043 1236431.2576293945 1012096 0.0071463738444636484
9216 1.2260584677419355 1289605.078125 1051830 0.0071463738444636484
9604 1.2144138947709784 1343898.3474731445 1106623 0.0071463738444636484
10000 1.2190607440574879 1399311.0656738281 1147860 0.0071463738444636484
10404 1.213636569012631 1455843.2327270508 1199571 0.0071463738444636484
10816 1.2052843546094918 1513494.8486328125 1255716 0.0071463738444636484
11236 1.2120963356407939 1572265.9133911133 1297146 0.0071463738444636484
11664 1.207230578913621 1632156.4270019531 1351984 0.0071463738444636484
12100 1.2093553258655412 1693166.389465332 1400057 0.0071463738444636484
12544 1.2065339822873886 1755295.80078125 1454825 0.0071463738444636484
12996 1.1975770229892968 1818544.660949707 1518520 0.0071463738444636484
13456 1.1999526942959802 1882912.9699707031 1569156 0.0071463738444636484
13924 1.196776203943413 1948400.7278442383 1628041 0.0071463738444636484
14400 1.1990326460316714 2015007.9345703125 1680528 0.0071463738444636484
14884 1.183406890515473 2082734.5901489258 1759948 0.0071463738444636484
15376 1.1799918912287788 2151580.694580078 1823386 0.0071463738444636484
15876 1.1828998508899755 2221546.2478637695 1878051 0.0071463738444636484
16384 1.1942050383452 2292631.25 1919797 0.0071463738444636484
16900 1.1783173062685701 2364835.7009887695 2006960 0.0071463738444636484
17424 1.1669269190838827 2438159.600830078 2089385 0.0071463738444636484
17956 1.166696825193455 2512602.949523926 2153604 0.0071463738444636484
18496 1.169888134157105 2588165.7470703125 2212319 0.0071463738444636484
19044 1.1635498606145982 2664847.9934692383 2290274 0.0071463738444636484
19600 1.1593886070006354 2742649.688720703 2365600 0.0071463738444636484
20164 1.1598615488622654 2821570.832824707 2432679 0.0071463738444636484
20736 1.1587016593700683 2901611.42578125 2504192 0.0071463738444636484
21316 1.1521300850240321 2982771.467590332 2588919 0.0071463738444636484
21904 1.1521885987672174 3065050.958251953 2660199 0.0071463738444636484
22500 1.1544395563325283 3148449.8977661133 2727254 0.0071463738444636484
23104 1.1501844248391087 3232968.2861328125 2810826 0.0071463738444636484
23716 1.153012824439147 3318606.123352051 2878204 0.0071463738444636484
24336 1.1550472414526562 3405363.409423828 2948246 0.0071463738444636484
24964 1.147435919583228 3493240.1443481445 3044388 0.0071463738444636484
25600 1.142395289931448 3582236.328125 3135724 0.0071463738444636484
26244 1.1407001962966812 3672351.9607543945 3219384 0.0071463738444636484
26896 1.1424102104057332 3763587.042236328 3294427 0.0071463738444636484
27556 1.138527324647837 3855941.572570801 3386780 0.0071463738444636484
28224 1.1419126170981506 3949415.5517578125 3458597 0.0071463738444636484
28900 1.1393166424935324 4044008.9797973633 3549504 0.0071463738444636484
29584 1.130877504266878 4139721.856689453 3660628 0.0071463738444636484
30276 1.127619738012844 4236554.182434082 3757077 0.0071463738444636484
30976 1.1239460882688013 4334505.95703125 3856507 0.0071463738444636484
31684 1.1265958594748804 4433577.180480957 3935375 0.0071463738444636484
32400 1.1300346262888832 4533767.852783203 4012061 0.0071463738444636484
33124 1.1311397093734856 4635077.973937988 4097706 0.0071463738444636484
33856 1.1237716025195483 4737507.5439453125 4215721 0.0071463738444636484
34596 1.1150610634036848 4841056.562805176 4341517 0.0071463738444636484
35344 1.1125549403509576 4945725.030517578 4445376 0.0071463738444636484
36100 1.1135026865032356 5051512.9470825195 4536597 0.0071463738444636484
36864 1.1181147824275637 5158420.3125 4613498 0.0071463738444636484
37636 1.113359395507327 5266447.1267700195 4730231 0.0071463738444636484
38416 1.1083053294411702 5375593.389892578 4850282 0.0071463738444636484
39204 1.1079466010689305 5485859.101867676 4951375 0.0071463738444636484
40000 1.1093528540846094 5597244.2626953125 5045504 0.0071463738444636484
40804 1.1120498672834735 5709748.872375488 5134436 0.0071463738444636484
41616 1.1048406167716327 5823372.930908203 5270781 0.0071463738444636484
42436 1.10074378240132 5938116.438293457 5394640 0.0071463738444636484
43264 1.0994719274170348 6053979.39453125 5506261 0.0071463738444636484
44100 1.0993518041295305 6170961.799621582 5613273 0.0071463738444636484
44944 1.1027453423226807 6289063.653564453 5703097 0.0071463738444636484
45796 1.0998966500745269 6408284.956359863 5826261 0.0071463738444636484
46656 1.1016228494651807 6528625.7080078125 5926371 0.0071463738444636484
47524 1.1012583011046886 6650085.908508301 6038625 0.0071463738444636484
48400 1.101001884436941 6772665.557861328 6151366 0.0071463738444636484
49284 1.1031241197054953 6896364.6560668945 6251667 0.0071463738444636484
50176 1.0946852636889386 7021183.203125 6413883 0.0071463738444636484
51076 1.091407150578594 7147121.1990356445 6548538 0.0071463738444636484
51984 1.0913736107118868 7274178.643798828 6665159 0.0071463738444636484
52900 1.0937535424734177 7402355.537414551 6767846 0.0071463738444636484
53824 1.0904690855219223 7531651.8798828125 6906800 0.0071463738444636484
54756 1.0883974435533565 7662067.671203613 7039770 0.0071463738444636484
55696 1.0895250973831128 7793602.911376953 7153211 0.0071463738444636484
56644 1.0908969494281004 7926257.600402832 7265817 0.0071463738444636484
57600 1.090414300102378 8060031.73828125 7391715 0.0071463738444636484
58564 1.084611926420978 8194925.325012207 7555629 0.0071463738444636484
59536 1.080338900397969 8330938.360595703 7711412 0.0071463738444636484
60516 1.0773962858933566 8468070.845031738 7859755 0.0071463738444636484
61504 1.0734443346965596 8606322.778320312 8017484 0.0071463738444636484
62500 1.0712399687731602 8745694.160461426 8164085 0.0071463738444636484
63504 1.0763905197546226 8886184.991455078 8255540 0.0071463738444636484
64516 1.0810182483205124 9027795.27130127 8351196 0.0071463738444636484
65536 1.0887148522240269 9170525 8423257 0.0071463738444636484
66564 1.0793334007997302 9314374.17755127 8629747 0.0071463738444636484
67600 1.0745661937249242 9459342.803955078 8802941 0.0071463738444636484
68644 1.070623528497753 9605430.879211426 8971810 0.0071463738444636484
69696 1.0656850887415765 9752638.403320312 9151520 0.0071463738444636484
70756 1.0628489751143404 9900965.376281738 9315496 0.0071463738444636484
71824 1.061295688422235 10050411.798095703 9469945 0.0071463738444636484
72900 1.063870395122414 10200977.668762207 9588553 0.0071463738444636484
73984 1.065884579493275 10352662.98828125 9712743 0.0071463738444636484
75076 1.0624570251630636 10505467.756652832 9887899 0.0071463738444636484
76176 1.059941096715492 10659391.973876953 10056589 0.0071463738444636484
77284 1.0583701423588112 10814435.639953613 10218009 0.0071463738444636484
78400 1.0576381072610956 10970598.754882812 10372734 0.0071463738444636484
79524 1.0591387304423732 11127881.31866455 10506538 0.0071463738444636484
80656 1.0588350115749197 11286283.331298828 10659152 0.0071463738444636484
81796 1.0620350773348093 11445804.792785645 10777238 0.0071463738444636484
82944 1.0580044868319234 11606445.703125 10970129 0.0071463738444636484
84100 1.0524509042053831 11768206.062316895 11181715 0.0071463738444636484
85264 1.0493610272319434 11931085.870361328 11369858 0.0071463738444636484
86436 1.0485507325289705 12095085.1272583 11535050 0.0071463738444636484
87616 1.0495454099765946 12260203.833007812 11681442 0.0071463738444636484
88804 1.0518830956065477 12426441.987609863 11813520 0.0071463738444636484
90000 1.0539704907890313 12593799.591064453 11948911 0.0071463738444636484
91204 1.05168433074348 12762276.643371582 12135083 0.0071463738444636484
92416 1.0502720033437547 12931873.14453125 12312880 0.0071463738444636484
93636 1.0535054170066867 13102589.094543457 12437135 0.0071463738444636484
94864 1.0544748645116373 13274424.493408203 12588659 0.0071463738444636484
96100 1.0554134378293307 13447379.341125488 12741338 0.0071463738444636484
97344 1.0554000021613488 13621453.637695312 12906437 0.0071463738444636484
98596 1.054627410351335 13796647.383117676 13082011 0.0071463738444636484
99856 1.0491279462474201 13972960.577392578 13318643 0.0071463738444636484
101124 1.0473176992897695 14150393.22052002 13511080 0.0071463738444636484
102400 1.044845496409966 14328945.3125 13713937 0.0071463738444636484
103684 1.044809072524549 14508616.85333252 13886381 0.0071463738444636484
104976 1.0464712402949115 14689407.843017578 14037087 0.0071463738444636484
106276 1.0471822788775353 14871318.281555176 14201270 0.0071463738444636484
107584 1.045215180204865 15054348.168945312 14403109 0.0071463738444636484
108900 1.0434389706177225 15238497.505187988 14604110 0.0071463738444636484
110224 1.0430696990818158 15423766.290283203 14786899 0.0071463738444636484
111556 1.0443133369421855 15610154.524230957 14947769 0.0071463738444636484
112896 1.0463883731850754 15797662.20703125 15097322 0.0071463738444636484
114244 1.0465013237605496 15986289.338684082 15275938 0.0071463738444636484
115600 1.0436578422324894 16176035.919189453 15499367 0.0071463738444636484
116964 1.0399618520713463 16366901.948547363 15737983 0.0071463738444636484
118336 1.0361544864191012 16558887.426757812 15981099 0.0071463738444636484
119716 1.0335001371042205 16751992.3538208 16208989 0.0071463738444636484
121104 1.0322057807862175 16946216.729736328 16417479 0.0071463738444636484
122500 1.0310589698507906 17141560.554504395 16625199 0.0071463738444636484
123904 1.0268618243246044 17338023.828125 16884476 0.0071463738444636484
125316 1.028141583631435 17535606.550598145 17055634 0.0071463738444636484
126736 1.0315351284658156 17734308.721923828 17192152 0.0071463738444636484
128164 1.032905486154741 17934130.34210205 17362799 0.0071463738444636484
129600 1.0360198969384382 18135071.411132812 17504559 0.0071463738444636484
131044 1.0414821762553266 18337131.929016113 17606765 0.0071463738444636484
132496 1.0351322610878975 18540311.895751953 17911056 0.0071463738444636484
133956 1.0307957969792427 18744611.311340332 18184602 0.0071463738444636484
135424 1.026449540838232 18950030.17578125 18461726 0.0071463738444636484
136900 1.024600951224361 19156568.489074707 18696614 0.0071463738444636484
138384 1.022067039996203 19364226.251220703 18946141 0.0071463738444636484
139876 1.0206242113325945 19573003.46221924 19177483 0.0071463738444636484
141376 1.0191726871504931 19782900.122070312 19410744 0.0071463738444636484
142884 1.0197398173893004 19993916.230773926 19606880 0.0071463738444636484
144400 1.0209077278480025 20206051.788330078 19792241 0.0071463738444636484
145924 1.0177298239670736 20419306.79473877 20063583 0.0071463738444636484
147456 1.0188667694832394 20633681.25 20251599 0.0071463738444636484
148996 1.0157304211123692 20849175.15411377 20526288 0.0071463738444636484
150544 1.0165025537110932 21065788.507080078 20723793 0.0071463738444636484
152100 1.01496827217646 21283521.308898926 20969642 0.0071463738444636484
153664 1.013835992719967 21502373.559570312 21208927 0.0071463738444636484
155236 1.0146574263290513 21722345.25909424 21408551 0.0071463738444636484
156816 1.0140861218708606 21943436.407470703 21638632 0.0071463738444636484
158404 1.0127391234901515 22165647.004699707 21886828 0.0071463738444636484
160000 1.0148318192179333 22388977.05078125 22061761 0.0071463738444636484
161604 1.0147104686105681 22613426.545715332 22285595 0.0071463738444636484
163216 1.013936445297763 22838995.489501953 22525076 0.0071463738444636484
164836 1.0144107533297595 23065683.882141113 22738012 0.0071463738444636484
166464 1.0121110864443073 23293491.723632812 23014758 0.0071463738444636484
168100 1.0105560895456973 23522419.01397705 23276708 0.0071463738444636484
169744 1.008632477667536 23752465.753173828 23549178 0.0071463738444636484
171396 1.0076178295813787 23983631.941223145 23802310 0.0071463738444636484
173056 1.0058307553623203 24215917.578125 24075539 0.0071463738444636484
174724 1.0075420075836592 24449322.663879395 24266306 0.0071463738444636484
176400 1.0070006313777338 24683847.198486328 24512246 0.0071463738444636484
178084 1.008043525633258 24919491.1819458 24720650 0.0071463738444636484
179776 1.0095411271181374 25156254.614257812 24918504 0.0071463738444636484
181476 1.0082215025882084 25394137.495422363 25187062 0.0071463738444636484
183184 1.0080247037432797 25633139.825439453 25429079 0.0071463738444636484
184900 1.008520302665646 25873261.604309082 25654676 0.0071463738444636484
186624 1.009743751892218 26114502.83203125 25862505 0.0071463738444636484
188356 1.0105137957914208 26356863.508605957 26082636 0.0071463738444636484
190096 1.0112842902791404 26600343.634033203 26303527 0.0071463738444636484
191844 1.0121050664293327 26844943.20831299 26523870 0.0071463738444636484
193600 1.012025143613105 27090662.231445312 26768764 0.0071463738444636484
195364 1.012680245630016 27337500.703430176 26995195 0.0071463738444636484
197136 1.0115127793638388 27585458.624267578 27271488 0.0071463738444636484
198916 1.0078477287041419 27834535.99395752 27617799 0.0071463738444636484
200704 1.0060111146390391 28084732.8125 27916921 0.0071463738444636484
202500 1.004614463909388 28336049.07989502 28205894 0.0071463738444636484
204304 1.0029623090413293 28588484.796142578 28504047 0.0071463738444636484
206116 1.0012911701961655 28842039.961242676 28804848 0.0071463738444636484
207936 1.0033395176783493 29096714.575195312 28999869 0.0071463738444636484
209764 1.0003885892240019 29352508.63800049 29341107 0.0071463738444636484
211600 1.0027548067862122 29609422.149658203 29528078 0.0071463738444636484
213444 1.0032928785251922 29867455.110168457 29769428 0.0071463738444636484
215296 1.0011471294225662 30126607.51953125 30092088 0.0071463738444636484
217156 1.0007344866930497 30386879.377746582 30364577 0.0071463738444636484
219024 1.0005009212901979 30648270.684814453 30632926 0.0071463738444636484
220900 1.0010848246772623 30910781.440734863 30877285 0.0071463738444636484
222784 1.0016292613224016 31174411.645507812 31123703 0.0071463738444636484
224676 1.0018758681923619 31439161.2991333 31380296 0.0071463738444636484
226576 1.0025282280472483 31705030.401611328 31625075 0.0071463738444636484
228484 1.0034338354519472 31972018.952941895 31862608 0.0071463738444636484
230400 1.0013786903019992 32240126.953125 32195739 0.0071463738444636484
232324 0.9981493925002964 32509354.402160645 32569628 0.0071463738444636484
234256 0.9965138205854706 32779701.300048828 32894377 0.0071463738444636484
236196 0.9935501677248695 33051167.64678955 33265726 0.0071463738444636484
238144 0.9923026723727811 33323753.442382812 33582247 0.0071463738444636484
240100 0.9897231186504308 33597458.68682861 33946321 0.0071463738444636484
242064 0.9900588476832972 33872283.38012695 34212394 0.0071463738444636484
244036 0.9894838492287314 34148227.52227783 34511152 0.0071463738444636484
246016 0.9892182050725316 34425291.11328125 34800503 0.0071463738444636484
248004 0.9861952217895045 34703474.15313721 35189254 0.0071463738444636484
250000 0.9858703593715478 34982776.6418457 35484155 0.0071463738444636484
252004 0.9871837485495016 35263198.57940674 35721008 0.0071463738444636484
254016 0.9909947475868234 35544739.96582031 35867738 0.0071463738444636484
256036 0.9928243988012535 35827400.801086426 36086342 0.0071463738444636484
258064 0.9926431381892202 36111181.08520508 36378815 0.0071463738444636484
260100 0.9950405779188166 36396080.81817627 36577484 0.0071463738444636484
262144 1 36682100 36682100 0.0071463738444636484
