4 0.06941027111477323 62.19160291883681 896 0.06431736460017283
16 0.36745407928411705 497.53282335069446 1354 0.032158682300086415
36 0.45242859682439085 1446.866652644402 3198 0.024881353049504392
64 0.5914794809003698 2985.1969401041665 5047 0.021439121533390948
100 0.579479504662187 5164.900825054073 8913 0.01936145598670872
144 0.6443773535369086 8026.364315655734 12456 0.017940875138089913
196 0.6784288252076124 11602.489768700587 17102 0.016892925907053043
256 0.726292155796826 15921.050347222223 21921 0.016079341150043207
324 0.7294790912339719 21006.079911173456 28796 0.015424105847929267
400 0.7429998781540239 26878.763592099967 36176 0.014881636896332739
484 0.7498166295803727 33558.043256869576 44755 0.014422771801538866
576 0.7581994254179673 41061.048082935435 54156 0.014027893268495985
676 0.774263196884051 49403.41180358064 63807 0.013683265493639555
784 0.7880409522047087 58599.51324689435 74361 0.013378950720918324
900 0.7922218860386798 68662.66308485842 86671 0.013107560347429478
1024 0.8025289257922548 79605.25173611112 99193 0.012863472920034565
1156 0.8087712478303574 91438.86850845237 113059 0.012642326166723535
1296 0.8102795372835504 104174.39899039693 128566 0.012440676524752196
1444 0.8146337303412445 117822.10568671487 144632 0.012255764668130689
1600 0.8213954394551064 132391.6955359346 161179 0.012085350168853438
1764 0.8365190022946006 147892.37701067392 176795 0.01192759245375227
1936 0.8305220619921225 164332.9088401953 197867 0.011780963494552715
2116 0.8318302751924275 181721.6419185377 218460 0.011644182705263921
2304 0.8401251185777706 200066.5556129917 238139 0.011516167672006371
2500 0.8444851656764365 219375.2894284306 259774 0.011395996360910121
2704 0.8443467887591604 239655.17078745627 283835 0.01128287777440907
2916 0.8544755002863138 260913.23953692563 305349 0.01117612891233645
3136 0.8594974249825326 283156.26967594546 329444 0.01107515649781993
3364 0.8580091816189274 306390.7887102109 357095 0.010979442346035158
3600 0.8669875335754227 330623.09496638674 381347 0.010888531547882337
3844 0.8586115228371559 355859.2731435648 414459 0.0108020228503339
4096 0.8740506085407679 382105.2083333333 437166 0.010719560766695474
4356 0.859156511261211 409366.5987031855 476475 0.010640829060795828
4624 0.8715953967704886 437648.9670079848 502124 0.010565545331026991
4900 0.8704426631428048 466957.6710695891 536460 0.010493456481347257
5184 0.8725137085837608 497297.9133444003 569960 0.010424334912521252
5476 0.8733070293782117 528674.7496817174 605371 0.010357975302010856
5776 0.8791971916765277 561093.0973616599 638188 0.010294191867908515
6084 0.8886583272270409 594557.7424895789 669051 0.010232816033182239
6400 0.881089660118152 629073.3468138772 713972 0.010173694422780172
6724 0.8874942636208741 664644.4540256726 748900 0.010116687138925978
7056 0.8947100104254948 701275.4955915237 783802 0.010061666270041684
7396 0.8888697990813367 738970.79616426 831360 0.010008514596774406
7744 0.8899868385892321 777734.5786116495 873872 0.009957124465037904
8100 0.8951716047725987 817570.9686980717 913312 0.009907396801159318
8464 0.8937253785785176 858483.9994504096 960568 0.009859240248412952
8836 0.8897156151550172 900477.6152359323 1012096 0.009812570407632951
9216 0.8970610037524761 943555.675576967 1051830 0.009767309167383881
9604 0.892555060507987 987721.9587245302 1106623 0.009723384111457725
10000 0.8999182522353026 1032980.1650108144 1147860 0.009680727993354362
10404 0.8997665998914685 1079333.9199984088 1199571 0.009639278268967344
10816 0.8973261290310545 1126786.7774423596 1255716 0.009598976679998615
11236 0.9060986366065332 1175342.2220796181 1297146 0.009559768881712878
11664 0.9060785277481321 1225003.6722590306 1351984 0.009521604109553732
12100 0.91123038735123 1275774.482423801 1400057 0.00948443487991045
12544 0.9125894492170907 1327657.945457254 1454825 0.009448216720971578
12996 0.909212453508523 1380657.2949017624 1518520 0.009412907930149822
13456 0.9143614191704398 1434775.7070598106 1569156 0.009378469355028651
13924 0.9152203801903093 1490016.3029854114 1628041 0.00934486419517809
14400 0.9201763674115276 1546382.1503733597 1680528 0.009312057822526762
14884 0.9113202579583094 1603876.2653532107 1759948 0.0092800176182682
15376 0.9117661395855116 1662501.6141942677 1823386 0.00924871282452979
15876 0.9170470423472968 1722261.1149273831 1878051 0.009218114409248211
16384 0.9288261409351556 1783157.638888889 1919797 0.009188194942881834
16900 0.9193975027860888 1845194.0121915687 2006960 0.009158928485751793
17424 0.9133659029461756 1908373.0171271951 2089385 0.009130290484943841
17956 0.9159982027823195 1972697.3935048142 2153604 0.009102257679825022
18496 0.9212820754731306 2038169.8399286408 2212319 0.009074808015335745
19044 0.9190136267621891 2104793.015019146 2290274 0.00904792056231086
19600 0.9184010562143456 2172569.538580656 2365600 0.00902157544416494
20164 0.9214129742224691 2241501.992718542 2432679 0.0089957537693485
20736 0.9230893329700163 2311592.922908851 2504192 0.008970437569044956
21316 0.9204014644811455 2382844.8390230625 2588919 0.008945609739633447
21904 0.9229611079135133 2455260.21631042 2660199 0.008921253989491867
22500 0.9272482490960393 2528841.4963401696 2727254 0.008897354789757606
23104 0.9262725931472958 2603591.087905841 2810826 0.008873897328702009
23716 0.9309664526536676 2679511.3678935966 2878204 0.00885086746940861
24336 0.9349981928633224 2756604.6821165187 2948246 0.008828251710475526
24964 0.9311800421354303 2834873.346116598 3044388 0.00880603714948937
25600 0.9293929076462292 2914319.6459360644 3135724 0.008784211449042135
26244 0.9302853710087431 2994945.838859611 3219384 0.008762762805083967
26896 0.9339269481852077 3076754.154128949 3294427 0.008741679917424031
27556 0.9329648792159689 3159746.793631059 3386780 0.00872095196220888
28224 0.9379311705183946 3243925.932561408 3458597 0.00870056856622318
28900 0.9379602671424909 3329293.72006334 3549504 0.008680519782871599
29584 0.9331328613136209 3415852.2798447576 3660628 0.008660796069713097
30276 0.9325344438703718 3503603.710773165 3757077 0.008641388267430161
30976 0.9315554431640002 3592550.087450069 3856507 0.008622287580125636
31684 0.9357922588738539 3682693.460765693 3935375 0.008603485556849028
32400 0.9406726015469019 3774035.858434865 4012061 0.008584974074262413
33124 0.9435960719277963 3866579.2855149624 4097706 0.008566745320363564
33856 0.9394183640014774 3960325.7249066723 4215721 0.008548791779190799
34596 0.934069160120376 4055277.1378383343 4341517 0.008531106216440093
35344 0.9338772388060248 4151435.4643345713 4445376 0.008513681665930762
36100 0.9365616173686774 4248802.62366989 4536597 0.008496511416860955
36864 0.942317632912785 4347380.514807868 4613498 0.008479589001798984
37636 0.9401593742095372 4447171.016826553 4730231 0.008462908185360631
38416 0.937713722486781 4548175.989330629 4850282 0.008446462953526523
39204 0.9392133039511055 4650397.272850905 4951375 0.008430247503557082
40000 0.9421926311487665 4753836.689231626 5045504 0.008414256234465912
40804 0.9462570070025452 4858496.04200612 5134436 0.008398483738015279
41616 0.9418674607731214 4964377.116761214 5270781 0.008382924790200166
42436 0.9400964070801553 5071481.681490889 5394640 0.008367574343189755
43264 0.9407130332070306 5179811.486939577 5506261 0.008352427517697552
44100 0.9422966363715995 5289368.266935518 5613273 0.008337479595753323
44944 0.9468809207899712 5400153.738714523 5703097 0.008322726013852094
45796 0.9460904005561295 5512169.603234556 5826261 0.008308162356457026
46656 0.9492179186016931 5625417.545481435 5926371 0.008293784349834797
47524 0.9505308302413235 5739899.234766012 6038625 0.008279587856203424
48400 0.9519213008969273 5855616.325013128 6151366 0.008265568868174008
49284 0.9553564601317786 5972570.455042656 6251667 0.008251723503468996
50176 0.9496218201739733 6090763.248842904 6413883 0.008238047999900867
51076 0.9483332487093584 6210196.315836685 6548538 0.008224538710596084
51984 0.949845495229784 6330871.251140252 6665159 0.00821119209945032
52900 0.9534480595178184 6452789.6358154295 6767846 0.008198004736801729
53824 0.9520983722006009 6575953.03711511 6906800 0.008184973295310021
54756 0.9517872045141234 6700363.00872239 7039770 0.00817209454602979
55696 0.9542597151102531 6826021.090983529 7153211 0.008159365354667405
56644 0.9569369571426016 6952928.811134987 7265817 0.00814678267801127
57600 0.9579762860885043 7081087.683524689 7391715 0.008134343560526138
58564 0.9543215012049623 7210499.209827748 7555629 0.008122045131102516
59536 0.9519871171786451 7341164.87925681 7711412 0.008109884599952915
60516 0.9508039587451785 7473086.168767211 7859755 0.008097859255647115
61504 0.9487096629387856 7606264.543257106 8017484 0.00808596646227915
62500 0.9481407231505716 7740701.455762735 8164085 0.008074203656759106
63504 0.9540742758982437 7876398.347648987 8255540 0.008062568346223271
64516 0.9595459918310387 8013356.648795404 8351196 0.008051058105556586
65536 0.9677465353102461 8151577.777777778 8423257 0.008039670575021604
66564 0.9607539064639411 8291063.1420454765 8629747 0.008028403457988633
67600 0.957840582834148 8431814.138094617 8802941 0.008017254518761955
68644 0.955641297757893 8573832.151637241 8971810 0.008006221580497337
69696 0.9525323178845256 8717118.557766594 9151520 0.007995302523206333
70756 0.9512831867587767 8861674.721118636 9315496 0.007984495281843097
71824 0.9511672978068924 9007501.996029891 9469945 0.007973797844469737
72900 0.9547427778405937 9154601.726691758 9588553 0.007963208250496356
73984 0.9578113255237339 9302975.247301368 9712743 0.007952724588992266
75076 0.9559790085041434 9452623.882209111 9887899 0.00794234499706493
76176 0.9549509228290936 9603548.946062911 10056589 0.00793206765830347
77284 0.9547605354379085 9755751.743949369 10218009 0.007921890801283709
78400 0.9553155003812713 9909233.571531827 10372734 0.007911812698131857
79524 0.957879342861129 10063995.71518548 10506538 0.007901831663144182
80656 0.9588041761792676 10220039.452129593 10659152 0.007891946051460043
81796 0.9628966206886145 10377366.050556922 10777238 0.00788215425778589
82944 0.9604241454006973 10535976.769760406 10970129 0.007872454715167922
84100 0.9565503020115611 10695872.860257203 11181715 0.0078628458938112
85264 0.9548980791061924 10857055.563910175 11369858 0.007853326299943161
86436 0.9553080492973012 11019526.114046834 11535050 0.007843894474719572
87616 0.9573548998125301 11183285.73557588 11681442 0.007834548993171033
88804 0.960622714068403 11348335.645101361 11813520 0.007825288463188279
90000 0.9636591193150996 11514677.051034506 11948911 0.007816111524544598
91204 0.9626890194078902 11682311.153703358 12135083 0.007807016847953739
92416 0.9625074836642743 11851239.14546017 12312880 0.0077980031341618496
93636 0.9665780914002076 12021462.21078672 12437135 0.0077890691130719095
94864 0.9685687352717649 12192981.52639752 12588659 0.0077802135428993845
96100 0.9705258789415232 12365798.26134103 12741338 0.0077714352093577075
97344 0.9716015021883181 12539913.57709889 12906437 0.007762732924872401
98596 0.9719704889166696 12715328.62768325 13082011 0.007754105527822628
99856 0.9679698269359901 12892044.559732236 13318643 0.007745551881809039
101124 0.9673588279103947 13070062.512603575 13511080 0.007737070874946868
102400 0.9661254545989588 13249383.618466482 13713937 0.007728661419183215
103684 0.9671352818557828 13430009.002391787 13886381 0.007720322449637571
104976 0.9697125751546882 13611939.782440398 14037087 0.0077120529239646345
106276 0.9714044638085266 13795177.069750115 14201270 0.007703851821738528
107584 0.9706044693976025 13979721.968620833 14403109 0.0076957181438575975
108900 0.9699718487876487 14165575.57659819 14604110 0.007687650911968939
110224 0.9706388732725977 14352738.9845557 14786899 0.0076796491679119085
111556 0.9728015784011227 14541213.276775371 14947769 0.00767171197317989
112896 0.9757359305860258 14730999.531026881 15097322 0.007663838408399579
114244 0.9768368278691207 14922098.81864536 15275938 0.007656027572827129
115600 0.9751696443221032 15114512.204607744 15499367 0.007648278583860529
116964 0.9726939435382421 15308240.747607814 15737983 0.007640590576567572
118336 0.9701013365933031 15503285.500129899 15981099 0.007632962703228841
119716 0.9685766032984092 15699647.50852128 16208989 0.0076253941328951426
121104 0.9683172314740505 15897327.813063363 16417479 0.0076178840509588544
122500 0.9681885581063773 16096327.448041586 16625199 0.0076104316587386756
123904 0.9651852649625708 16296647.441814167 16884476 0.007603036173077254
125316 0.9673219310920734 16498288.816879625 17055634 0.007595696825951276
126736 0.9714463081726592 16701252.589943198 17192152 0.007588412864093509
128164 0.9736644288735998 16905539.77198211 17362799 0.007581183548626395
129600 0.9775254188528699 17111151.368309774 17504559 0.007574008154706762
131044 0.9836042213682559 17318088.37863886 17606765 0.007566885971181283
132496 0.9785214114200413 17526351.7971434 17911056 0.007559816300252251
133956 0.9753275112933343 17735942.61251979 18184602 0.00755279845715336
135424 0.9721118062334383 17946861.80804683 18461726 0.007545831769835102
136900 0.9712512844114325 18159110.36164477 18696614 0.0075389155786594495
138384 0.9697325300140759 18372689.245933414 18946141 0.007532049236103513
139876 0.9692408241628601 18587599.42828924 19177483 0.007525232106471851
141376 0.9687337008257721 18803841.87090165 19410744 0.007518463565617134
142884 0.9701399473464576 19021417.530828312 19606880 0.0075117430006688855
144400 0.9721146463429567 19240327.360049568 19792241 0.007505069809770014
145924 0.9699450145829918 19460572.305522066 20063583 0.007498443401820876
147456 0.9718814454716129 19682153.30923147 20251599 0.007491863196230622
148996 0.9697355560949165 19905071.30824441 20526288 0.0074853286226755624
150544 0.9713148184195602 20129327.234759554 20723793 0.007478839120864352
152100 0.9706852418442788 20354922.016157947 20969642 0.007472394140309722
153664 0.9704336563114462 20581856.575052552 21208927 0.007465993140106587
155236 0.9720476565339247 20810131.82933701 21408551 0.007459635588716291
156816 0.9723234210107966 21039748.692233697 21638632 0.007453320963756794
158404 0.9718497386803154 21270708.07234101 21886828 0.007447048751798622
160000 0.9746733669030309 21503010.873679977 22061761 0.007440818448166369
161604 0.97536807950338 21736657.995740127 22285595 0.007434629556745595
163216 0.9754306859397367 21971650.3335247 22525076 0.007428481589794936
164836 0.9766899928452486 22207988.777595177 22738012 0.007422374067763263
166464 0.9752730927744347 22445674.214115165 23014758 0.007416306519111714
168100 0.9745668298495471 22684707.524893593 23276708 0.007410278480140488
169744 0.9734985054436853 22925089.587427314 23549178 0.007404289494820199
171396 0.9733013844010547 23166821.27494307 23802310 0.00739833911462768
173056 0.9723522059646876 23409903.45643887 24075539 0.007392426898386081
174724 0.9747811222987424 23654336.996724706 24266306 0.007386552412109167
176400 0.9750278598078193 23900122.75646278 24512246 0.007380715228849612
178084 0.9768052859535264 24147261.592207044 24720650 0.007374914928551252
179776 0.9790216281219087 24395754.356442295 24918504 0.007369151097905106
181476 0.9785024508861973 24645601.897622604 25187062 0.007363423330209102
183184 0.9790682965831862 24896805.06020927 25429079 0.007357731225231365
184900 0.9803033444939335 25149364.68470825 25654676 0.007352074389076957
186624 0.9822436615365367 25403281.60770699 25862505 0.007346452434058006
188356 0.9837409325464969 25658556.661910832 26082636 0.007340864978567069
190096 0.9852363402131908 25915190.67617885 26303527 0.007335311646953674
191844 0.9867784933178775 26173184.47555925 26523870 0.007329792069403921
193600 0.9874396472442364 26432538.881324213 26768764 0.007324305881823073
195364 0.988815035824129 26693254.711004347 26995195 0.007318852725721034
197136 0.9884071150948044 26955332.778422575 27271488 0.007313432248100644
198916 0.9855518860763545 27218773.893727656 27617799 0.007308044101348686
200704 0.9844774380178666 27483578.863427177 27916921 0.0073026879431295575
202500 0.9838280073810168 27749748.490420178 28205894 0.007297363436281502
204304 0.982923006477966 28017283.57402925 28504047 0.007292070248715352
206116 0.9819938959591905 28286184.9100323 28804848 0.007286808053315687
207936 0.9847097340575512 28556453.290693823 28999869 0.007281576527844361
209764 0.9825154008264175 28828089.504795805 29341107 0.007276375354846318
211600 0.9855397407737878 29101094.337668188 29528078 0.0072712042215576375
213444 0.9867663084161031 29375468.571218975 29769428 0.007266062819815741
215296 0.9853491384168462 29651212.983963918 30092088 0.0072609508459717045
217156 0.9856329746024715 29928328.35105579 30364577 0.00725586800080464
219024 0.9860897860136961 30206815.44431339 30632926 0.007250813989438021
220900 0.9873496012440857 30486675.032249987 30877285 0.007245788521258006
222784 0.9885683551247628 30767907.880101647 31123703 0.007240791309833575
224676 0.9894908177365489 31050514.749854956 31380296 0.007235822072838568
226576 0.9908117656724779 31334496.400274538 31625075 0.007230880531975451
228484 0.992381213331006 31619853.58693022 31862608 0.007225966412900842
230400 0.9910189376992948 31906587.06222376 32195739 0.00722107944515273
232324 0.9884883418200341 32194697.575415354 32569628 0.007216219362079307
234256 0.9875300533173118 32484185.872649755 32894377 0.007211385900769432
236196 0.9852498844300597 32775052.69698203 33265726 0.007206578801984634
238144 0.9846660584803366 33067298.78840311 33582247 0.007201797810092624
240100 0.9827552412488203 33360924.883864895 33946321 0.007197042673002301
242064 0.983735067394149 33655931.717305176 34212394 0.0071923131421001716
244036 0.9838072058467393 33952320.01967211 34511152 0.007187608972188191
246016 0.98418377800311 34250090.51894856 34800503 0.007182929921422947
248004 0.9818123436255856 34549243.94017601 35189254 0.007178275751256181
250000 0.982122330529732 34849781.00547824 35484155 0.007173646226376603
252004 0.9840624439849158 35151702.43408473 35721008 0.007169041114652962
254016 0.9884930279783396 35455008.942353755 35867738 0.00716446018707834
256036 0.9909483550257113 35759701.24379524 36086342 0.007159903217715654
258064 0.9913951306301013 36065780.04909329 36378815 0.007155369983644312
260100 0.9944162935353481 36373246.0661285 36577484 0.007150860264908013
262144 1 36682100 36682100 0.0071463738444636484
