4 0.22206266596076193 197.63577270507812 890 0.02023925094759539
16 0.7660301267638687 790.5430908203125 1032 0.02023925094759539
36 0.82234024703916 1778.7219543457031 2163 0.02023925094759539
64 0.9872533135439432 3162.17236328125 3203 0.02023925094759539
100 0.9283905143981498 4940.894317626953 5322 0.02023925094759539
144 1.0635108845116312 7114.8878173828125 6690 0.02023925094759539
196 1.0705453087053756 9684.152862548828 9046 0.02023925094759539
256 1.1114841347210018 12648.689453125 11380 0.02023925094759539
324 1.0652447158045866 16008.497589111328 15028 0.02023925094759539
400 1.0877037573201878 19763.577270507812 18170 0.02023925094759539
484 1.0475241358497724 23913.928497314453 22829 0.02023925094759539
576 1.09023717704303 28459.55126953125 26104 0.02023925094759539
676 1.0420055402495227 33400.4455871582 32054 0.02023925094759539
784 1.078143322947906 38736.61145019531 35929 0.02023925094759539
900 1.0804754800914222 44468.04885864258 41156 0.02023925094759539
1024 1.1091449888745177 50594.7578125 45616 0.02023925094759539
1156 1.082863881844454 57116.73831176758 52746 0.02023925094759539
1296 1.0809613821608648 64033.99035644531 59238 0.02023925094759539
1444 1.0471192019862217 71346.5139465332 68136 0.02023925094759539
1600 1.0716903327011258 79054.30908203125 73766 0.02023925094759539
1764 1.0848295507074688 87157.37576293945 80342 0.02023925094759539
1936 1.063846010001199 95655.71398925781 89915 0.02023925094759539
2116 1.0737985678586164 104549.32376098633 97364 0.02023925094759539
2304 1.0851241571484063 113838.205078125 104908 0.02023925094759539
2500 1.0762412255661122 123522.35794067383 114772 0.02023925094759539
2704 1.037683746397148 133601.7823486328 128750 0.02023925094759539
2916 1.0500894893880788 144076.47830200195 137204 0.02023925094759539
3136 1.062026263739359 154946.44580078125 145897 0.02023925094759539
3364 1.0666218625744126 166211.6848449707 155830 0.02023925094759539
3600 1.0721069708971203 177872.1954345703 165909 0.02023925094759539
3844 1.0583009365033855 189927.97756958008 179465 0.02023925094759539
4096 1.087357786643026 202379.03125 186120 0.02023925094759539
4356 1.0552797312875646 215225.35647583008 203951 0.02023925094759539
4624 1.0719303789461674 228466.9532470703 213136 0.02023925094759539
4900 1.063397995184788 242103.8215637207 227670 0.02023925094759539
5184 1.0642576854950585 256135.96142578125 240671 0.02023925094759539
5476 1.0331144362855231 270563.37283325195 261891 0.02023925094759539
5776 1.031924904399935 285386.0557861328 276557 0.02023925094759539
6084 1.0584014699275883 300604.0102844238 284017 0.02023925094759539
6400 1.0522195775649366 316217.236328125 300524 0.02023925094759539
6724 1.0587720658709059 332225.7339172363 313784 0.02023925094759539
7056 1.0643908146869772 348629.5030517578 327539 0.02023925094759539
7396 1.0457008960495666 365428.54373168945 349458 0.02023925094759539
7744 1.050408514655786 382622.85595703125 364261 0.02023925094759539
8100 1.0641994945815347 400212.4397277832 376069 0.02023925094759539
8464 1.0549961151167777 418197.2950439453 396397 0.02023925094759539
8836 1.0335835477601791 436577.4219055176 422392 0.02023925094759539
9216 1.0593394385721864 455352.8203125 429846 0.02023925094759539
9604 1.046390605806778 474523.4902648926 453486 0.02023925094759539
10000 1.0614234501246953 494089.4317626953 465497 0.02023925094759539
10404 1.0515551762631905 514050.6448059082 488848 0.02023925094759539
10816 1.0273543467707809 534407.1293945312 520178 0.02023925094759539
11236 1.0274156058232509 555158.8855285645 540345 0.02023925094759539
11664 1.0320646152281385 576305.9132080078 558401 0.02023925094759539
12100 1.043170319735863 597848.2124328613 573107 0.02023925094759539
12544 1.0469619723525512 619785.783203125 591985 0.02023925094759539
12996 1.0434760272664172 642118.6255187988 615365 0.02023925094759539
13456 1.0487898109532823 664846.7393798828 633918 0.02023925094759539
13924 1.0507258796566925 687970.124786377 654757 0.02023925094759539
14400 1.0519208862270577 711488.7817382812 676371 0.02023925094759539
14884 1.0314941324492997 735402.7102355957 712949 0.02023925094759539
15376 1.0396402442415895 759711.9102783203 730745 0.02023925094759539
15876 1.0365964585012681 784416.3818664551 756723 0.02023925094759539
16384 1.0601602781113677 809516.125 763579 0.02023925094759539
16900 1.0435213058950732 835011.1396789551 800186 0.02023925094759539
17424 1.028397565851046 860901.4259033203 837129 0.02023925094759539
17956 1.0366683380031172 887186.9836730957 855806 0.02023925094759539
18496 1.0456823469104213 913867.8129882812 873944 0.02023925094759539
19044 1.0310877954542612 940943.913848877 912574 0.02023925094759539
19600 1.0417111225485192 968415.2862548828 929639 0.02023925094759539
20164 1.0450469563295024 996281.9302062988 953337 0.02023925094759539
20736 1.0416794730345433 1024543.845703125 983550 0.02023925094759539
21316 1.0230278493564424 1053201.0327453613 1029494 0.02023925094759539
21904 1.014682724650366 1082253.4913330078 1066593 0.02023925094759539
22500 1.0156668717422221 1111701.2214660645 1094553 0.02023925094759539
23104 1.010639164132005 1141544.2231445312 1129527 0.02023925094759539
23716 1.0243803152813182 1171782.4963684082 1143894 0.02023925094759539
24336 1.0383360947699571 1202416.0411376953 1158022 0.02023925094759539
24964 1.0354901965734467 1233444.8574523926 1191170 0.02023925094759539
25600 1.0306480027903713 1264868.9453125 1227256 0.02023925094759539
26244 1.0350602624257184 1296688.3047180176 1252766 0.02023925094759539
26896 1.0374038619136818 1328902.9356689453 1280989 0.02023925094759539
27556 1.0395576696454185 1361512.8381652832 1309704 0.02023925094759539
28224 1.0422102884946038 1394518.0122070312 1338039 0.02023925094759539
28900 1.0368106650882642 1427918.4577941895 1377222 0.02023925094759539
29584 1.0243195036662376 1461714.1749267578 1427010 0.02023925094759539
30276 1.022847431953247 1495905.1636047363 1462491 0.02023925094759539
30976 1.0263509273611233 1530491.423828125 1491197 0.02023925094759539
31684 1.0278006364509662 1565472.9555969238 1523129 0.02023925094759539
32400 1.0437685595431847 1600849.7589111328 1533721 0.02023925094759539
33124 1.0394404357454212 1636621.833770752 1574522 0.02023925094759539
33856 1.0314875704424493 1672789.1801757812 1621725 0.02023925094759539
34596 1.0236240199282478 1709351.7981262207 1669902 0.02023925094759539
35344 1.0104403417194288 1746309.6876220703 1728266 0.02023925094759539
36100 1.025172541255091 1783662.84866333 1739866 0.02023925094759539
36864 1.0374214883152684 1821411.28125 1755710 0.02023925094759539
37636 1.0242987577582099 1859554.98538208 1815442 0.02023925094759539
38416 1.0254141895925992 1898093.9610595703 1851051 0.02023925094759539
39204 1.0301138843090312 1937028.2082824707 1880402 0.02023925094759539
40000 1.0357514452829597 1976357.7270507812 1908139 0.02023925094759539
40804 1.0381683861645532 2016082.517364502 1941961 0.02023925094759539
41616 1.0282668405731488 2056202.5792236328 1999678 0.02023925094759539
42436 1.0145785630571007 2096717.9126281738 2066590 0.02023925094759539
43264 1.004759343501807 2137628.517578125 2127503 0.02023925094759539
44100 1.004926730875141 2178934.3940734863 2168252 0.02023925094759539
44944 1.0035469035719469 2220635.542114258 2212787 0.02023925094759539
45796 1.0030244844541334 2262731.9617004395 2255909 0.02023925094759539
46656 1.0086590349281717 2305223.6528320312 2285434 0.02023925094759539
47524 1.0124819236547984 2348110.615509033 2319163 0.02023925094759539
48400 1.0179661515798637 2391392.8497314453 2349187 0.02023925094759539
49284 1.0237336887356256 2435070.3554992676 2378617 0.02023925094759539
50176 1.0227994508030513 2479143.1328125 2423880 0.02023925094759539
51076 1.0174054669663755 2523611.1816711426 2480438 0.02023925094759539
51984 1.0192003223995334 2568474.5020751953 2520088 0.02023925094759539
52900 1.0257568551120237 2613733.094024658 2548102 0.02023925094759539
53824 1.023585993160997 2659386.9575195312 2598108 0.02023925094759539
54756 1.0203409586565706 2705436.0925598145 2651502 0.02023925094759539
55696 1.0250429382558046 2751880.499145508 2684649 0.02023925094759539
56644 1.0258858368061194 2798720.1772766113 2728101 0.02023925094759539
57600 1.0266800794780966 2845955.126953125 2771998 0.02023925094759539
58564 1.0157478745484114 2893585.348175049 2848724 0.02023925094759539
59536 1.0075797148063879 2941610.840942383 2919482 0.02023925094759539
60516 1.0108048846900604 2990031.605255127 2958070 0.02023925094759539
61504 1.0136628323383934 3038847.6411132812 2997888 0.02023925094759539
62500 1.0127263787284446 3088058.9485168457 3049253 0.02023925094759539
63504 1.0140064561627562 3137665.5274658203 3094325 0.02023925094759539
64516 1.0289974420741836 3187667.377960205 3097838 0.02023925094759539
65536 1.03555533026937 3238064.5 3126887 0.02023925094759539
66564 1.0244179326057559 3288856.893585205 3210464 0.02023925094759539
67600 1.0197170837933154 3340044.5587158203 3275462 0.02023925094759539
68644 1.010661834323797 3391627.4953918457 3355848 0.02023925094759539
69696 1.005444945327279 3443605.7036132812 3424957 0.02023925094759539
70756 0.9975757234336461 3495979.183380127 3504475 0.02023925094759539
71824 1.01160562385848 3548747.934692383 3508035 0.02023925094759539
72900 1.0179156854552482 3601911.957550049 3538517 0.02023925094759539
73984 1.020011482914743 3655471.251953125 3583755 0.02023925094759539
75076 1.0119394100657484 3709425.8179016113 3665660 0.02023925094759539
76176 1.0061010286674374 3763775.655395508 3740952 0.02023925094759539
77284 1.0152775412137198 3818520.7644348145 3761061 0.02023925094759539
78400 1.0184296000932629 3873661.1450195312 3803563 0.02023925094759539
79524 1.0181645548129792 3929196.797149658 3859098 0.02023925094759539
80656 1.0196680161568563 3985127.7208251953 3908260 0.02023925094759539
81796 1.0228752895533522 4041453.9160461426 3951072 0.02023925094759539
82944 1.0121095735374308 4098175.3828125 4049142 0.02023925094759539
84100 1.0058982211799596 4155292.1211242676 4130927 0.02023925094759539
85264 0.999519347395137 4212804.130981445 4214830 0.02023925094759539
86436 0.9906804359251433 4270711.412384033 4310887 0.02023925094759539
87616 0.9924412773845007 4329013.965332031 4361985 0.02023925094759539
88804 0.988047129842028 4387711.789825439 4440792 0.02023925094759539
90000 0.9897157821666752 4446804.885864258 4493012 0.02023925094759539
91204 0.9909372859427753 4506293.253448486 4547506 0.02023925094759539
92416 0.9857535190486627 4566176.892578125 4632169 0.02023925094759539
93636 0.9979404252570044 4626455.803253174 4636004 0.02023925094759539
94864 1.0009092679606943 4687129.985473633 4682872 0.02023925094759539
96100 1.0074008260508474 4748199.439239502 4713317 0.02023925094759539
97344 1.0120186478088649 4809664.164550781 4752545 0.02023925094759539
98596 1.0118600168052199 4871524.161407471 4814425 0.02023925094759539
99856 1.011007323022176 4933779.42980957 4880063 0.02023925094759539
101124 1.0043580018608131 4996429.96975708 4974750 0.02023925094759539
102400 1.0055301503979808 5059475.78125 5031650 0.02023925094759539
103684 1.0044673078698791 5122916.86428833 5100133 0.02023925094759539
104976 1.0099331797959497 5186753.21887207 5135739 0.02023925094759539
106276 1.0145638628352882 5250984.845001221 5175608 0.02023925094759539
107584 1.0106790225958744 5315611.742675781 5259446 0.02023925094759539
108900 1.0055558661377377 5380633.911895752 5350905 0.02023925094759539
110224 1.01361996694527 5446051.352661133 5372873 0.02023925094759539
111556 1.0108012915857563 5511864.064971924 5452965 0.02023925094759539
112896 1.0152640833452473 5578072.048828125 5494208 0.02023925094759539
114244 1.0161459129466122 5644675.304229736 5554985 0.02023925094759539
115600 1.0116131087141946 5711673.831176758 5646105 0.02023925094759539
116964 1.0036407174426147 5779067.629669189 5758104 0.02023925094759539
118336 0.9980192237700364 5846856.699707031 5858461 0.02023925094759539
119716 0.9943361127410106 5915041.041290283 5948734 0.02023925094759539
121104 0.9978939591099277 5983620.654418945 5996249 0.02023925094759539
122500 1.0003354296264213 6052595.539093018 6050566 0.02023925094759539
123904 1.0012727283497684 6121965.6953125 6114184 0.02023925094759539
125316 0.9999000578257677 6191731.123077393 6192350 0.02023925094759539
126736 1.0026244207450603 6261891.822387695 6245501 0.02023925094759539
128164 1.0045695470450038 6332447.793243408 6303643 0.02023925094759539
129600 1.01579323394174 6403399.035644531 6303841 0.02023925094759539
131044 1.0176275018850132 6474745.549591064 6362589 0.02023925094759539
132496 1.0142669020020918 6546487.335083008 6454403 0.02023925094759539
133956 1.0087697983062804 6618624.392120361 6561085 0.02023925094759539
135424 1.004507450190617 6691156.720703125 6661132 0.02023925094759539
136900 0.9984740131086163 6764084.320831299 6774422 0.02023925094759539
138384 0.9977139007261387 6837407.192504883 6853074 0.02023925094759539
139876 0.9871477910592509 6911125.335723877 7001105 0.02023925094759539
141376 0.9856969119444011 6985238.750488281 7086599 0.02023925094759539
142884 0.9948515908468823 7059747.436798096 7096282 0.02023925094759539
144400 0.9990386348801411 7134651.39465332 7141517 0.02023925094759539
145924 1.0049392368673271 7209950.624053955 7174514 0.02023925094759539
147456 1.0102661021602666 7285645.125 7211610 0.02023925094759539
148996 1.0041473923065594 7361734.897491455 7331329 0.02023925094759539
150544 0.9991850047598004 7438219.94152832 7444287 0.02023925094759539
152100 0.9917623794260149 7515100.257110596 7577521 0.02023925094759539
153664 0.9996697571994887 7592375.844238281 7594884 0.02023925094759539
155236 1.004799519862208 7670046.702911377 7633410 0.02023925094759539
156816 1.0052748699253051 7748112.833129883 7707457 0.02023925094759539
158404 0.9987350498882724 7826574.234893799 7836487 0.02023925094759539
160000 1.0086634308946434 7905430.908203125 7837531 0.02023925094759539
161604 1.0072490567381724 7984682.853057861 7927218 0.02023925094759539
163216 1.0108058125796564 8064330.069458008 7978120 0.02023925094759539
164836 1.0041933458963013 8144372.557403564 8110363 0.02023925094759539
166464 0.9993691759606537 8224810.316894531 8230002 0.02023925094759539
168100 0.9923217033314466 8305643.347930908 8369910 0.02023925094759539
169744 0.9884537186927149 8386871.650512695 8484840 0.02023925094759539
171396 0.9832614091234649 8468495.224639893 8612659 0.02023925094759539
173056 0.9764015167357148 8550514.0703125 8757170 0.02023925094759539
174724 0.9760922886406265 8632928.187530518 8844377 0.02023925094759539
176400 0.9793149528675258 8715737.576293945 8899831 0.02023925094759539
178084 0.9733836334410286 8798942.236602783 9039542 0.02023925094759539
179776 0.9795352452318977 8882542.168457031 9068119 0.02023925094759539
181476 0.9777909260046254 8966537.37185669 9170199 0.02023925094759539
183184 0.9791883595204306 9050927.846801758 9243296 0.02023925094759539
184900 0.9730511545590714 9135713.593292236 9388729 0.02023925094759539
186624 0.9830534207129863 9220894.611328125 9379851 0.02023925094759539
188356 0.9884253978815698 9306470.900909424 9415451 0.02023925094759539
190096 0.9863141146994134 9392442.462036133 9522770 0.02023925094759539
191844 0.9914624459133491 9478809.294708252 9560432 0.02023925094759539
193600 0.9942900495572562 9565571.398925781 9620504 0.02023925094759539
195364 0.9995947633441025 9652728.77468872 9656642 0.02023925094759539
197136 0.9978586021938599 9740281.42199707 9761184 0.02023925094759539
198916 0.9963249302751863 9828229.34085083 9864482 0.02023925094759539
200704 0.9960513335831018 9916572.53125 9955885 0.02023925094759539
202500 0.9918264338058047 10005310.99319458 10087764 0.02023925094759539
204304 0.9908200285910315 10094444.72668457 10187970 0.02023925094759539
206116 0.9883494736394628 10183973.73171997 10304021 0.02023925094759539
207936 0.9918925455456189 10273898.008300781 10357874 0.02023925094759539
209764 0.9949563526713117 10364217.556427002 10416756 0.02023925094759539
211600 0.997696872832155 10454932.376098633 10479067 0.02023925094759539
213444 0.9979807170116866 10546042.467315674 10567381 0.02023925094759539
215296 0.9959354621815514 10637547.830078125 10680961 0.02023925094759539
217156 0.9905260466245085 10729448.464385986 10832071 0.02023925094759539
219024 0.993040875511582 10821744.370239258 10897582 0.02023925094759539
220900 0.9995847179393239 10914435.54763794 10918970 0.02023925094759539
222784 0.9961250966447127 11007521.996582031 11050341 0.02023925094759539
224676 0.9983110030519056 11101003.717071533 11119785 0.02023925094759539
226576 0.998920735540653 11194880.709106445 11206976 0.02023925094759539
228484 1.0020126052424518 11289152.972686768 11266478 0.02023925094759539
230400 0.9986063246367801 11383820.5078125 11399708 0.02023925094759539
232324 0.99436287922077 11478883.314483643 11543958 0.02023925094759539
234256 0.9889369798718038 11574341.392700195 11703821 0.02023925094759539
236196 0.9848085264988952 11670194.742462158 11850217 0.02023925094759539
238144 0.9793573926145062 11766443.363769531 12014453 0.02023925094759539
240100 0.9784492231330578 11863087.256622314 12124377 0.02023925094759539
242064 0.9804451158216845 11960126.421020508 12198670 0.02023925094759539
244036 0.976494904877697 12057560.856964111 12347797 0.02023925094759539
246016 0.9793733569094988 12155390.564453125 12411396 0.02023925094759539
248004 0.9709664893125398 12253615.543487549 12620019 0.02023925094759539
250000 0.9771906285210474 12352235.794067383 12640559 0.02023925094759539
252004 0.9792163011562657 12451251.316192627 12715527 0.02023925094759539
254016 0.9813426584791259 12550662.109863281 12789276 0.02023925094759539
256036 0.9834836964712624 12650468.175079346 12862916 0.02023925094759539
258064 0.9936764590878373 12750669.51184082 12831812 0.02023925094759539
260100 0.9882996937070895 12851266.120147705 13003410 0.02023925094759539
262144 1 12952258 12952258 0.02023925094759539
