4 0.0000037791442131016026 0.0028267998713999987 748 1415.0276574121121
16 0.0000467239648165289 0.04522879794239998 968 353.75691435302804
36 0.00013289076586384208 0.2289707895833999 1723 157.22529526801247
64 0.0002534713720064447 0.7236607670783997 2855 88.43922858825701
100 0.0003776720649048737 1.7667499196249992 4678 56.60110629648449
144 0.0005842023016001273 3.6635326333343983 6271 39.30632381700312
196 0.0008149791656137604 6.787146491231397 8328 28.878115457390045
256 0.001077276914147227 11.578572273254395 10748 22.109807147064252
324 0.0013345782511517156 18.54663395625539 13897 17.469477252001386
400 0.0016727616257766725 28.267998713999987 16899 14.150276574121122
484 0.001943607444217497 41.38717691716738 21294 11.694443449686878
576 0.0023929994747234284 58.61652213335037 24495 9.82658095425078
676 0.002708269804000381 80.73623112705536 29811 8.372944718414864
784 0.0032386252679521142 108.59434385970235 33531 7.219528864347511
900 0.003745269392557575 143.10674348962493 38210 6.289011810720498
1024 0.004295917734256338 185.2571563720703 43124 5.527451786766063
1156 0.004855568280256649 236.0971520591993 48624 4.896289472014229
1296 0.005388624149704666 296.74614330008626 55069 4.367369313000347
1444 0.005854637986757135 368.3913860407192 62923 3.9197442033576513
1600 0.006616944090588559 452.2879794239998 68353 3.5375691435302805
1764 0.00728736566529352 549.7588657897431 75440 3.2086794952655606
1936 0.007939319609561285 662.1948306746781 83407 2.9236108624217194
2116 0.008697494313620888 791.054502812447 90952 2.674910505504938
2304 0.009686179748346046 937.864354133606 96825 2.456645238562695
2500 0.0101850160471298 1104.2186997656245 108416 2.2640442518593793
2704 0.010955920327316324 1291.7796980328858 117907 2.093236179603716
2916 0.011785617849770424 1502.2773504566867 127467 1.941053028000154
3136 0.012875018538111608 1737.5095017552376 134952 1.8048822160868778
3364 0.013892518777359291 1999.3418398436625 143915 1.6825536949014412
3600 0.01484885244475716 2289.707895833999 154201 1.5722529526801245
3844 0.015547576061337245 2610.609044035198 167911 1.47245333757764
4096 0.016868587748284893 2964.114501953125 175718 1.3818629466915158
4356 0.017650231030366274 3352.361330290558 189933 1.2993826055207642
4624 0.019215785625360852 3777.5544329471886 196586 1.2240723680035572
4900 0.019914587982703104 4241.966557019623 213008 1.1551246182956016
5184 0.0214122833277023 4747.93829280138 221739 1.0918423282500866
5476 0.02183395457453262 5297.878073782893 242644 1.033621371374808
5776 0.023225873499296664 5894.262176651508 253780 0.9799360508394128
6084 0.024642344700437423 6539.634721291484 265382 0.930327190934985
6400 0.02596772489578974 7236.607670783997 278677 0.8843922858825701
6724 0.02745224069383459 7987.860831407132 290973 0.8417773095848377
7056 0.02852223067950262 8796.14185263589 308396 0.8021698738163902
7396 0.029762944636849684 9664.266227142187 324708 0.7652934869724782
7744 0.03127294467390265 10595.11729079485 338795 0.7309027156054299
8100 0.03280787679875585 11591.64622265962 353319 0.6987790900800553
8464 0.0340241239714276 12656.872044999152 371997 0.6687276263762345
8836 0.03541669437054339 13793.881623273017 389474 0.6405738603042608
9216 0.03780272544001072 15005.829666137695 396951 0.6141613096406737
9604 0.038401574916924905 16295.938725446584 424356 0.5893492950487764
10000 0.040073533425989544 17667.49919624999 440877 0.5660110629648448
10404 0.04222695335615411 19123.869316795142 452883 0.5440321635571366
10816 0.04300816147567409 20668.475168526173 480571 0.523309044900929
11236 0.04448213555167716 22304.810676084133 501433 0.5037478310473877
11664 0.046136348137874816 24036.437607306987 520987 0.4852632570000385
12100 0.04838206189815505 25866.985573229613 534640 0.4677777379874751
12544 0.05062885433372209 27800.1520280838 549097 0.45122055402171946
12996 0.05227231321185083 29839.702269298257 570851 0.4355271337064057
13456 0.05460295608050204 31989.4694374986 585856 0.4206384237253603
13924 0.055940831855073314 34253.35451650736 612314 0.4065003324941431
14400 0.05822867259095653 36635.32633334398 629163 0.39306323817003114
14884 0.05922847724001633 39139.42155822483 660821 0.38028155265039293
15376 0.06159584605893768 41769.74470456317 678126 0.36811333439441
15876 0.06349413420315798 44530.468128969194 701332 0.3565199439183956
16384 0.06588293676634022 47425.83203125 719850 0.34546573667287894
16900 0.06754967075909442 50460.1444544096 747008 0.3349177887365946
17424 0.06887879999621038 53637.781284648925 778727 0.32484565138019106
17956 0.07160560072728643 56963.18625136581 795513 0.3152211310786617
18496 0.07509003583889297 60440.87092715502 804912 0.3060180920008893
19044 0.07590749560528146 64075.41472780821 844125 0.29721227838943753
19600 0.07717797048300742 67871.46491231397 879415 0.2887811545739004
20164 0.07994361678790701 71833.73658285779 898555 0.28070376064513236
20736 0.08348482079765052 75967.01268482208 909950 0.27296058206252166
21316 0.08462368586826846 80276.14400678617 948625 0.2655334316780094
21904 0.08568441473768479 84766.04918052629 989282 0.258405342843702
22500 0.08883206025150947 89441.71468101558 1006863 0.25156047242881996
23104 0.09080939947408702 94308.19482642412 1038529 0.2449840127098532
23716 0.09338965791619218 99370.61177811888 1064043 0.23866211121809955
24336 0.0967470461013439 104634.15554066375 1081523 0.23258179773374624
24964 0.0995997018106568 110104.08396181953 1105466 0.22673091770743664
25600 0.10201223481261437 115785.72273254395 1135018 0.22109807147064253
26244 0.1047611411270463 121684.46538699162 1161542 0.21567255866668375
26896 0.10776030847947132 127805.7733025141 1186019 0.2104443273962094
27556 0.10978130974700935 134155.17569965986 1222022 0.2054039276255062
28224 0.11189391941390069 140738.26964217424 1257783 0.20054246845409754
28900 0.11550207860224034 147560.72003699956 1277559 0.19585157888056914
29584 0.1166733641998017 154628.259634275 1325309 0.19132337174311956
30276 0.11768654481906035 161946.68902733666 1376085 0.1869504105446046
30976 0.12240323929793478 169521.8766527176 1384946 0.18272567890135746
31684 0.12535073572991864 177359.75879014772 1414908 0.17864255238127916
32400 0.12855591954096438 185466.3395625539 1442690 0.17469477252001384
33124 0.13138190258718002 193847.69093605992 1475452 0.17087642282479315
33856 0.13358229169771546 202509.95271998644 1515994 0.16718190659405863
34596 0.13459103035522385 211459.33256685105 1571125 0.16360592639751556
35344 0.13844682956797616 220702.10597236827 1594129 0.1601434650760652
36100 0.14199500478905897 230244.61627544952 1621498 0.15678976813430606
36864 0.14777617078393923 240093.27465820312 1624709 0.15354032741016843
37636 0.14895883105664162 250254.56014593435 1680025 0.1503908659169
38416 0.1504263350965209 260735.01960714534 1733307 0.1473373237621941
39204 0.15244096841921978 271541.2677535352 1781288 0.1443758450578627
40000 0.15429582855411783 282679.98713999987 1832065 0.1415027657412112
40804 0.161419204040465 294157.9281646323 1822323 0.13871460223626234
41616 0.1653874912470372 305981.9090687223 1850091 0.13600804088928414
42436 0.16575096727675115 318158.81593675655 1919499 0.13337992811877766
43264 0.1678841105483181 330695.60269641876 1969785 0.13082726122523225
44100 0.1698469995292072 343599.29111858946 2022993 0.1283471798106224
44944 0.17350141586940132 356876.9708173461 2056911 0.12593695776184693
45796 0.17848029404254365 370535.79924996314 2076060 0.1235939957561457
46656 0.1814763283332705 384583.0017169118 2119191 0.12131581425000962
47524 0.18461437130245106 399025.8713618603 2161402 0.11910004691626228
48400 0.18918044820937052 413871.7691716738 2187709 0.11694443449686877
49284 0.1953986759551593 429128.1239764143 2196167 0.11484681904164533
50176 0.1985112773021094 444802.4324493408 2240691 0.11280513850542986
51076 0.20106919036866686 460902.25910690916 2292257 0.11081742167844875
51984 0.20516247475784197 477435.2363087721 2327108 0.10888178342660143
52900 0.20929990138776303 494409.0642577794 2362204 0.10699642022019752
53824 0.2136673169245062 511831.5109999776 2395460 0.10515960593134008
54756 0.21551691814204643 529710.4124246102 2457860 0.10336968788166499
55696 0.21893825038494913 548053.6722641177 2503234 0.10162508312353577
56644 0.2221850895859888 566869.2620941375 2551338 0.0999242749390659
57600 0.22775727037717153 586165.2213335037 2573640 0.09826580954250778
58564 0.22980162499336235 605949.6572442476 2636838 0.09664829297261882
59536 0.23211724678856507 626230.7449315973 2697907 0.09507038816259823
60516 0.23346070288400503 647016.7273439777 2771416 0.09353081217609308
61504 0.24131693705327756 668315.9152730107 2769453 0.0920283335986025
62500 0.24444482958256217 690136.6873535153 2823282 0.09056177007437517
63504 0.24935751778466791 712487.4900635071 2857293 0.0891299859795989
64516 0.25383091295513804 735376.8377241988 2897113 0.0877318902233314
65536 0.25767486556182184 758813.3125 2944848 0.08636643416821974
66564 0.25940762310955456 782805.5643985171 3017666 0.08503260966360869
67600 0.26353703555975627 807362.3112705536 3063563 0.08372944718414865
68644 0.2659123541014475 832492.3388101098 3130702 0.08245601406748512
69696 0.2699873597232008 858204.5005543828 3178684 0.08121141284504776
70756 0.27373758184087055 884507.7178837669 3231225 0.07999477966036023
71824 0.27961672048017566 911410.980021853 3259501 0.07880528276966542
72900 0.285476061542423 938923.3440354292 3288974 0.07764212112000615
73984 0.2936528175234697 967053.9348344803 3293188 0.07650452300022233
75076 0.2954717655968494 995811.9451721881 3370244 0.07539174476062188
76176 0.29226993104245536 1025206.6356449313 3507739 0.07430306959735938
77284 0.29885276913307857 1055247.3346922856 3530994 0.0732378063978113
78400 0.3040974189008976 1085943.4385970235 3571038 0.0721952886434751
79524 0.30634084705394227 1117304.4114851144 3647259 0.0711748733671401
80656 0.3119452423349634 1149339.7853257246 3684428 0.07017594016128309
81796 0.3237730546462169 1182059.1599312176 3650888 0.0691978902348336
82944 0.32727509263999327 1215472.2029571533 3713916 0.06824014551563042
84100 0.32885123396711696 1249588.649902289 3799860 0.06730214779605766
85264 0.33010429186225837 1284418.3041085787 3890947 0.06638335791950235
86436 0.3300761034064034 1319971.0367611733 3998990 0.0654832550054196
87616 0.3323358090167052 1356256.7868884206 4080983 0.0646013357109255
88804 0.33272276485903624 1393285.5613618654 4187527 0.06373711352696329
90000 0.3438575624305738 1431067.4348962493 4161803 0.06289011810720499
91204 0.35061691446139537 1469612.550049511 4191505 0.062059894627959834
92416 0.3549024084891606 1508931.117222786 4251679 0.0612460031774633
93636 0.35992593786924876 1549033.4146604065 4303756 0.06044801817301517
94864 0.3647001856497448 1589929.788449902 4359553 0.05966552780452489
96100 0.37105106780287334 1631630.6525219989 4397321 0.058898133503105604
97344 0.37804694386869414 1674146.48865062 4428409 0.05814544943343656
98596 0.3870006184061017 1717487.8464528855 4437946 0.05740710200868644
99856 0.3918222469178422 1761665.3433891125 4496083 0.05668272942685916
101124 0.39550722603581034 1806689.6647628148 4568032 0.055971981227487526
102400 0.3997311415579835 1852571.5637207031 4634544 0.05527451786766063
103684 0.40490818653248306 1899321.8612526853 4690747 0.0545900103164273
104976 0.40935123804859397 1946951.446191866 4756188 0.05391813966667094
106276 0.4180904452784006 1995471.2752145466 4772822 0.053258596763600896
107584 0.422057008319032 2044892.3728402257 4845062 0.05261108184905235
108900 0.42363748131122975 2095225.8314315986 4945799 0.05197530422083057
110224 0.4289860621271439 2146482.8111945577 5003619 0.05135098190637655
111556 0.43140914298516764 2198674.540178192 5096495 0.05073784135007036
112896 0.43741175070479044 2251812.314274788 5148038 0.050135617113524385
114244 0.44758589873551485 2305907.497219828 5151877 0.049544051588253646
115600 0.45135661360922424 2360971.520591993 5230834 0.048962894720142286
116964 0.45421717937178974 2417015.8838131586 5321278 0.048391903745156194
118336 0.45650694196033303 2474052.1541484 5419528 0.04783084293577989
119716 0.4595212200001318 2532091.9667059863 5510283 0.047279483357683595
121104 0.4617718816728821 2591147.0244373865 5611314 0.04673760263615115
122500 0.4691812261856711 2651229.098137264 5650757 0.04620498473182407
123904 0.47855843110318036 2712350.0264434814 5667751 0.045681419725339366
125316 0.4833071284912933 2774521.715837096 5740701 0.04516670361046035
126736 0.49087481489287244 2837756.1406423636 5781018 0.04466063809531979
128164 0.4958541652651788 2902065.343026736 5852659 0.04416303041141388
129600 0.5019756076438071 2967461.4330008626 5911565 0.04367369313000346
131044 0.5092987957141388 3033956.588418589 5957125 0.04319244398559605
132496 0.511791856342948 3101563.054976959 6060204 0.04271910570619829
133956 0.5160645893948296 3170293.146216211 6143210 0.042253505850043664
135424 0.5214275668939029 3240159.243519783 6214016 0.04179547664851466
136900 0.5242734572134417 3311173.796114308 6315738 0.04134485485499232
138384 0.5275516010964107 3383349.321069617 6413305 0.04090148159937889
139876 0.5228128428827328 3456698.4032987365 6611732 0.04046520224805148
141376 0.5235659816365036 3531233.6955578923 6744582 0.0400358662690163
142884 0.5350354026071904 3606967.9184465045 6741550 0.03961332710204396
144400 0.5506509627435244 3683913.8604071923 6690107 0.039197442033576516
145924 0.5592328095103968 3762084.3777257698 6727224 0.03878807207620713
147456 0.5715535238700878 3841492.39453125 6721142 0.03838508185254211
148996 0.5776581418674755 3922150.902795841 6789744 0.037988339483264306
150544 0.5792107576073114 4004072.9623349495 6912981 0.037597716479225
152100 0.5765123169384305 4087271.7008071775 7089652 0.0372130876373994
153664 0.5795231153288539 4171760.3137143254 7198609 0.036834330940548526
155236 0.5872592527755525 4257552.064401389 7249868 0.03646132746043733
156816 0.5948494583306607 4344660.284056563 7303798 0.03609396126446567
158404 0.5957221262805102 4433098.371711236 7441554 0.03573211932557542
160000 0.5997258391432349 4522879.794239998 7541579 0.0353756914353028
161604 0.6126203393086327 4614018.086360631 7531611 0.035024570119851293
163216 0.6222349736543681 4706526.850634117 7563906 0.034678650559065584
164836 0.6331274430106051 4800419.757464633 7582075 0.03433783050819268
166464 0.6374272852584867 4895710.545099556 7680422 0.034002010222321036
168100 0.6416502490403941 4992413.019629457 7780583 0.03367109238339351
169744 0.6397225551734237 5090541.054988105 7957420 0.033344982029694416
171396 0.6437551589821767 5190108.592952465 8062240 0.033023586487715285
173056 0.6474760546978064 5291129.6431427 8171931 0.03270681530630806
174724 0.649639810179756 5393618.28302217 8302475 0.032394580193038446
176400 0.6539229759429728 5497588.657897431 8407089 0.0320867949526556
178084 0.6583606078053139 5603054.980918237 8510617 0.03178337542759849
179776 0.6697321934121397 5710031.533077538 8525843 0.031484239440461734
181476 0.6833160676037521 5818532.663211481 8515141 0.03118930673834804
183184 0.6890741493260512 5928572.78799941 8603679 0.030898498939036425
184900 0.6979776184115722 6040166.391963867 8653811 0.030611739478899128
186624 0.7061230708703657 6153328.027470589 8714243 0.030328953562502405
188356 0.7108545505766396 6268072.314728511 8817658 0.03005006811382939
190096 0.7193411629236759 6384413.941789765 8875363 0.02977501172906557
191844 0.7305095374917909 6502367.6645496795 8901140 0.029503714630889934
193600 0.7401726896888156 6621948.306746781 8946491 0.029236108624217192
195364 0.7541260891900435 6743170.759962791 8941702 0.028972127053338632
197136 0.7659866456034102 6866049.983622629 8963668 0.028711704760411332
198916 0.7718068304877468 6990601.004994412 9057449 0.028454778045247486
200704 0.7771152047979627 7116838.919189453 9158023 0.028201284626357466
202500 0.7802537845253733 7244778.889162262 9285157 0.027951163603202215
204304 0.788082737777991 7374436.1457105465 9357439 0.02770435541961219
206116 0.7939617300172632 7505825.98747521 9453637 0.027460801828331854
207936 0.8033061775095659 7638963.780940354 9509405 0.027220445856650358
209764 0.808119439969246 7773864.960433275 9619698 0.026983231773080457
211600 0.8193164128142688 7910545.02812447 9655055 0.02674910505504938
213444 0.8310150235905511 8049019.554027629 9685769 0.026518012357566616
215296 0.8352019898057579 8189304.175999641 9805178 0.02628990148283502
217156 0.8379235736009573 8331414.599740592 9942929 0.02606472135077294
219024 0.844451540620872 8475366.598793764 10036534 0.025842421970416248
220900 0.8502056254974071 8621176.014545636 10140107 0.02562295441217043
222784 0.8548989017483041 8768858.756225884 10257188 0.025406270780883942
224676 0.862686268397326 8918430.800907383 10337977 0.025192324189715183
226576 0.8700490583620043 9069908.1935062 10424594 0.024981068734766475
228484 0.8830610673205236 9223307.046781605 10444699 0.02477245947045941
230400 0.8906270960859786 9378643.54133606 10530382 0.024566452385626946
232324 0.8949137208994046 9535933.925615227 10655702 0.02436300438029841
234256 0.8982755970895493 9695194.515907962 10793118 0.024162073243154704
236196 0.9009343572544014 9856441.696346322 10940244 0.023963617629631527
238144 0.9060696887496646 10019691.918905556 11058412 0.023767597040649558
240100 0.9086856041625823 10184961.703404116 11208455 0.023573971801951053
242064 0.9118395532862407 10352267.637503643 11353168 0.02338270304402327
244036 0.9187018145056645 10521626.376708983 11452711 0.023193752682589653
246016 0.9396463022051716 10693054.644368172 11379872 0.023007083399650626
248004 0.9460539993606634 10866569.231672449 11486204 0.022822658625056242
250000 0.9427052054559053 11042186.997656245 11713298 0.022640442518593793
252004 0.9564066478376491 11219924.869197192 11731333 0.02246039995257396
254016 0.9570103279191438 11399799.841016114 11911888 0.022282496494899724
256036 0.9638075817939566 11581828.975677038 12016744 0.02210669839260279
258064 0.9875527540018768 11766029.403587181 11914330 0.02193297255583285
260100 0.994053215165315 11952418.322996965 12023922 0.02176128654228546
262144 1 12141013 12141013 0.021591608542054934
