4 0.027518888349980737 20.58412848578559 748 0.1943244768784944
16 0.17011676434533546 164.67302788628473 968 0.0971622384392472
36 0.27793546268835584 478.8828022120371 1723 0.07517496939482933
64 0.3460729132461325 988.0381673177083 2855 0.06477482562616481
100 0.3654285737799402 1709.4748681425604 4678 0.058497496432138585
144 0.4236261894971185 2656.55983433643 6271 0.0542054419926021
196 0.46111708242368804 3840.183062424474 8328 0.05103923349848242
256 0.4902806933718935 5269.536892361111 10748 0.0485811192196236
324 0.5002933030487181 6952.576032468036 13897 0.04660143211479357
400 0.5264401633912539 8896.3123211488 16899 0.04496245023335097
484 0.5216030394854981 11107.015122804198 21294 0.0435760638343134
576 0.5548215488589037 13590.353839298845 24495 0.04238300244504282
676 0.5485056828535145 16351.502911546122 29811 0.04134176556472145
784 0.5784265734070523 19395.22143291187 33531 0.04042232787657818
900 0.5947635425093487 22725.914959282214 38210 0.039602365916290745
1024 0.6109749666497902 26347.684461805555 43124 0.038864895375698885
1156 0.6224162092914306 30264.36576058652 48624 0.038196736358026256
1296 0.6261156323751417 34479.561759266675 55069 0.037587484697414665
1444 0.6197522230935135 38996.66913371315 62923 0.03702880353829098
1600 0.6410677026452304 43818.900678909435 68353 0.03651392379111189
1764 0.6488507980909151 48949.30420797863 75440 0.03603728446281922
1936 0.6521128763573443 54390.77867833701 83407 0.035594268864017536
2116 0.6612948375232534 60146.088062414936 90952 0.03518100791200551
2304 0.6838923146398953 66217.87336500786 96825 0.03479423126894807
2500 0.6697227632776714 72608.66310351202 108416 0.03443115315917553
2704 0.6727410798559504 79320.88250257555 117907 0.03408938371193993
2916 0.6774840672899624 86356.86160524964 127467 0.03376685935310479
3136 0.6944605671979918 93718.84246450338 134952 0.03346178759290353
3364 0.7046450025995045 101408.98554910769 143915 0.03317260282000326
3600 0.7096541233476817 109429.37547433587 154201 0.032897930600401686
3844 0.7014550931694337 117782.02614917277 167911 0.03263655861320906
4096 0.7197264105934887 126468.88541666666 175718 0.032387412813082404
4356 0.71336649898582 135491.83925187375 189933 0.03214953774376311
4624 0.7368414616092408 144852.71557191422 196586 0.031922080174633306
4900 0.7255750380479136 154553.28770450997 213008 0.03170427541708655
5184 0.7422928648304756 164595.27755464482 221739 0.03149543581697803
5476 0.7211402651761324 174980.35850339747 242644 0.0312949410255876
5776 0.7317761764848568 185710.15806832697 253780 0.031102229733038507
6084 0.7415207525411274 196786.26035086947 265382 0.03091679261119268
6400 0.7471381143506449 208210.20829289468 278677 0.030738166262227425
6724 0.7560272113280742 219983.50576176372 290973 0.030565928007720327
7056 0.7526285019288198 232107.6194808403 308396 0.030399691383601685
7396 0.7532428545658341 244583.98082036283 324708 0.03023910223062428
7744 0.759792758044921 257413.987461829 338795 0.030083835289441408
8100 0.7658773090253636 270599.00494753243 353319 0.029933591225032564
8464 0.763824353759794 284140.36812558206 371997 0.02978809401788045
8836 0.7652356319025059 298039.38249959657 389474 0.02964708866960547
9216 0.7867402412168795 312297.3254912815 396951 0.029510339179184823
9604 0.7703801704776819 326915.4476232272 424356 0.0293776267528009
10000 0.7754883417109808 341894.97362851206 440877 0.029248748216069292
10404 0.7888066089763339 357237.103493029 452883 0.0291235146021248
10816 0.776041445355351 372943.0134358664 480571 0.029001749892976575
11236 0.7758042586597944 389013.8568325567 501433 0.02888328989482838
11664 0.7782358582566347 405450.7650855493 520987 0.02876798123081336
12100 0.7897928483574991 422254.84844585333 534640 0.028655680436909442
12544 0.8002724414619586 439427.1967894371 549097 0.02854625314875716
12996 0.8005046506910672 456968.8803516464 570851 0.028439573368758343
13456 0.8105762344716338 474880.95042261353 585856 0.02833552280424183
13924 0.805411014620561 493164.44000637415 612314 0.02823399026868205
14400 0.8134940618665937 511820.3644461717 629163 0.028134871138982304
14884 0.8033184811291203 530849.7220182264 660821 0.028038066862713675
15376 0.8114325280199415 550253.4944960509 678126 0.027943484509956807
15876 0.8127857386904249 570032.647687233 701332 0.02785103636504498
16384 0.819876546425567 590188.1319444444 719850 0.027760639554070633
16900 0.8175560136602308 610720.8826523017 747008 0.027672215704504708
17424 0.8111081556072629 631631.820691577 778727 0.02758569063370235
17956 0.8207557298022071 652921.8528821432 795513 0.027500994063436836
18496 0.8380939436931358 674591.8724059294 804912 0.027418059357925684
19044 0.8252838847458337 696642.7592110769 844125 0.027336823283093694
19600 0.8176746819173986 719075.3803983891 879415 0.02725722578506445
20164 0.8256485029754418 741890.5905910981 898555 0.02717920978608776
20736 0.8408035961194481 765089.2322888918 909950 0.027102720996301052
21316 0.8313845157012357 788672.1362070848 948625 0.027027707739890248
21904 0.8214443622766329 812640.1216017519 989282 0.026954120794363667
22500 0.8312888611276682 836993.9965815874 1006863 0.02688191324178366
23104 0.8297645596870242 861734.5584072056 1038529 0.026811040330916372
23716 0.8334837913303731 886862.5937785442 1064043 0.02674145934936348
24336 0.8436056182910558 912378.8791109975 1081523 0.0266731295048308
24964 0.8487680134901092 938284.180800857 1105466 0.026606011814770646
25600 0.8498360867233881 964579.2554806065 1135018 0.026540069003707395
26244 0.8534042249566374 991264.8502645824 1161542 0.026475265407620487
26896 0.8586217446646952 1018341.7029854772 1186019 0.026411566884817612
27556 0.8558033672242685 1045810.5424221351 1222022 0.02634894073278254
28224 0.8536226745941585 1073672.0885190645 1257783 0.026287355610528983
28900 0.8625253726818581 1101927.052598062 1277559 0.026226781466033706
29584 0.853066068035697 1130576.1375623215 1325309 0.026167189468360084
30276 0.8426950646895952 1159620.0380933816 1376085 0.02610855194411701
30976 0.8585601466347708 1189059.4408412392 1384946 0.026050842317929045
31684 0.8614659218888786 1218895.0246079494 1414908 0.025994035056621036
32400 0.8658322027081307 1249127.460524993 1442690 0.025938105616846077
33124 0.8673663475495681 1279757.4122247053 1475452 0.02588303039590752
33856 0.864637680628035 1310785.5360060174 1515994 0.025828786685547146
34596 0.8543002504541417 1342212.4809947633 1571125 0.02577535262848966
35344 0.8619370761706159 1374038.8892987878 1594129 0.025722707177550902
36100 0.8672631086551312 1406265.396158078 1621498 0.02567083005713241
36864 0.8856309838193338 1438892.630090126 1624709 0.025619701726939136
37636 0.8761305415280879 1471921.213030726 1680025 0.02556930334776985
38416 0.8684853637990231 1505351.7604703933 1733307 0.025519616749241216
39204 0.8640853593504182 1539184.8815865878 1781288 0.025470624399317528
40000 0.8588238841809127 1573421.1793719039 1832065 0.02542230937552757
40804 0.8824238352687224 1608061.250758404 1822323 0.025374655337758907
41616 0.888121550095768 1643105.6867382296 1850091 0.025327646502528372
42436 0.8744756170650039 1678555.0724806578 1919499 0.025281267618634536
43264 0.8703538647343353 1714409.9874457226 1969785 0.025235503944105273
44100 0.8653865858629015 1750671.0054945487 2022993 0.02519034122435937
44944 0.8689431360892688 1787338.694996514 2056911 0.0251457656715073
45796 0.8787865567148178 1824413.6189333645 2076060 0.02510176394472128
46656 0.8785882608034862 1861896.3350004007 2119191 0.025058323131609772
47524 0.8789606911184645 1899787.3957048315 2161402 0.025015430730536213
48400 0.8858981466280107 1938087.3484614186 2187709 0.02497307463382551
49284 0.9001122117241048 1976796.7356854922 2196167 0.024931243111806247
50176 0.8996850056002558 2015916.0948834426 2240691 0.02488992479763951
51076 0.8966908853330073 2055445.9587407834 2292257 0.02484910867288888
51984 0.9004252725734495 2095386.8552078549 2327108 0.024808784053789137
52900 0.9041299174767604 2135739.3075832734 2362204 0.024768940578173727
53824 0.9085953572988841 2176503.834595185 2395460 0.02472956819302407
54756 0.9022812326497097 2217680.9504804155 2457860 0.02469065714260576
55696 0.9025409390658544 2259271.165061575 2503234 0.02465219795715936
56644 0.9019874998225254 2301274.9838222023 2551338 0.02461418144211502
57600 0.9106529693274892 2343692.907979999 2573640 0.02457659866780275
58564 0.9050709351724411 2386525.434558229 2636838 0.02453944095963126
59536 0.9006140895350869 2429773.056455338 2697907 0.024502699888710507
60516 0.8924810503052799 2473436.2625128576 2771416 0.024466367262894216
61504 0.9090298833674529 2517515.5375816426 2769453 0.02443043511822037
62500 0.9074585403039798 2562011.3625865006 2823282 0.02439489571072885
63504 0.9123755297721531 2606924.2145892647 2857293 0.02435974150863661
64516 0.9154819183270916 2652254.5668503554 2897113 0.024324965184852144
65536 0.9161772997753667 2698002.888888889 2944848 0.0242905596098118
66564 0.9093682490180702 2744169.646541364 3017666 0.024256517844621767
67600 0.9109508444967453 2790755.302018983 3063563 0.024222833134490335
68644 0.9064293931404656 2837760.313963642 3130702 0.024189498902436015
69696 0.9076665492709046 2885185.1375026363 3178684 0.024156508743257837
70756 0.9077146358740472 2933030.224302118 3231225 0.024123856417754986
71824 0.9146479852650266 2981296.022619339 3259501 0.024091535847183702
72900 0.9212547673997196 3029982.977353725 3288974 0.024059541107939873
73984 0.9349880814872421 3079091.530096808 3293188 0.024027866426456608
75076 0.9283073033231577 3128622.1191810523 3370244 0.023996506174306497
76176 0.9061606863360153 3178575.179727608 3507739 0.023965454863498936
77284 0.9144595385019136 3228951.143693026 3530994 0.023934707141963288
78400 0.9184305627425287 3279750.439914954 3571038 0.0239042577892094
79524 0.913281314586339 3330973.494156856 3647259 0.023874101712157064
80656 0.9180857189099022 3382620.7291517733 3684428 0.02384423394112686
81796 0.9407827806947681 3434692.5646451605 3650888 0.023814649625984903
82944 0.9389521511624974 3487189.4174368177 3713916 0.023785344032434628
84100 0.9316426661566332 3540111.701421944 3799860 0.023756312538448957
85264 0.9235437613597268 3593459.827631345 3890947 0.02372755063083657
86436 0.9120388408750222 3647234.2042708048 3998990 0.023699053901936423
87616 0.9069959950236633 3701435.2367596547 4080983 0.023670818046434772
88804 0.8969645635164998 3756063.3277685577 4187527 0.02364283885829945
90000 0.9157374525551847 3811118.877256525 4161803 0.023615112227826245
91204 0.9224854276703004 3866602.2825072026 4191505 0.023587634138792526
92416 0.9225799826761175 3922513.9381644125 4251679 0.023560400665713677
93636 0.9245073922097387 3978854.236267016 4303756 0.02353340797119772
94864 0.9256966405232526 4035623.5662830677 4359553 0.023506652303394254
96100 0.9307535918217755 4092822.3151433216 4397321 0.023480129993533518
97344 0.9372329582190959 4150450.8672740683 4428409 0.023453837453552017
98596 0.9483012196699454 4208509.6046293555 4437946 0.02342777117380094
99856 0.9490480728942458 4266998.906722579 4496083 0.023401927720834118
101124 0.946998434042817 4325919.150657478 4568032 0.023376303735272212
102400 0.9462140635968798 4385270.711158537 4634544 0.023350895929740018
103684 0.9476217669810011 4445053.96060083 4690747 0.023325701086873922
104976 0.9472437315428421 4505269.269039287 4756188 0.023300716057396784
106276 0.9566493374857549 4565917.004237436 4772822 0.023275937758257478
107584 0.9549924297554084 4626997.531695599 4845062 0.023251363170832515
108900 0.947978519684803 4688511.214678579 4945799 0.023226989339187418
110224 0.9494045038686694 4750458.414242848 5003619 0.023202813368395324
111556 0.9443430218735072 4812839.48926322 5096495 0.02317883242291085
112896 0.9470899003579752 4875654.79645907 5148038 0.02315504372499677
114244 0.9586612200601968 4938904.690420067 5151877 0.023131444553201784
115600 0.9563655668735525 5002589.523631452 5230834 0.023108032240887175
116964 0.952160298052248 5066709.64649887 5321278 0.02308480417480068
118336 0.9468103877999647 5131265.407372767 5419528 0.02306175779369569
119716 0.9430109401953325 5196257.152572357 5510283 0.02303889058699409
121104 0.937692174490533 5261685.226409171 5611314 0.023016200093491195
122500 0.9428028795452008 5327549.9712102 5650757 0.02299368390010109
123904 0.9516740815432173 5393851.727340652 5667751 0.022971339640640954
125316 0.9512062783319131 5460590.833226291 5740701 0.022949164994653024
126736 0.9561927718224419 5527767.625375429 5781018 0.02292715768626263
128164 0.9560410812248796 5595382.438400523 5852659 0.02290531548307117
129600 0.9580264456263995 5663435.605039426 5911565 0.022883636195082647
131044 0.9621969416750972 5731927.456176263 5957125 0.02286211767366273
132496 0.9572051239301489 5800858.320861984 6060204 0.022840757810528915
133956 0.9555637079530983 5870228.526334553 6143210 0.022819554536770967
135424 0.9559097366403349 5940038.398038827 6214016 0.02279850582190038
136900 0.9516367302833162 6010288.259646091 6315738 0.022777609672927936
138384 0.9481816993068768 6080978.43307329 6413305 0.022756864133468332
139876 0.9304837580382789 6152109.2385019455 6611732 0.022736267282870967
141376 0.922767488688959 6223680.994396756 6744582 0.02271581723537602
142884 0.9338644699696549 6295694.017523927 6741550 0.022695512139294813
144400 0.9518754517632038 6368148.622969172 6690107 0.02267535017621385
145924 0.9574595887033746 6441045.12415547 6727224 0.022655329560221503
147456 0.9692376433737755 6514383.832860504 6721142 0.02263544853715677
148996 0.9703112605179017 6588165.05923386 6789744 0.022615705383879196
150544 0.9637505313285153 6662389.111813931 6912981 0.022596098407559422
152100 0.9502661481190579 6737056.297544574 7089652 0.022576625944989537
153664 0.9463171179031273 6812166.921791513 7198609 0.022557286361912624
155236 0.9500478199545805 6887721.288358475 7249868 0.022538078052370906
156816 0.9534381563541446 6963719.699503089 7303798 0.022518999438071858
158404 0.9460607899845319 7040162.455952553 7441554 0.022500048967771656
160000 0.9437081885529596 7117049.85691904 7541579 0.022481225116675486
161604 0.9552248781986882 7194382.2001149 7531611 0.0224625263858541
163216 0.9614291586605666 7272159.781767611 7563906 0.022443951301676132
164836 0.9694421245680794 7350382.896634521 7582075 0.022425498415255693
166464 0.9672713085319232 7429051.838017371 7680422 0.022407166301914663
168100 0.9649877005073525 7508166.897776598 7780583 0.022388953560659345
169744 0.9535412691984876 7587728.366345429 7957420 0.02237085881367099
171396 0.9510677594246479 7667736.532743773 8062240 0.02235288070580964
173056 0.9481469783080545 7748191.684591918 8171931 0.022335017904131074
174724 0.9429831596149347 7829094.108124006 8302475 0.022317269097416312
176400 0.9409254604300419 7910444.08820134 8407089 0.022299632995713324
178084 0.9390907743029077 7992241.908325489 8510617 0.022282108329890585
179776 0.9470603494166153 8074487.850651204 8525843 0.02226469385120211
181476 0.9579620814263858 8157182.195999157 8515141 0.022247388330863607
183184 0.9577676275310243 8240325.223868496 8603679 0.02223019055963942
184900 0.9618787852483981 8323917.212449226 8653811 0.02221309934743994
186624 0.9648524190379376 8407958.438634414 8714243 0.0221961135229292
188356 0.9631184582155746 8492449.178032227 8817658 0.022179231933142248
190096 0.9664269174092148 8577389.704977801 8875363 0.022162453443112153
191844 0.9732214404609912 8662780.292544948 8901140 0.02214577693550625
193600 0.9778829725037109 8748621.212557698 8946491 0.022129201310271403
195364 0.9880571658059838 8834912.735601697 8941702 0.02211272548428797
197136 0.9953129824794297 8921655.131035425 8963668 0.022096348391032337
198916 0.9946342140045492 9008848.66700129 9057449 0.022080068980247586
200704 0.993281367652882 9096493.61043655 9158023 0.02206388621762227
202500 0.9891690821258168 9184590.227084102 9285157 0.022047799084476863
204304 0.9909911014651678 9273138.781503119 9357439 0.022031806577457864
206116 0.9903214537515619 9362139.537079554 9453637 0.02201590770823912
207936 0.9939205193212929 9451592.7560365 9509405 0.022000101503230386
209764 0.9918709193827496 9541498.699444398 9619698 0.02198438700329274
211600 0.9975973857457211 9631857.627231153 9655055 0.021968763263460752
213444 1.0038097954010736 9722669.798192061 9685769 0.021953229352671227
215296 1.0008931474777576 9813935.469999664 9805178 0.02193778435349824
217156 0.996251195116995 9905654.899213428 9942929 0.021922427361894425
219024 0.9961435233806151 9997828.341289338 10036534 0.021907157486938236
220900 0.9951035083347071 10090456.050589321 10140107 0.02189197385058712
222784 0.9928196968204749 10183538.280390613 10257188 0.021876875587436256
224676 0.9941089328110274 10277075.282894947 10337977 0.021861861844482966
226576 0.9948653452822861 10371067.309237648 10424594 0.02184693178089643
228484 1.0019929353154775 10465514.609496633 10444699 0.021832084567792655
230400 1.0028522643054398 10560417.432701247 10530382 0.021817319388014574
232324 1.0000069471575928 10655776.026841056 10655702 0.021802635435917032
234256 0.9961524222077869 10751590.638874464 10793118 0.0217880319171567
236196 0.9915557198484115 10847861.514737265 10940244 0.02177350804848661
238144 0.9897071025524354 10944588.899351083 11058412 0.021759063057555303
240100 0.9851289081886564 11041773.036631687 11208455 0.02174469618271043
242064 0.9811723185543657 11139414.169497231 11353168 0.02173040667280669
244036 0.981209823584685 11237512.539876381 11452711 0.02171619378701797
246016 0.99615078172376 11336068.388716329 11379872 0.02170205679465368
248004 0.9955492655354847 11435081.955990747 11486204 0.02168799497497897
250000 0.9847400348482215 11534553.480707603 11713298 0.021674007617038974
252004 0.9917443483120728 11634483.200916914 11731333 0.021660094019486792
254016 0.985139497090502 11734871.353718385 11911888 0.021646253490415206
256036 0.9849355345565303 11835718.175268978 12016744 0.021632485347191983
258064 1.001904756775275 11937023.900790364 11914330 0.021618788916298752
260100 1.001236432220395 12038788.764576318 12023922 0.021605163533173242
262144 1 12141013 12141013 0.021591608542054934
