4 0.024673629551195772 21.959530300564236 890 0.18215325852835854
16 0.1702289170586375 175.67624240451389 1032 0.09107662926417927
36 0.2361909668255556 510.88106124367675 2163 0.0704664994086147
64 0.329084437847981 1054.0574544270833 3203 0.06071775284278618
100 0.3426718369784605 1823.6995163993668 5322 0.05483359462497181
144 0.42362740445366515 2834.06733579502 6690 0.05081036649385211
196 0.4528828833761211 4096.778563020392 9046 0.04784246865798307
256 0.49399294876488964 5621.639756944444 11380 0.045538314632089634
324 0.49355450812087304 7417.13714804048 15028 0.04368262222110818
400 0.5223308252974073 9490.75109565389 18170 0.04214629547951926
484 0.5190402502993541 11849.169874083955 22829 0.0408467432860918
576 0.5554107304038205 14498.44170646133 26104 0.03972840748418512
676 0.5442093586568804 17444.086782387643 32054 0.03875238689379377
784 0.5758908455841286 20691.182190992156 35929 0.03789053678824171
900 0.5890861080051333 24244.427861059266 41156 0.03712193189947597
1024 0.6161916604858432 28108.198784722223 45616 0.0364306517056717
1156 0.6121144178906399 32286.587086059695 52746 0.03580434181286146
1296 0.6209432528030104 36783.43640954473 59238 0.03523324970430735
1444 0.6105784077731761 41602.370392033125 68136 0.03470956069071792
1600 0.6337176545134785 46746.816502841255 73766 0.03422692965418838
1764 0.6499716985583487 52220.02620557485 80342 0.033780143906011306
1936 0.6453327271512974 58025.092161808905 89915 0.03336487591611687
2116 0.6590214353213733 64164.96302863018 97364 0.03297749893592003
2304 0.6733753029222777 70642.4562789703 104908 0.03261494746022701
2500 0.6749056336224487 77460.26938211569 114772 0.03227461019619445
2704 0.6572504047590836 84620.98961273201 128750 0.03195424695899749
2916 0.6714607642925192 92127.10270399081 137204 0.03165192342333027
3136 0.6852848277868016 99981.00051961099 145897 0.031365959369299194
3364 0.6942500666609424 108184.98788777465 155830 0.031094887245258412
3600 0.7036465093198372 116741.28871474486 165909 0.030837418702791025
3844 0.7001479479341592 125652.0514760039 179465 0.030592417352884198
4096 0.7249051910953506 134919.35416666666 186120 0.03035887642139309
4356 0.7087251780080804 144545.208779926 203951 0.03013590029561013
4624 0.7250373722491321 154531.56537169102 213136 0.029922689185720764
4900 0.724207474682161 164880.31576088758 227670 0.029718526298227552
5184 0.7295989001903436 175593.29690771017 240671 0.02952276704915821
5476 0.7127862126081108 186672.29400615074 261891 0.029334829944392116
5776 0.7163768891119995 198119.04332214725 276557 0.02915418883084378
6084 0.7391643275033254 209935.23480451197 284017 0.02898036628136918
6400 0.7391173899331427 222122.51449226777 300524 0.02881292792236416
6724 0.7479109410901342 234682.48673902667 313784 0.02865147754922706
7056 0.7559915499299159 247616.71627249473 327539 0.02849565290347799
7396 0.7466612013604147 260926.7301050078 349458 0.02834512200809607
7744 0.7538935524503805 274614.01930912805 364261 0.028199579975859566
8100 0.7676251982235124 288680.04067071807 376069 0.028058746220142174
8464 0.7647036133737507 303126.21823051467 396397 0.027922362009489676
8836 0.752746133269588 317953.9447240078 422392 0.02779018831695853
9216 0.7750789420592056 333164.5829283813 429846 0.02766200392309142
9604 0.769063360113308 348759.4669243436 453486 0.02753760373788906
10000 0.7835494176758891 364739.90327987337 465497 0.0274167973124859
10404 0.7796026007310907 381107.17216219223 488848 0.027299407515669234
10816 0.7648584299675374 397862.52838365367 520178 0.027185269354067624
11236 0.7680411633061878 415007.20238668204 540345 0.02707422891791377
11664 0.7746089300921892 432542.40117240854 558401 0.02696614243686784
12100 0.7860125756223801 450469.30917721544 573107 0.026860875432558797
12544 0.7918935261890306 468789.0891010133 591985 0.026758301956334687
12996 0.7922174363032221 487502.88269073225 615365 0.026658303902265444
13456 0.7991756212667833 506611.81148219673 633918 0.026560770386761638
13924 0.8035301302670824 526116.9775032841 654757 0.026465597187296783
14400 0.8072780529339826 546019.4639410108 676371 0.026372686233682878
14884 0.7943349885826 566320.3357749761 712949 0.026281945146172655
15376 0.8033180389593968 587020.6403793844 730745 0.02619328681537105
15876 0.8036248509635568 608121.4080956957 756723 0.026106629019548855
16384 0.8245691051977304 629623.6527777778 763579 0.026021894075479793
16900 0.8142211589696647 651528.3723113001 800186 0.02593900851937908
17424 0.8049375294715174 673836.549108962 837129 0.0258579028149191
17956 0.8139101041392945 696549.1505830331 855806 0.025778511085643094
18496 0.8234705308310065 719667.1295965732 873944 0.02570077086939955
19044 0.8143903123413448 743191.4248945904 912574 0.025624622892683514
19600 0.8251837127275371 767122.9615163149 929639 0.025550010863001855
20164 0.8302023850848883 791462.6511896722 953337 0.02547688127758254
20736 0.8298626330221806 816211.3927089657 983550 0.025405183246926057
21316 0.817265639524573 841370.0722967107 1029494 0.025334868331854422
21904 0.8128119760306816 866939.5639504928 1066593 0.025265890392851934
22500 0.8157857406408509 892920.7297756652 1094553 0.025198205450614675
23104 0.813893267097332 919314.4203046481 1129527 0.025131771556834333
23716 0.8271058986265649 946121.4748035358 1143894 0.025066548674338756
24336 0.8405217876402009 973342.7215666807 1158022 0.02500249856579712
24964 0.8403325958510294 1000978.9781998707 1191170 0.024939584690274394
25600 0.8384811741744853 1029031.0518926822 1227256 0.024877772106987717
26244 0.8441318966834633 1057499.7396805556 1252766 0.02481702738567828
26896 0.8480836515357278 1086385.8286971005 1280989 0.0247573185230668
27556 0.851864311643787 1115690.0964171144 1309704 0.02469861486490945
28224 0.8560388082042155 1145413.3108907603 1338039 0.024640887033215004
28900 0.8535706160439875 1175556.2309693326 1377222 0.024584106858223043
29584 0.845207536403392 1206119.6065230044 1427010 0.024528247314778845
30276 0.8458884045446663 1237104.1786509336 1462491 0.02447328246277212
30976 0.8506660621528083 1268510.6798840812 1491197 0.024419187391335674
31684 0.8537292864761145 1300339.8343810777 1523129 0.024365938166526
32400 0.8688623016294637 1332592.3581174426 1533721 0.024313511782231425
33124 0.8671005924772522 1365268.959068468 1574522 0.024261886114074344
33856 0.8622734047918322 1398370.3373860342 1621725 0.024211039876093788
34596 0.8574737832337637 1431897.1855696284 1669902 0.024160952580011698
35344 0.8481623712043266 1465850.1886318168 1728266 0.024111604496902302
36100 0.8622675678807489 1500230.024258407 1739866 0.024062976621098443
36864 0.8743114540348492 1535037.362963525 1755710 0.024015050636181777
37636 0.8649534759247715 1570272.8682398188 1815442 0.0239678088829158
38416 0.867581280420687 1605937.1967039932 1851051 0.02392123432899154
39204 0.8732340202987809 1642030.9982378683 1880402 0.023875310540465704
40000 0.8796816773438075 1678554.9161251355 1908139 0.023830021654780355
40804 0.8833903395505869 1715509.5871839973 1941961 0.023785352355261167
41616 0.8765889517691544 1752895.6418958392 1999678 0.023741287846999456
42436 0.8665065177563553 1790713.7045301064 2066590 0.023697813834029628
43264 0.8596765284305204 1828964.3932655174 2127503 0.02365491649772058
44100 0.8613612810262696 1867648.3203077712 2168252 0.023612582476305134
44944 0.8617034048030235 1906766.092003868 2212787 0.023570798845477282
45796 0.8627645481059671 1946318.3089531842 2255909 0.0235295530999917
46656 0.8691152604343051 1986305.5661154157 2285434 0.023488833136204895
47524 0.8739051342727993 2026728.452915508 2319163 0.023448627235501302
48400 0.8801289779594764 2067587.5533456886 2349187 0.02340892404855167
49284 0.8866006784886757 2108883.4460646985 2378617 0.02336971258035472
50176 0.8872620362783351 2150616.704494331 2423880 0.02333098217601623
51076 0.8840325365574055 2192787.896913378 2480438 0.023292722507222804
51984 0.8870315586396434 2235397.586549062 2520088 0.02325492355937062
52900 0.894173911274375 2278446.3316660575 2548102 0.023217575619311686
53824 0.8937021423486551 2321934.6856531794 2598108 0.023180669263682955
54756 0.8922728314396204 2365863.1971078166 2651502 0.023144195347785643
55696 0.8977830658377288 2410232.409918193 2684649 0.023108144994984287
56644 0.8999090808381097 2455042.863343528 2728101 0.02307250958659696
57600 0.9019830072359966 2500295.092092168 2771998 0.02303728075224998
58564 0.8937298335668027 2545989.6263977564 2848724 0.023002450360671906
59536 0.887872229420665 2592126.992093502 2919482 0.02296801051090341
60516 0.8920369398576181 2638707.7106846245 2958070 0.022933953523900853
61504 0.8958747956624843 2685732.299419014 2997888 0.022900271934512887
62500 0.8963510969264209 2733201.27135618 3049253 0.022866958483810557
63504 0.8987792605607171 2781115.135434541 3094325 0.02283400611175261
64516 0.9133706786917513 2829474.396537097 3097838 0.022801407950168787
65536 0.9204936269061068 2878279.5555555555 3126887 0.022769157316044817
66564 0.9118716514039525 2927531.109452939 3210464 0.022737247705093954
67600 0.9089495012687482 2977229.5513247363 3275462 0.022705672785600615
68644 0.9021193362925359 3027375.370458634 3355848 0.022674426392522554
69696 0.8986883783921605 3077969.052392879 3424957 0.02264350252183882
70756 0.8928615781174937 3129011.0789733035 3504475 0.02261289532513147
71824 0.9066334652901309 3180501.928409064 3508035 0.022582599104389624
72900 0.9135019205297376 3232442.0753271254 3538517 0.022552608307025105
73984 0.9165894406357379 3284831.9908255287 3583755 0.02252291752108962
75076 0.9105242009693979 3337672.142525483 3665660 0.022493521470683755
76176 0.9064438663266212 3390962.9946223064 3740952 0.022464415011548854
77284 0.9158865032859782 3444705.0079352646 3761061 0.022435593126833107
78400 0.9199002724435795 3498898.639956319 3803563 0.022407050923023815
79524 0.9208225198991669 3553544.344897835 3859098 0.022378783626038113
80656 0.9233373863917105 3608642.5737392665 3908260 0.022350786577464903
81796 0.9273923062583661 3664193.774272855 3951072 0.022323055230951072
82944 0.918762145449175 3720198.3911483632 4049142 0.022295585148725514
84100 0.9142395558955341 3776656.865916871 4130927 0.022268371998254804
85264 0.9095431220413801 3833569.63707367 4214830 0.022241411549024502
86436 0.9025838858917591 3890937.1401002677 4310887 0.02221469966944071
87616 0.9052667094236981 3948759.80750553 4361985 0.02218823232384648
88804 0.9023250962589542 4007038.0688659935 4440792 0.02216200556964807
90000 0.9049101918413207 4065772.350865356 4493012 0.02213601555454635
91204 0.9070824925427657 4124963.0773331826 4547506 0.02211025851386869
92416 0.9033803968039225 4184610.6692828285 4632169 0.02208473076799724
93636 0.915597903916525 4244715.544948625 4636004 0.022059428719889237
94864 0.9193670294260283 4305278.119822324 4682872 0.02203434885268573
96100 0.9263749513747607 4366298.806688833 4713317 0.02200948772740478
97344 0.9316646166761713 4427778.0156612545 4752545 0.021984841980715788
98596 0.932555010040712 4489716.154215255 4814425 0.02196040832279147
99856 0.9327981272419575 4552113.627222769 4880063 0.021936183535234344
101124 0.9276789460746897 4614970.836985063 4974750 0.021912164469074694
102400 0.9297721787614747 4678288.183265174 5031650 0.02188834804283706
103684 0.929792627627503 4742066.06331974 5100133 0.021864731240672505
104976 0.9358545813816143 4806304.87193023 5135739 0.021841311110554092
106276 0.9411464317687122 4871005.001433601 5175608 0.021818084762532903
107584 0.938533610146844 4936166.841752378 5259446 0.021795049367052358
108900 0.934756042281483 5001790.780424199 5350905 0.021772202153318425
110224 0.9432341323963557 5067877.202630805 5372873 0.021749540407723613
111556 0.9415843474562025 5134426.491226511 5452965 0.021727061472322593
112896 0.9467131617088698 5201439.026766166 5494208 0.021704762743357503
114244 0.9485021449261536 5268915.187532609 5554985 0.021682641669831006
115600 0.9452277896999147 5336855.349563637 5646105 0.02166069575212525
116964 0.9387221708184669 5405259.886678497 5758104 0.02163892254066506
118336 0.9343971344187338 5474129.17050391 5858461 0.021617319634623607
119716 0.9318728271426557 5543463.570499639 5948734 0.02159588468066903
121104 0.936129145734878 5613263.453983617 5996249 0.021574615371750455
122500 0.9393384331575976 5683529.186156632 6050566 0.021553509445921937
123904 0.941133130786807 5754261.130126603 6114184 0.02153256468520293
125316 0.940751031019309 5825459.646932418 6192350 0.02151177891447401
126736 0.9442197024013588 5897125.095567388 6245501 0.021491150000406457
128164 0.9469536636199567 5969257.833002294 6303643 0.02147067585042456
129600 0.958440768764322 6041858.2142080525 6303841 0.02145035441169941
131044 0.9610752151644542 6114926.592177989 6362589 0.021430183670173103
132496 0.958797168064926 6188463.317949763 6454403 0.02141016164961222
133956 0.9544867564780686 6262468.740626909 6561085 0.02139028641068957
135424 0.95133127633562 6336943.207400041 6661132 0.02137055605009321
136900 0.9464847426935745 6411887.063567691 6774422 0.021350968699661774
138384 0.9466263829278413 6487300.652556833 6853074 0.021331522525545175
139876 0.9374497762771812 6563184.315943055 7001105 0.021312215727389856
141376 0.9369146460058498 6639538.393470409 7086599 0.021293046537547683
142884 0.9464622774392223 6716363.22307096 7096282 0.021274013220307697
144400 0.9512907608963191 6793659.140883998 7141517 0.02125511407114996
145924 0.9577549756366732 6871426.481274971 7174514 0.02123634741602071
147456 0.9636774003106242 6949665.5768541 7211610 0.021217711610628145
148996 0.9586770363865431 7028376.758494719 7331329 0.02119920503975811
150544 0.9547671060171794 7107560.35535131 7444287 0.02118082611660903
152100 0.9484918213855535 7187216.694877281 7577521 0.021162573282145495
153664 0.9568738775789662 7267346.102842449 7594884 0.021144445004469787
155236 0.9626037253796493 7347948.903350269 7633410 0.02112643977821086
156816 0.9638750393099558 7429025.4188547935 7707457 0.021108556123930138
158404 0.9584110801405494 7510575.970177374 7836487 0.021090792587543594
160000 0.968749071170897 7592600.876523112 7837531 0.02107314773975963
161604 0.9681959617481276 7675100.455497068 7927218 0.02105562017553214
163216 0.9724189437010489 7758075.023120212 7978120 0.02103820851352844
164836 0.966852518665953 7841524.893845155 8110363 0.021020911395611387
166464 0.9629949519540382 7925450.380571638 8230002 0.021003727486335416
168100 0.956981830708071 8009851.79466179 8369910 0.020986655472455953
169744 0.954022638724498 8094729.445955169 8484840 0.020969694062451815
171396 0.9497744706696944 8180083.64278358 8612659 0.02095284198606019
173056 0.9439025041178465 8265914.691985682 8757170 0.020936097993823788
174724 0.9443540114720764 8352222.898921369 8844377 0.02091946085664984
176400 0.9482212153788054 8439008.56748597 8899831 0.020902929365380487
178084 0.9432194684337121 8526272.000124214 9039542 0.020886502330374354
179776 0.9499228558694514 8614013.497844033 9068119 0.02087017858109874
181476 0.948968867549126 8702233.360230127 9170199 0.020853956965732407
183184 0.9510603020240157 8790931.885457376 9243296 0.020837836350778332
184900 0.9458265725109376 8880109.370304042 9388729 0.020821815620686357
186624 0.9562802341065746 8969766.110164788 9379851 0.02080589367748536
188356 0.9622377514431882 9059902.399063518 9415451 0.020790069440424604
190096 0.9609093288681809 9150518.529666048 9522770 0.02077434184562409
191844 0.9666524267201094 9241614.79329259 9560432 0.02075870984573358
193600 0.9701353983045029 9333191.479930064 9620504 0.020743172409600098
195364 0.9760379310162125 9425248.87824426 9656642 0.020727728521943548
197136 0.9750648359452913 9517787.275591802 9761184 0.020712377183040413
198916 0.9742839976829992 9610806.958031988 9864482 0.020697117408415015
200704 0.9747308461616859 9704308.210338436 9955885 0.020681948228538433
202500 0.971304574136608 9798291.316010606 10087764 0.020666868688534592
204304 0.9710233301909146 9892756.557285132 10187970 0.0206518778478935
206116 0.969301616829686 9987704.215147037 10304021 0.020636974780191327
207936 0.9734753067415938 10083134.569340779 10357874 0.02062215857281716
209764 0.9771802179470421 10179047.898381159 10416756 0.020607428326706288
211600 0.9805686402772382 10275444.479564078 10479067 0.02059278315607977
213444 0.981541650573323 10372324.588977173 10567381 0.020578222188190116
215296 0.9802197107086419 10469688.501510287 10680961 0.020563744563072993
217156 0.975578584267572 10567536.490865823 10832071 0.020549349433304668
219024 0.9787371941380172 10665868.829568962 10897582 0.02053503596376512
220900 0.9858700764795337 10764685.788977735 10918970 0.02052080333140664
222784 0.9831359628895612 10863987.639292996 11050341 0.020506650725027727
224676 0.9859700209642751 10963774.649568232 11119785 0.020492577345052238
226576 0.9872464336248485 11064047.087719271 11206976 0.020478582403313513
228484 0.9909756376867619 11164805.220533874 11266478 0.020464665122843447
230400 0.988275253513614 11266049.313681174 11399708 0.020450824737666354
232324 0.9847384780610805 11367779.631721035 11543958 0.020437060492597456
234256 0.9800215193066665 11469996.438113268 11703821 0.0204233716430459
236196 0.9765812723283251 11572699.995226748 11850217 0.020409757454822205
238144 0.9718204036711784 11675890.5643484 12014453 0.020396217203949973
240100 0.9715607165376083 11779568.405692099 12124377 0.020382750176481796
242064 0.974182741102714 11883733.778407443 12198670 0.0203693556683192
244036 0.9708927787352201 11988386.940588415 12347797 0.020356032985036618
246016 0.9743890332144715 12093528.149281958 12411396 0.020342781441709132
248004 0.9666512911348576 12199157.660496434 12620019 0.020329600362744036
250000 0.9734755978125638 12305275.729209984 12640559 0.02031648908171604
252004 0.9761201882846681 12411882.609378781 12715527 0.020303446941206036
254016 0.9788653051154103 12518978.553945193 12789276 0.020290473292643364
256036 0.9816253029131067 12626563.814845847 12862916 0.020277567496151436
258064 0.9924271523787592 12734638.64301959 12831812 0.02026472892039666
260100 0.9876796385267687 12843203.288415369 13003410 0.020251956942440634
262144 1 12952258 12952258 0.02023925094759539
