4 0.0000033884073785516653 0.003015682566910982 890 1326.3995501016116
16 0.000046754768479240034 0.048250921070575714 1032 331.5998875254029
36 0.00011293124730457215 0.24427028791978955 2163 147.37772778906796
64 0.00024102864100193926 0.7720147371292114 3203 82.89997188135072
100 0.0003541528756706809 1.8848016043193638 5322 53.05598200406447
144 0.000584203977087688 3.908324606716633 6690 36.84443194726699
196 0.0008004260273218293 7.240653843153268 9046 27.069378573502277
256 0.0010854337253134783 12.352235794067383 11380 20.72499297033768
324 0.0013166018978908007 19.785893321502954 15028 16.37530308767422
400 0.0016597042195437436 30.15682566910982 18170 13.263995501016117
484 0.0019340579290439217 44.15260846214369 22829 10.961979752905881
576 0.0023955406722136886 62.533193707466125 26104 9.211107986816748
676 0.002687056523165426 86.13090979354456 32054 7.84851804793853
784 0.003224427662624963 115.85046149045229 35929 6.767344643375569
900 0.003709518173531647 152.66892994986847 41156 5.895109111562719
1024 0.004332597612791085 197.63577270507812 45616 5.18124824258442
1156 0.004775202359818226 251.87282367097214 52746 4.589617820420801
1296 0.005344108395692752 316.57429314404726 59238 4.093825771918555
1444 0.005767975340530793 393.0067678024061 68136 3.674236980890891
1600 0.0065410786908027705 482.50921070575714 73766 3.3159988752540293
1764 0.007299954709808254 586.4929612954147 80342 3.007708730389142
1936 0.007856772901009832 706.441735394299 89915 2.7404949382264703
2116 0.008667594030719117 843.9116252069362 97364 2.5073715502866003
2304 0.009537224037437165 1000.531099319458 104908 2.302776996704187
2500 0.010263836150799868 1178.0010026996024 114772 2.1222392801625785
2704 0.010703647042304566 1378.094556696713 128750 1.9621295119846325
2916 0.011680835537169027 1602.6573590417393 137204 1.819478120852691
3136 0.012704904033991354 1853.6073838472366 145897 1.6918361608438923
3364 0.013687576086808486 2132.9349816073664 155830 1.5771695007153528
3600 0.014723148709219485 2442.7028791978955 165909 1.4737772778906797
3844 0.015518603515316063 2785.046179876197 179465 1.3802284600433004
4096 0.01698996541629728 3162.17236328125 186120 1.295312060646105
4356 0.017535394704775355 3576.361285433639 203951 1.2179977503228756
4624 0.018907951630581198 4029.965178735554 213136 1.1474044551052003
4900 0.01987705298006234 4525.408651970793 227670 1.0827751429400911
5184 0.02104611145632318 5065.188690304756 240671 1.0234564429796387
5476 0.021581019031904316 5651.874655284453 261891 0.9688820672765607
5776 0.0227371148979722 6288.108284838498 276557 0.9185592452227227
6084 0.024564035579831875 6976.603693277109 284017 0.8720575608820589
6400 0.025688954530393958 7720.147371292114 300524 0.8289997188135073
6724 0.027157529338516125 8521.598185956944 313784 0.7890538668064316
7056 0.02864967952129864 9383.887380726635 327539 0.7519271825972855
7396 0.02950288325188673 10310.018575437833 349458 0.7173604922128781
7744 0.031030134344079613 11303.067766308784 364261 0.6851237345566176
8100 0.03288275110668347 12366.183325939346 376069 0.6550121235069687
8464 0.03406329009379733 13502.586003310978 396397 0.6268428875716501
8836 0.03483865443423822 14715.568923786748 422392 0.6004524898603946
9216 0.037242402137303426 16008.497589111328 429846 0.5756942491760467
9604 0.0383359351279003 17384.809877410997 453486 0.5524362974184138
10000 0.04049009132860929 18848.01604319364 465497 0.5305598200406446
10404 0.04173423787629026 20401.698717348743 488848 0.5099575356023113
10816 0.042388399561587395 22049.512907147408 520178 0.4905323779961581
11236 0.04403702448665636 23795.185996242333 540345 0.4721963510507695
11664 0.04592133206184772 25642.517744667828 558401 0.4548695302131727
12100 0.048150485491958404 27595.380288839806 573107 0.43847919011623526
12544 0.050098766255151375 29657.718141555786 591985 0.4229590402109731
12996 0.05173116474286788 31833.548191994894 615365 0.4082485534323212
13456 0.05383497503733584 34126.95970571786 633918 0.3942923751788382
13924 0.05581019267402567 36542.114324667025 654757 0.38103980181028774
14400 0.057783740088156246 39083.24606716633 676371 0.3684443194726699
14884 0.058566126508237365 41754.66132792132 712949 0.3564631954048943
15376 0.06097987516578171 44560.738878019154 730745 0.3450571150108251
15876 0.06277849340502217 47505.92986492859 756723 0.3341898589321269
16384 0.06626001738196048 50594.7578125 763579 0.32382801516152626
16900 0.06727413204050726 53831.81862096535 800186 0.3139407219175412
17424 0.06835479426341487 57221.78056693822 837129 0.3044994375807189
17956 0.0710083643996581 60769.3843034138 855806 0.295477734484654
18496 0.07377983355886518 64479.44285976887 873944 0.28685111377630007
19044 0.0749055327477682 68356.84164176183 912574 0.2785968389207334
19600 0.07788672638683691 72406.53843153268 929639 0.2706937857350228
20164 0.08038454752894625 76633.56338760303 953337 0.26312230710208523
20736 0.08239847394120899 81043.0190448761 983550 0.25586411074490967
21316 0.0831865754580762 85640.0803146367 1029494 0.24890214863982205
21904 0.08478397522255561 90429.99448455125 1066593 0.24222051681914017
22500 0.08717538686447143 95418.0812186678 1094553 0.23580436446250874
23104 0.08907244586222017 100609.73255741596 1129527 0.22963981130568067
23716 0.09267503188023278 106010.412917607 1143894 0.22371387250828328
24336 0.096393383797919 111625.65909243375 1158022 0.21801439022051472
24964 0.09860983759788332 117461.08025147067 1191170 0.2125299711747495
25600 0.10064921902249721 123522.35794067383 1227256 0.20724992970337683
26244 0.10362290011253568 129815.24608238088 1252766 0.20216423565029898
26896 0.10643773754131464 136345.5709753111 1280989 0.1972634667016079
27556 0.10927601297282849 143119.23129456537 1309704 0.19253876471209344
28224 0.11221062920559578 150142.19809162617 1338039 0.18798179564932138
28900 0.11430293358249984 157420.5147943576 1377222 0.18358471281683206
29584 0.11559855726799764 164960.29720700532 1427010 0.17934012305321953
30276 0.11813251056601147 172767.73351019667 1462491 0.1752410556350392
30976 0.12127779512763273 180849.08426094055 1491197 0.1712809336391544
31684 0.12422498842358556 189210.68239262747 1523129 0.16745354754470543
32400 0.1290058186691253 197858.93321502954 1533721 0.16375303087674217
33124 0.13134164807751209 206800.3144143005 1574522 0.16017383771303123
33856 0.13321702264747454 216041.37605297565 1621725 0.15671072189291252
34596 0.13509100568175375 225588.74056997197 1669902 0.15335871778258892
35344 0.13623429656117053 235449.10278058797 1728266 0.15011312246509864
36100 0.14117709632609857 245629.2298765038 1739866 0.14696947923563564
36864 0.14588739679433463 256135.96142578125 1755710 0.14392356229401168
37636 0.14705851763529965 266976.20937286364 1815442 0.1409713625360412
38416 0.15026974299388615 278156.95803857595 1851051 0.13810907435460346
39204 0.15405496490650655 289685.26412012475 1880402 0.1353330833692084
40000 0.15804312824752192 301568.2566910982 1908139 0.13263995501016115
40804 0.16159600383399364 313813.13720146613 1941961 0.1300264238899727
41616 0.1632398713580786 326427.1794775799 1999678 0.12748938390057782
42436 0.16424047814136936 339417.7297221725 2066590 0.12502587898026313
43264 0.1658245400896537 352792.2065143585 2127503 0.12263309449903953
44100 0.1690569642318486 366558.1008096342 2168252 0.12030834921556569
44944 0.17205586255698235 380722.97593987733 2212787 0.11804908776269238
45796 0.17522624698662373 395294.46761334734 2255909 0.11585287362229117
46656 0.17951963780826102 410280.28391468525 2285434 0.11371738255329318
47524 0.18355251670749909 425688.2053049137 2319163 0.11164039643982927
48400 0.1879484624346367 441526.0846214369 2349187 0.10961979752905882
49284 0.19246555753954533 457801.8470780407 2378617 0.10765356303072897
50176 0.19577020738027154 474523.4902648926 2423880 0.10573976005274327
51076 0.19823074962911452 491699.08414854156 2480438 0.10387654084905722
51984 0.20211070846411647 509336.7710719183 2520088 0.1020621383580803
52900 0.20699515394373344 527444.7657543351 2548102 0.10029486201146402
53824 0.21016499517783163 546031.3552914858 2598108 0.09857309379470955
54756 0.21312633335952447 565104.8991554459 2651502 0.09689528454245099
55696 0.21778408618581885 584673.8291946724 2684649 0.09525995045257193
56644 0.22167311607378323 604746.6496340041 2728101 0.09366566980450615
57600 0.22558888465094898 625331.9370746613 2771998 0.09211107986816748
58564 0.22692206773778217 646438.3404942458 2848724 0.0905948739909577
59536 0.2288332592037701 668074.5812467411 2919482 0.08911579885122357
60516 0.23334452973138312 690249.4530625124 2958070 0.0876726518673813
61504 0.2378247026067373 712971.8220483065 2997888 0.08626427875270627
62500 0.2414527842351066 736250.6266872515 3049253 0.08488957120650314
63504 0.2456415786444079 760094.8778388575 3094325 0.08354746473303172
64516 0.2532455405153581 784513.6587390159 3097838 0.08223693658017309
65536 0.2588888325673425 809516.125 3126887 0.08095700379038157
66564 0.26012174707782565 835111.5046104644 3210464 0.07970672135698646
67600 0.2629580492570042 861309.0979354456 3275462 0.0784851804793853
68644 0.26464794523362245 888118.2777163615 3355848 0.07729150691111308
69696 0.2673167835599138 915548.4890710115 3424957 0.07612485939517973
70756 0.26925837664516855 943609.249493577 3504475 0.07498442818144675
71824 0.27716660433964335 972310.1488546208 3508035 0.0738694336211635
72900 0.2830736292636398 1001660.849401087 3538517 0.07277912483410763
73984 0.28787433453355543 1031671.0857563019 3583755 0.07171277844407502
75076 0.28981156597174124 1062350.664919973 3665660 0.07066969737874217
76176 0.29236126693638126 1093709.4662681893 3740952 0.06964920973018335
77284 0.2993191127592511 1125757.4415534218 3761061 0.06865066767256413
78400 0.30458404787945487 1158504.614904523 3803563 0.0676734464337557
79524 0.30887038443354553 1191961.0828267266 3859098 0.06671694331782162
80656 0.313729642910566 1226137.0142016485 3908260 0.06578057677552131
81796 0.3191646849987259 1261042.650287286 3951072 0.06486378552015315
82944 0.32023779475207775 1296688.3047180176 4049142 0.06396602768622742
84100 0.3227082840012917 1333084.363504604 4130927 0.0630867800286141
85264 0.3251000123455008 1370241.2850341871 4214830 0.06222553715995551
86436 0.326654259336951 1408169.6000702907 4310887 0.061381810824268204
87616 0.33170217498520055 1446879.91175282 4361985 0.06055512920478504
88804 0.3347112171878489 1486382.8955980618 4440792 0.05974503626420484
90000 0.33979194791794115 1526689.2994986847 4493012 0.058951091115627186
91204 0.34476258936738924 1567809.9437237387 4547506 0.05817286742255215
92416 0.3475166214614914 1609755.7209186554 4632169 0.05740995282642017
93636 0.35645732749696685 1652537.5961052482 4636004 0.05666194840025681
94864 0.36220648496941876 1696166.606681712 4682872 0.05592846812707082
96100 0.3693054938640077 1740653.8624226232 4713317 0.055209138401732014
97344 0.3758008699505086 1786010.54547894 4752545 0.05450359755512868
98596 0.3805746086766337 1832247.910378002 4814425 0.05381149539947307
99856 0.3851133241565797 1879377.2840235308 4880063 0.053132492793687376
101124 0.3874385779578128 1927410.065695629 4974750 0.052466261227863284
102400 0.39278521499921126 1976357.7270507812 5031650 0.05181248242584421
103684 0.3972899946181509 2026231.8121218537 5100133 0.05117084796503266
104976 0.40442941849616854 2077043.937318094 5135739 0.050541058912574745
106276 0.41131511339829674 2128805.7914251317 5175608 0.04992282547712039
107584 0.4147830656698401 2181529.1356049776 5259446 0.04931586667540198
108900 0.4177285530944811 2235225.8033960243 5350905 0.04871991001291503
110224 0.42619799513464135 2289907.700713046 5372873 0.04813469117802336
111556 0.43014888337761165 2345586.8058471982 5452965 0.04755995374884763
112896 0.4372377546438028 2402275.1694660187 5494208 0.046995448912330345
114244 0.44284276458233934 2459984.914613426 5554985 0.04644093519490255
115600 0.4461001410192905 2518728.2367097214 5646105 0.045896178204208014
116964 0.44780667448027794 2578517.4035515864 5758104 0.045360950381369024
118336 0.45052186151142515 2639364.755312085 5858461 0.04483503076330488
119716 0.4540937121311296 2701282.704540663 5948734 0.044318204754639705
121104 0.46100215921039084 2764283.736163147 5996249 0.0438102639087598
122500 0.4674571614427056 2828380.4074817454 6050566 0.04331100571760364
123904 0.4732578130090702 2893585.348175049 6114184 0.0428202334097886
125316 0.47799482592198905 2959911.260298029 6192350 0.04233775575669864
126736 0.484728273725685 3027370.9182820395 6245501 0.04186338688617636
128164 0.491140943250564 3095977.168934815 6303643 0.04139694610348028
129600 0.5021926998857479 3165742.9314404726 6303841 0.04093825771918554
131044 0.5087050565987383 3236681.19735951 6362589 0.04048715088372185
132496 0.5126430795580641 3308805.030628808 6454403 0.04004345942825781
133956 0.515482967765488 3382127.567561627 6561085 0.03960702171165492
135424 0.5189301183113637 3456662.0168476105 6661132 0.03917768047322813
136900 0.5214351363928588 3532421.6595527832 6774422 0.03875528269106243
138384 0.5266862504504622 3609419.8491195515 6853074 0.03833967944564723
139876 0.5267268540275718 3687670.011366703 7001105 0.03793072578860167
141376 0.5315928902551714 3767185.6444894075 7086599 0.03752828061627466
142884 0.542253016306175 3847980.319059216 7096282 0.0371322065480141
144400 0.5503127245967574 3930067.678024061 7141517 0.03674236980890891
145924 0.5594053390526881 4013461.436708257 7174514 0.03635864011681729
147456 0.5682746824651499 4098175.3828125 7211610 0.03598089057350292
148996 0.5707319063724827 4184223.3764138673 7331329 0.035608997559709296
150544 0.5738117498648048 4271619.349965818 7444287 0.0352428406340103
152100 0.5754358593395112 4360377.308298193 7577521 0.03488230243528236
153664 0.5859880583583916 4450511.328617215 7594884 0.034527268588650864
155236 0.595020516454047 4542035.560505487 7633410 0.03417762761477007
156816 0.6013610229576365 4634964.225921996 7707457 0.0338332708423021
158404 0.6034989427280498 4729311.619202107 7836487 0.033494092323466874
160000 0.6156393010831563 4825092.107057571 7837531 0.03315998875254029
161604 0.6209391653637527 4922320.128576517 7927218 0.032830859387183775
163216 0.6293475399246261 5021010.195223458 7978120 0.03250660597249318
164836 0.6314362120214947 5121176.890839286 8110363 0.03218713266766026
166464 0.634609186199624 5222834.871641278 8230002 0.031872345975144455
168100 0.6363268979263922 5325998.866223089 8369910 0.03156215467225727
169744 0.6400455018073128 5430683.67555476 8484840 0.03125646974506578
171396 0.6428797625660911 5536904.172982708 8612659 0.030955204324525934
173056 0.6445775637825617 5644675.304229736 8757170 0.030658273624759882
174724 0.6505842172258178 5754012.087395027 8844377 0.030365594883395797
176400 0.6589933688576949 5864929.612954147 8899831 0.03007708730389142
178084 0.6612550772770391 5977443.043759041 9039542 0.029792671999766665
179776 0.6717564706680665 6091567.615038037 9068119 0.029512271940673095
181476 0.6769011920456519 6207318.634395845 9170199 0.029235811900231695
183184 0.6842485063567755 6324711.481813557 9243296 0.028963218405572793
184900 0.6863294924849407 6443761.609648645 9388729 0.028694419688515126
186624 0.6998495543943037 6564484.542634964 9379851 0.028429345638323295
188356 0.7102045221076239 6686895.877882749 9415451 0.028167927755985724
190096 0.7152342527309405 6811011.284878619 9522770 0.02791009910995732
191844 0.7255787714912435 6936846.505485572 9560432 0.027655794293313562
193600 0.7343084472438233 7064417.35394299 9620504 0.027404949382264704
195364 0.7449525121534624 7193739.716866635 9656642 0.027157501895981075
197136 0.7504037986835052 7324829.553248651 9761184 0.026913390757682242
198916 0.7560156625008352 7457702.894457564 9864482 0.026672556256944875
200704 0.7626018022745623 7592375.844238281 9955885 0.026434940013185818
202500 0.7661623109652537 7728864.578712091 10087764 0.02620048494027875
204304 0.7722034268236622 7867185.346376665 10187970 0.025969135212264304
206116 0.7771096805903301 8007354.468106054 10304021 0.02574083623011531
207936 0.7867819532416298 8149388.337150693 10357874 0.025515534589520075
209764 0.7961503004522134 8293303.419137396 10416756 0.0252931780496484
211600 0.8053308803225862 8439116.252069362 10479067 0.025073715502866006
213444 0.8125800940011689 8586843.446326166 10567381 0.024857096945364813
215296 0.8179509020455905 8736501.684663773 10680961 0.024643273448677387
217156 0.820536324237029 8888107.72221452 10832071 0.02443219713204538
219024 0.8296958340379668 9041678.386487134 10897582 0.024223821135612746
220900 0.8423166816436639 9197230.577366717 10918970 0.024018099594415785
222784 0.846560415385802 9354781.267114758 11050341 0.023814987613142984
224676 0.8556233326785656 9514347.500369124 11119785 0.023614441241638834
226576 0.8633860190424308 9675946.394144066 11206976 0.023416417451126537
228484 0.8733514713143018 9839595.137830213 11266478 0.023220874111125712
230400 0.8776813400127951 10005310.99319458 11399708 0.02302776996704187
232324 0.8812498533328482 10173111.29438056 11543958 0.022837064618405532
234256 0.8837296339296313 10343013.447907932 11703821 0.022648718497739424
236196 0.8873284710881539 10515034.93267285 11850217 0.02246269285003322
238144 0.8896945453902777 10689193.299947858 12014453 0.022278949712805893
240100 0.8961702670068633 10865506.173381872 12124377 0.022097451896736554
242064 0.9053438816690835 11043991.2490002 12198670 0.021918162966845324
244036 0.9090420173901888 11224666.29520452 12347797 0.021741047224206455
246016 0.919118941396512 11407549.152772903 12411396 0.021566069688176568
248004 0.9185927322977718 11592657.734859794 12620019 0.021393196079121494
250000 0.9319216046534037 11780010.026996024 12640559 0.021222392801625786
252004 0.9413392057669966 11969624.087088801 12715527 0.02105362692816958
254016 0.9509152860116334 12161518.04542172 12789276 0.02088686618325793
256036 0.960568358267655 12355710.104654752 12862916 0.020722078927988434
258064 0.9782109136125322 12552218.539824255 12831812 0.02055923414504327
260100 0.9805936826065597 12751061.698342964 13003410 0.020398301424092453
262144 1 12952258 12952258 0.02023925094759539
