4 0.000006419757747242594 0.0015022233128547668 234 2662.7199603223808
16 0.000043385510840570886 0.02403557300567627 554 665.6799900805952
36 0.0001584376150276512 0.12168008834123611 768 295.8577733691534
64 0.00033382740285661485 0.3845691680908203 1152 166.4199975201488
100 0.00046757448731784326 0.9388895705342293 2008 106.50879841289523
144 0.0008641284569284411 1.9468814134597778 2253 73.96444334228835
196 0.0011549273692488937 3.606838174164295 3123 54.341223680048586
256 0.001679799806020509 6.153106689453125 3663 41.6049993800372
324 0.001848478461297848 9.856087155640125 5332 32.87308592990593
400 0.002366078615301255 15.022233128547668 6349 26.627199603223808
484 0.003035755903865651 21.99405152350664 7245 22.005950085308932
576 0.003562047183002452 31.150102615356445 8745 18.491110835572087
676 0.003760627578091419 42.905000038444996 11409 15.755739410191602
784 0.00440731715187328 57.70941078662872 13094 13.585305920012146
900 0.0051088307949262775 76.05005521327257 14886 11.834310934766137
1024 0.006244431500142712 98.44970703125 15766 10.4012498450093
1156 0.006832236621266771 125.46719331294298 18364 9.21356387654803
1296 0.007497261314549872 157.697394490242 21034 8.218271482476483
1444 0.0076791105497193875 195.77124435454607 25494 7.375955568760057
1600 0.008554802465004367 240.3557300567627 28096 6.656799900805952
1764 0.00974560985080085 292.1538921073079 29978 6.03791374222762
1936 0.011235786218905053 351.90482437610626 31320 5.501487521327233
2116 0.01215789901068892 420.3836740925908 34577 5.033497089456296
2304 0.012948860531195197 498.4016418457031 38490 4.622777708893022
2500 0.013797784607771011 586.8059815838933 42529 4.260351936515809
2704 0.014082218770310986 686.4800006151199 48748 3.9389348525479004
2916 0.015006730570252263 798.3430596068501 53199 3.6525651033228814
3136 0.015860497321848594 923.3505725860596 58217 3.3963264800030366
3364 0.017171897839791065 1062.4940069392323 61874 3.166135505734103
3600 0.018915277455150262 1216.8008834123611 64329 2.958577733691534
3844 0.02053181554108254 1387.3347761109471 67570 2.7707803957569
4096 0.021680182125357852 1575.1953125 72656 2.600312461252325
4356 0.02272373593290779 1781.518173404038 78399 2.445105565034326
4624 0.02413294735775014 2007.4750930070877 83184 2.3033909691370074
4900 0.025317256756468193 2254.2738588526845 89041 2.1736489472019436
5184 0.026384313787828968 2523.158311843872 95631 2.054567870619121
5476 0.025650118859379407 2815.4083462432027 109762 1.9450109279199275
5776 0.026977812981644134 3132.339909672737 116108 1.8439888921900143
6084 0.02768307062438003 3475.3050031140447 125539 1.7506377122435113
6400 0.029859245624083444 3845.691680908203 128794 1.664199975201488
6724 0.030973090876133137 4244.924050755799 137052 1.584009494540381
7056 0.0343235988025151 4674.462273716927 136188 1.509478435556905
7396 0.03666387701288703 5135.80256421119 140078 1.440086511802261
7744 0.03918516511366702 5630.4771900177 143689 1.3753718803318082
8100 0.041219817940332686 6160.054472275078 149444 1.3149234371962373
8464 0.04343675958825342 6726.138785481453 154849 1.258374272364074
8836 0.045102478711195444 7330.3705574944615 162527 1.2053960888738708
9216 0.04565685485818877 7974.42626953125 174660 1.1556944272232554
9604 0.047352779953131086 8660.018456168473 182883 1.1090045648989506
10000 0.04964832638144496 9388.895705342293 189108 1.0650879841289522
10404 0.05001940494713198 10162.842658348382 203178 1.0237293196164479
10816 0.05033582641260595 10983.680009841919 218208 0.9847337131369751
11236 0.05028877111902044 11853.264507837594 235704 0.9479245141767108
11664 0.0537808469273277 12773.488953709602 237510 0.9131412758307204
12100 0.053733986663298365 13746.28220219165 255821 0.8802380034123573
12544 0.05656074166201614 14773.609161376953 261199 0.8490816200007592
12996 0.05910923456137468 15857.470792718232 268274 0.8195506187511175
13456 0.06138767296445532 16999.904111027718 276927 0.7915338764335258
13924 0.06579454567445403 18202.98218447715 276664 0.764929606527544
14400 0.06725931525569348 19468.81413459778 289459 0.7396444334228836
14884 0.07217102525444437 20799.545136280358 288198 0.7155925719759153
15376 0.07434581760924662 22197.356417775154 298569 0.692695098939225
15876 0.07862862877973166 23664.46526069194 300965 0.6708793046919579
16384 0.0782236889069595 25203.125 322193 0.6500781153130812
16900 0.08223658997981509 26815.625024028122 326079 0.6302295764076641
17424 0.08282808284602283 28504.290774464607 344138 0.6112763912585815
17956 0.08645537141245577 30271.483746357262 350140 0.593165506866202
18496 0.086947675063177 32119.601488113403 369413 0.5758477422842518
19044 0.08943675695378289 34051.077601499856 380728 0.5592774543840329
19600 0.09021335463078385 36068.38174164295 399812 0.5434122368004859
20164 0.0934675569683868 38174.019617028534 408420 0.5282126483480224
20736 0.09470381810515563 40370.53298950195 426282 0.5136419676547802
21316 0.0959901078565792 42660.49967426807 444426 0.4996659711620155
21904 0.09543918867245894 45046.53353989124 471992 0.48625273197998187
22500 0.09488551264998583 47531.28450829536 500933 0.47337243739064544
23104 0.10052479060563424 50117.438554763794 498558 0.46099722304750357
23716 0.10140490111191015 52807.717707939446 520761 0.44910102214916187
24336 0.10266760964219918 55604.880049824715 541601 0.4376594280608778
24964 0.10608578302964097 58511.71971578151 551551 0.4266495690309855
25600 0.11195018256775252 61531.06689453125 549629 0.416049993800372
26244 0.11346467544243904 64665.78782815486 569920 0.40584056703587573
26896 0.1157778920479566 67918.78481209278 586630 0.3960023736350953
27556 0.1227048601322261 71292.99619514495 581012 0.38651763105274795
28224 0.12467248268381859 74791.39637947083 599903 0.37736960888922627
28900 0.1278891060476306 78416.99582058936 613164 0.3685425550619212
29584 0.13528308703352085 82172.84102737904 607414 0.36002162795056525
30276 0.13751264614104036 86062.01456207782 625848 0.3517928339704559
30976 0.1402790629135697 90087.6350402832 642203 0.34384297008295206
31684 0.1468888667551124 94252.85713095218 641661 0.336159570801967
32400 0.1470811917357117 98560.87155640125 670112 0.3287308592990593
33124 0.15125716912848308 103014.90509230644 681058 0.3215457022488082
33856 0.15432233074409665 107618.22056770325 697360 0.3145935680910185
34596 0.15398608443366482 112374.11686498672 729768 0.3078644884174333
35344 0.16103891337169354 117285.92891991138 728308 0.3013490222184677
36100 0.1607435525261514 122357.0277215913 761194 0.2950382227504023
36864 0.16132582487871244 127590.8203125 790889 0.28892360680581386
37636 0.1688825039378654 132990.74978847057 787475 0.2829971261900713
38416 0.1690532808280562 138560.29529869556 819625 0.27725114122473765
39204 0.17140868434455295 144302.97204572707 841865 0.27167839611492506
40000 0.17737676247619488 150222.33128547668 846911 0.26627199603223806
40804 0.1780543887455541 156321.9603272155 877945 0.2610253857780983
41616 0.17943446121661966 162605.4825335741 906211 0.25593232990411197
42436 0.18110578464226662 169076.55732054263 933579 0.25098689417686687
43264 0.18027089034063426 175738.8801574707 974860 0.24618342828424378
44100 0.17739013683134125 182596.18256706744 1029348 0.24151654968910483
44944 0.17786727976970046 189652.2321254015 1066257 0.2369811285441777
45796 0.18694782217474246 196910.832461901 1053293 0.23257227358916768
46656 0.19194687895336532 204375.82325935364 1064752 0.2282853189576801
47524 0.19205629177364422 212051.08025390655 1104109 0.22411581182748763
48400 0.19089225057310627 219940.5152350664 1152171 0.2200595008530893
49284 0.19675803867180036 228048.07604569942 1159028 0.2161123253244364
50176 0.20465871555217707 236377.74658203125 1154985 0.2122704050001898
51076 0.20955141844368605 244933.5467936471 1168847 0.2085300305679678
51984 0.212543661654774 253719.5326834917 1193729 0.20488765468777936
52900 0.21578693328197712 262739.79630786926 1217589 0.20133988357825183
53824 0.22174197711515606 271998.4657764435 1226644 0.19788346910838145
54756 0.23203533968050605 281499.7052522376 1213176 0.19451530136039014
55696 0.23652005011554808 291247.7149516344 1231387 0.191232401631886
56644 0.23789166169375656 301246.7311443761 1266319 0.18803191584791898
57600 0.24071048084257235 311501.02615356445 1294090 0.1849111083557209
58564 0.2507664050528343 322014.90835566074 1284123 0.1818673560769333
59536 0.2564708455943046 332792.7221804857 1297585 0.17889814299397883
60516 0.25877001655791954 343838.8481112197 1328743 0.17600105494893123
61504 0.26620801978539105 355157.70268440247 1334136 0.17317377473480625
62500 0.2709901539326114 366753.7384899333 1353384 0.17041407746063236
63504 0.28053527269236744 378631.44417107105 1349675 0.16771982617298947
64516 0.2791853979042514 390795.344424434 1399770 0.16508896771792303
65536 0.28005844939640717 403250 1439878 0.1625195288282703
66564 0.28927258217573754 416000.00770110637 1438090 0.16000961242247344
67600 0.29356825205915155 429050.00038444996 1461500 0.15755739410191602
68644 0.2975369038463418 442404.6469600871 1486890 0.15516111883470549
69696 0.29786818077056154 456068.6523914337 1531109 0.15281909781464537
70756 0.304659568823376 470046.7576952651 1542859 0.15052970548489913
71824 0.3086659163304232 484343.7399417162 1569152 0.1482913767165505
72900 0.3070161027305347 498964.41225428134 1625206 0.14610260413291526
73984 0.3105338356346194 513913.62380981445 1654936 0.14396193557106296
75076 0.31743388986941384 529196.2598385289 1667107 0.14186797167256543
76176 0.3206410508925037 544817.2416239977 1699150 0.13981936359600822
77284 0.3180396624081257 560781.5265031531 1763244 0.13781481084428243
78400 0.3251987405908 577094.1078662872 1774589 0.13585305920012147
79524 0.33413318459544056 593760.0151570514 1777016 0.13393289876376344
80656 0.33488423984449334 610784.3138724566 1823867 0.1320531620870056
81796 0.3329865350013826 628172.1055628732 1886479 0.1302127223982777
82944 0.33587304041479776 645928.5278320312 1923133 0.12841049191369505
84100 0.3408288976479858 664058.7543370202 1948364 0.12664542022936412
85264 0.34166375665967175 682567.9947882891 1997777 0.12491649279050387
86436 0.34039003849537225 701461.4949496463 2060758 0.12322272943321674
87616 0.34352723841960536 720744.5366382599 2098071 0.12156318299499547
88804 0.34037324892816356 740422.4377246574 2175325 0.11993693799028786
90000 0.3431934486574064 760500.5521327257 2215953 0.11834310934766136
91204 0.35587979944548687 780984.2698397115 2194517 0.1167808412053147
92416 0.3631959986594237 801879.0168762207 2207841 0.11524930576187589
93636 0.3646436157049412 823190.2553262189 2257520 0.11374770217960531
94864 0.3678777034720051 844923.4833270311 2296751 0.11227525553729047
96100 0.3725880213069315 867084.235069342 2327193 0.11083121583027598
97344 0.36776732854175254 889678.0807971954 2419133 0.10941485701521945
98596 0.377295650840026 912710.6268079951 2419086 0.10802547609730134
99856 0.3845243185312241 936187.5154525042 2434664 0.10666239225774637
101124 0.39506020663911934 960114.4251348451 2430299 0.10532494601963453
102400 0.40080489773745065 984497.0703125 2456300 0.104012498450093
103684 0.40223133095807906 1009341.2014963105 2509355 0.10272443039706727
104976 0.41064095994865774 1034652.6052504778 2519604 0.10146014175896893
106276 0.4136379929010605 1060437.1041925624 2563684 0.1002190507855915
107584 0.42123393026269235 1086700.5569934845 2579803 0.09900059340877382
108900 0.4343679678711027 1113448.8583775237 2563377 0.09780422260137303
110224 0.4434690317259705 1140687.9391223192 2572193 0.09662940776318699
111556 0.448127623283933 1168423.7660588697 2607346 0.09547563413253901
112896 0.44624638635015623 1196662.3420715332 2681618 0.09434240222230657
114244 0.4567793420245324 1225409.7060980275 2682717 0.09322922727924024
115600 0.4623587394203379 1254671.9331294298 2713633 0.0921356387654803
116964 0.4780232385131513 1284455.1342101768 2687014 0.09106117986123527
118336 0.4850813482420927 1314765.4564380646 2710402 0.09000540698764131
119716 0.482759330873481 1345609.082964249 2787329 0.08896788934887169
121104 0.49491664650684464 1376992.2329932451 2782271 0.08794820849261398
122500 0.4995017684851443 1408921.1617829278 2820653 0.08694595788807774
123904 0.5094815097244694 1441402.1606445312 2829155 0.08596074252073801
125316 0.514524888163661 1474441.5569426492 2865637 0.08499217850306044
126736 0.52623072985963 1508045.7140952349 2865750 0.08403989270049175
128164 0.5267695251056124 1542221.031573601 2927696 0.08310352237203522
129600 0.5312583298614293 1576973.94490242 2968375 0.08218271482476483
131044 0.5351982409778974 1612310.9256597236 3012549 0.08127712708166358
132496 0.5454362333933743 1648238.481476903 3021872 0.08038642556220205
133956 0.5449889890403672 1684763.156038709 3091371 0.07951028577510169
135424 0.5561124480737667 1721891.529083252 3096301 0.07864839202275463
136900 0.5595049554899771 1759630.2164020017 3144977 0.0778004371167971
138384 0.5591301476885749 1797985.8698397875 3215684 0.07696612210435833
139876 0.5655423266719368 1836965.1772947982 3248148 0.07614515600452917
141376 0.5784781015450073 1876574.8627185822 3243986 0.07533725555461693
142884 0.5820371208788416 1916821.6861160472 3293298 0.07454214496577309
144400 0.5748862446472257 1957712.4435454607 3405391 0.07375955568760058
145924 0.5778329269512678 1999253.9671184495 3459917 0.07298922618136511
147456 0.5863909158593732 2041453.125 3481386 0.07223090170145346
148996 0.595463968880726 2084316.821408458 3500324 0.07148433408473732
150544 0.60747433731032 2127851.996615529 3502785 0.07074928154751782
152100 0.6053942641870439 2172065.626946278 3587853 0.07002550848974046
153664 0.6091482847076148 2216964.724779129 3639450 0.06931278530618441
155236 0.6086654964114154 2262556.3385458663 3717241 0.06861088820434386
156816 0.606334593457623 2308847.552731633 3807877 0.06791959902873126
158404 0.6163344811985856 2355845.4878749326 3822349 0.06723870509134569
160000 0.6303774360333949 2403557.300567627 3812886 0.06656799900805951
161604 0.6381972426371962 2451990.1834549382 3842057 0.0659072785406891
163216 0.6396266722336601 2501151.365235448 3910330 0.06525634644452458
164836 0.637530126081912 2551048.110661097 4001455 0.06461501032110414
166464 0.648690574989649 2601687.7205371857 4010676 0.06398308247602799
168100 0.6470458408026876 2653077.5317223743 4100293 0.06336037978161524
169744 0.6557399299879921 2705224.917128682 4125454 0.06274672354421672
171396 0.6601227187281203 2758137.2857214883 4178219 0.06214193937600366
173056 0.655523786043158 2811822.0825195312 4289428 0.061545857071060944
174724 0.6533298569895332 2866286.788594909 4387197 0.06095831048562031
176400 0.6577620450741853 2921538.921073079 4441635 0.060379137422276206
178084 0.6573001325893033 2977586.0331328586 4530025 0.05980817951803375
179776 0.6605748339725355 3034435.714006424 4593629 0.05924528213604442
181476 0.6731845672591853 3092095.5889793113 4593236 0.058690294260891375
183184 0.684378189249879 3150573.319390416 4603556 0.05814306839729192
184900 0.6945852944867053 3209876.6026319936 4621285 0.05760346047209044
186624 0.6975932855849346 3270013.172149658 4687564 0.05707132973942002
188356 0.7028628600082344 3330990.797442384 4739176 0.05654653868891632
190096 0.7001257908953373 3392817.284062505 4846011 0.05602895295687191
191844 0.7059498918890063 3455500.4736157134 4894824 0.05551844124022395
193600 0.7043708914785426 3519048.2437610626 4996016 0.05501487521327233
195364 0.7074303259816587 3583468.5082109645 5065472 0.054518129447029766
197136 0.7161688366831946 3648769.2167311907 5094845 0.0540280813311091
198916 0.7309196558089035 3714958.3551408723 5082581 0.05354461099805708
200704 0.7385040536825872 3782043.9453125 5121223 0.05306760125004745
202500 0.7519609493866248 3850034.045171924 5119992 0.05259693748784949
204304 0.7575980927896441 3918936.748698354 5172844 0.05213250764199195
206116 0.7598030652485792 3988760.1859243587 5249729 0.051674202106044766
207936 0.7660663060821018 4059512.5229358673 5299166 0.05122191367194484
209764 0.7803659553938422 4131201.961872168 5293929 0.0507755374672943
211600 0.7785850317559659 4203836.740925908 5399329 0.05033497089456296
213444 0.7910817924170769 4277425.134343095 5407058 0.0499001135721291
215296 0.799363931295292 4351975.452423096 5444298 0.04947086727709536
217156 0.8176852959679235 4427496.041518636 5414670 0.049047135889818946
219024 0.8337130058505838 4503995.284035802 5402333 0.048628825340097534
220900 0.844646946378215 4581481.598434038 5424138 0.04821584355495483
222784 0.8517909482474721 4659963.4392261505 5470783 0.0478081004079715
224676 0.8523533254955018 4739449.296978302 5560428 0.0474055076701095
226576 0.8426454000082898 4819947.698310018 5720019 0.047007978961979745
228484 0.8697169343695446 4901467.20589418 5635704 0.046615429707504784
230400 0.8697093512916261 4984016.418457031 5730669 0.04622777708893022
232324 0.8881869563685554 5067603.970778175 5705560 0.04584494000314011
234256 0.9047090690234673 5152238.533690572 5694912 0.045466839019233325
236196 0.918848798039016 5237928.814080544 5700534 0.04509339633731953
238144 0.9250667963784864 5324683.554887772 5755999 0.044724535748494706
240100 0.9127198107255513 5412511.5351052955 5930091 0.04436018259595803
242064 0.9208096695816178 5501421.569779515 5974548 0.04400026373723281
244036 0.9348763468258222 5591422.51001019 5980922 0.04364470750745596
246016 0.9576245889267604 5682523.242950439 5933978 0.04329344368370156
248004 0.9558528947638754 5774732.691806741 6041445 0.04294640345030533
250000 0.9599322060252199 5868059.815838933 6112994 0.04260351936515809
252004 0.9859326720492343 5962513.610360213 6047587 0.04226472532693736
254016 1.0090311761237667 6058103.106737137 6003881 0.04192995654324737
256036 0.9963033614900401 6154837.372389622 6177674 0.04159914949963881
258064 1.0069916781103838 6252725.510790944 6209312 0.04127224192948076
260100 0.985061901417416 6351776.661467738 6448099 0.040949172784657914
262144 1 6452000 6452000 0.04062988220706758
