4 0.3552284240722656 98.04304504394531 276 0.04079840643675542
16 0.6808544794718424 392.17218017578125 576 0.04079840643675542
36 1.0027129606767133 882.3874053955078 880 0.04079840643675542
64 1.3511530755410206 1568.688720703125 1161 0.04079840643675542
100 1.0961878918151309 2451.076126098633 2236 0.04079840643675542
144 1.5174331993043986 3529.5496215820312 2326 0.04079840643675542
196 1.5064625923967765 4804.10920715332 3189 0.04079840643675542
256 1.6430361044285153 6274.7548828125 3819 0.04079840643675542
324 1.4449575415865303 7941.48664855957 5496 0.04079840643675542
400 1.5231170583182432 9804.304504394531 6437 0.04079840643675542
484 1.599677514875591 11863.208450317383 7416 0.04079840643675542
576 1.6023378148142238 14118.198486328125 8811 0.04079840643675542
676 1.4641048522070124 16569.274612426758 11317 0.04079840643675542
784 1.4711710939070035 19216.43682861328 13062 0.04079840643675542
900 1.466539365435959 22059.685134887695 15042 0.04079840643675542
1024 1.593892140169556 25099.01953125 15747 0.04079840643675542
1156 1.538744434544379 28334.440017700195 18414 0.04079840643675542
1296 1.5010843301312864 31765.94659423828 21162 0.04079840643675542
1444 1.3822361657761564 35393.53926086426 25606 0.04079840643675542
1600 1.4159373945762401 39217.218017578125 27697 0.04079840643675542
1764 1.4366355284549404 43236.98286437988 30096 0.04079840643675542
1936 1.5196577788147547 47452.83380126953 31226 0.04079840643675542
2116 1.4793990195746212 51864.77082824707 35058 0.04079840643675542
2304 1.467359401998454 56472.7939453125 38486 0.04079840643675542
2500 1.4439159044362557 61276.90315246582 42438 0.04079840643675542
2704 1.3606745868259875 66277.09844970703 48709 0.04079840643675542
2916 1.3324393623727397 71473.37983703613 53641 0.04079840643675542
3136 1.3187007379514681 76865.74731445312 58289 0.04079840643675542
3364 1.3261845929481457 82454.20088195801 62174 0.04079840643675542
3600 1.367724413540274 88238.74053955078 64515 0.04079840643675542
3844 1.4250183957051248 94219.36628723145 66118 0.04079840643675542
4096 1.401201369504536 100396.078125 71650 0.04079840643675542
4356 1.3914517548461718 106768.87605285645 76732 0.04079840643675542
4624 1.3753581058515252 113337.76007080078 82406 0.04079840643675542
4900 1.346171514479511 120102.73017883301 89218 0.04079840643675542
5184 1.3321010040986425 127063.78637695312 95386 0.04079840643675542
5476 1.2661993402560412 134220.92866516113 106003 0.04079840643675542
5776 1.2681083914965428 141574.15704345703 111642 0.04079840643675542
6084 1.2171158772452362 149123.47151184082 122522 0.04079840643675542
6400 1.2669003809556738 156868.8720703125 123821 0.04079840643675542
6724 1.256195663949695 164810.35871887207 131198 0.04079840643675542
7056 1.2929429771874101 172947.93145751953 133763 0.04079840643675542
7396 1.3321888202814187 181281.59028625488 136078 0.04079840643675542
7744 1.3293785995789253 189811.33520507812 142782 0.04079840643675542
8100 1.334694665676125 198537.16621398926 148751 0.04079840643675542
8464 1.3392319575556506 207459.08331298828 154909 0.04079840643675542
8836 1.3285389218561958 216577.0865020752 163019 0.04079840643675542
9216 1.2919140736702888 225891.17578125 174850 0.04079840643675542
9604 1.2808378783619772 235401.3511505127 183787 0.04079840643675542
10000 1.2920120848129424 245107.61260986328 189710 0.04079840643675542
10404 1.2532002543617122 255009.96015930176 203487 0.04079840643675542
10816 1.208967297347416 265108.3937988281 219285 0.04079840643675542
11236 1.1625134064509204 275402.9135284424 236903 0.04079840643675542
11664 1.1997159867064953 285893.51934814453 238301 0.04079840643675542
12100 1.1526810026503893 296580.21125793457 257296 0.04079840643675542
12544 1.1691408128990293 307462.9892578125 262982 0.04079840643675542
12996 1.1834533474057665 318541.8533477783 269163 0.04079840643675542
13456 1.193095028642343 329816.80352783203 276438 0.04079840643675542
13924 1.2331946038062143 341287.83979797363 276751 0.04079840643675542
14400 1.2152799190107224 352954.9621582031 290431 0.04079840643675542
14884 1.2627660766501 364818.1706085205 288904 0.04079840643675542
15376 1.2652499266417534 376877.4651489258 297868 0.04079840643675542
15876 1.2897664158040851 389132.84577941895 301708 0.04079840643675542
16384 1.2458716866460668 401584.3125 322332 0.04079840643675542
16900 1.270306988637021 414231.86531066895 326088 0.04079840643675542
17424 1.242032921755365 427075.5042114258 343852 0.04079840643675542
17956 1.254962159116825 440115.2292022705 350700 0.04079840643675542
18496 1.225011525331627 453351.0402832031 370079 0.04079840643675542
19044 1.2245478279857278 466782.93745422363 381188 0.04079840643675542
19600 1.2028164913191672 480410.92071533203 399405 0.04079840643675542
20164 1.2037893787272407 494234.9900665283 410566 0.04079840643675542
20736 1.182189407754834 508255.1455078125 429927 0.04079840643675542
21316 1.162414008999879 522471.38703918457 449471 0.04079840643675542
21904 1.138140665353694 536883.7146606445 471720 0.04079840643675542
22500 1.109191291209996 551492.1283721924 497202 0.04079840643675542
23104 1.1334251904374373 566296.6281738281 499633 0.04079840643675542
23716 1.1124837118160609 581297.2140655518 522522 0.04079840643675542
24336 1.0917118474321417 596493.8860473633 546384 0.04079840643675542
24964 1.1062297408904678 611886.6441192627 553128 0.04079840643675542
25600 1.1349360310256604 627475.48828125 552873 0.04079840643675542
26244 1.1190601934743716 643260.4185333252 574822 0.04079840643675542
26896 1.126995127617489 659241.4348754883 584955 0.04079840643675542
27556 1.1660587421063395 675418.5373077393 579232 0.04079840643675542
28224 1.1550151863942295 691791.7258300781 598946 0.04079840643675542
28900 1.158808345126823 708361.0004425049 611284 0.04079840643675542
29584 1.1877036944169956 725126.3611450195 610528 0.04079840643675542
30276 1.166914815765044 742087.8079376221 635940 0.04079840643675542
30976 1.189638822058887 759245.3408203125 638215 0.04079840643675542
31684 1.2034174246167697 776598.9597930908 645328 0.04079840643675542
32400 1.1855336214346706 794148.664855957 669866 0.04079840643675542
33124 1.1913484765909375 811894.4560089111 681492 0.04079840643675542
33856 1.1901338996217397 829836.3332519531 697263 0.04079840643675542
34596 1.1724351810141083 847974.296585083 723259 0.04079840643675542
35344 1.1837902321620817 866308.3460083008 731809 0.04079840643675542
36100 1.1633442609332991 884838.4815216064 760599 0.04079840643675542
36864 1.1473240163051828 903564.703125 787541 0.04079840643675542
37636 1.166221466132934 922487.0108184814 791005 0.04079840643675542
38416 1.1438313570310734 941605.4046020508 823203 0.04079840643675542
39204 1.1369088225750328 960919.884475708 845204 0.04079840643675542
40000 1.1529118238459224 980430.4504394531 850395 0.04079840643675542
40804 1.12846374234531 1000137.1024932861 886282 0.04079840643675542
41616 1.1226105184906618 1020039.840637207 908632 0.04079840643675542
42436 1.1144752805598375 1040138.6648712158 933299 0.04079840643675542
43264 1.0875962926030742 1060433.5751953125 975025 0.04079840643675542
44100 1.0776624872605594 1080924.571609497 1003027 0.04079840643675542
44944 1.053022057322727 1101611.6541137695 1046143 0.04079840643675542
45796 1.0670620179382555 1122494.8227081299 1051949 0.04079840643675542
46656 1.0746896921921387 1143574.0773925781 1064097 0.04079840643675542
47524 1.0536941668155726 1164849.4181671143 1105491 0.04079840643675542
48400 1.0442790525789958 1186320.8450317383 1136019 0.04079840643675542
49284 1.049221247965551 1207988.3579864502 1151319 0.04079840643675542
50176 1.0629487994849263 1229851.95703125 1157019 0.04079840643675542
51076 1.0702633377014368 1251911.6421661377 1169723 0.04079840643675542
51984 1.0697778054394609 1274167.4133911133 1191058 0.04079840643675542
52900 1.0647532739947172 1296619.2707061768 1217765 0.04079840643675542
53824 1.0727842945870154 1319267.2141113281 1229760 0.04079840643675542
54756 1.1032898194244851 1342111.2436065674 1216463 0.04079840643675542
55696 1.1035994040350028 1365151.3591918945 1236999 0.04079840643675542
56644 1.0961687130144828 1388387.5608673096 1266582 0.04079840643675542
57600 1.0913882565188717 1411819.8486328125 1293600 0.04079840643675542
58564 1.1211969101248032 1435448.2224884033 1280282 0.04079840643675542
59536 1.1283457880003882 1459272.682434082 1293285 0.04079840643675542
60516 1.1102660432565223 1483293.2284698486 1335980 0.04079840643675542
61504 1.1249930863531605 1507509.8605957031 1340017 0.04079840643675542
62500 1.1262182289041354 1531922.5788116455 1360236 0.04079840643675542
63504 1.1514594597664398 1556531.3831176758 1351790 0.04079840643675542
64516 1.1294000622172058 1581336.273513794 1400156 0.04079840643675542
65536 1.1161041344157594 1606337.25 1439236 0.04079840643675542
66564 1.133258626598819 1631534.312576294 1439684 0.04079840643675542
67600 1.1320122492521874 1656927.4612426758 1463701 0.04079840643675542
68644 1.0891154243748058 1682516.6959991455 1544847 0.04079840643675542
69696 1.1016399259979126 1708302.0168457031 1550690 0.04079840643675542
70756 1.1224125620946392 1734283.4237823486 1545139 0.04079840643675542
71824 1.1156081620915992 1760460.916809082 1578028 0.04079840643675542
72900 1.093101806706714 1786834.4959259033 1634646 0.04079840643675542
73984 1.073662505281451 1813404.1611328125 1688989 0.04079840643675542
75076 1.0764885100901591 1840169.9124298096 1709419 0.04079840643675542
76176 1.094672043577944 1867131.7498168945 1705654 0.04079840643675542
77284 1.0732403862474384 1894289.6732940674 1765019 0.04079840643675542
78400 1.0793846944198204 1921643.6828613281 1780314 0.04079840643675542
79524 1.0949831715844314 1949193.7785186768 1780113 0.04079840643675542
80656 1.0834019966911193 1976939.9602661133 1824752 0.04079840643675542
81796 1.0629185205763094 2004882.2281036377 1886205 0.04079840643675542
82944 1.063945781720754 2033020.58203125 1910831 0.04079840643675542
84100 1.0607601381627 2061355.0220489502 1943281 0.04079840643675542
85264 1.0564341363970278 2089885.5481567383 1978245 0.04079840643675542
86436 1.0370134030519005 2118612.1603546143 2042994 0.04079840643675542
87616 1.0233168836409086 2147534.858642578 2098602 0.04079840643675542
88804 1.0060319028124058 2176653.64302063 2163603 0.04079840643675542
90000 0.9976719961724168 2205968.5134887695 2211116 0.04079840643675542
91204 1.0147750746832276 2235479.470046997 2202931 0.04079840643675542
92416 1.0261836553028545 2265186.5126953125 2207389 0.04079840643675542
93636 1.0189072686021963 2295089.641433716 2252501 0.04079840643675542
94864 1.0111319218913837 2325188.856262207 2299590 0.04079840643675542
96100 1.0125505342334165 2355484.157180786 2326288 0.04079840643675542
97344 0.9892940962624754 2385975.544189453 2411796 0.04079840643675542
98596 0.9951303124239838 2416663.017288208 2428489 0.04079840643675542
99856 1.002075998485574 2447546.576477051 2442476 0.04079840643675542
101124 1.0192746480447172 2478626.2217559814 2431755 0.04079840643675542
102400 1.0251640441421839 2509901.953125 2448293 0.04079840643675542
103684 1.0119725587449508 2541373.7705841064 2511307 0.04079840643675542
104976 1.018914224150094 2573041.674133301 2525278 0.04079840643675542
106276 1.0132358142909088 2604905.663772583 2570878 0.04079840643675542
107584 1.0201260839229804 2636965.739501953 2584941 0.04079840643675542
108900 1.0389699682540727 2669221.901321411 2569104 0.04079840643675542
110224 1.0483283119377775 2701674.149230957 2577126 0.04079840643675542
111556 1.0351725922982213 2734322.483230591 2641417 0.04079840643675542
112896 1.0141878422522894 2767166.9033203125 2728456 0.04079840643675542
114244 1.0446687449682863 2800207.409500122 2680474 0.04079840643675542
115600 1.0447956466061519 2833444.0017700195 2711960 0.04079840643675542
116964 1.0644456086963805 2866876.680130005 2693305 0.04079840643675542
118336 1.0706263012136492 2900505.444580078 2709167 0.04079840643675542
119716 1.0529480285176274 2934330.2951202393 2786776 0.04079840643675542
121104 1.0351415589976525 2968351.2317504883 2867580 0.04079840643675542
122500 1.0622949771203405 3002568.254470825 2826492 0.04079840643675542
123904 1.0729456914734916 3036981.36328125 2830508 0.04079840643675542
125316 1.0759321813796054 3071590.5581817627 2854818 0.04079840643675542
126736 1.081997671588454 3106395.8391723633 2870982 0.04079840643675542
128164 1.0707313203856503 3141397.2062530518 2933880 0.04079840643675542
129600 1.0688756192324675 3176594.659423828 2971903 0.04079840643675542
131044 1.0625339936653595 3211988.1986846924 3022951 0.04079840643675542
132496 1.0693508262650782 3247577.8240356445 3036962 0.04079840643675542
133956 1.0750970314093589 3283363.5354766846 3054016 0.04079840643675542
135424 1.0722310496685643 3319345.3330078125 3095737 0.04079840643675542
136900 1.0694018742142966 3355523.2166290283 3137757 0.04079840643675542
138384 1.053849942487109 3391897.186340332 3218577 0.04079840643675542
139876 1.0546832388949496 3428467.2421417236 3250708 0.04079840643675542
141376 1.0647157259238216 3465233.384033203 3254609 0.04079840643675542
142884 1.0505614016186413 3502195.6120147705 3333642 0.04079840643675542
144400 1.0261489388107679 3539353.926086426 3449162 0.04079840643675542
145924 1.0434285845870868 3576708.326248169 3427842 0.04079840643675542
147456 1.036726225631579 3614258.8125 3486223 0.04079840643675542
148996 1.0381592272496265 3652005.384841919 3517770 0.04079840643675542
150544 1.0254267859348163 3689948.043273926 3598451 0.04079840643675542
152100 1.0381713426813048 3728086.7877960205 3591013 0.04079840643675542
153664 1.0327774485981198 3766421.618408203 3646886 0.04079840643675542
155236 1.0193246910069456 3804952.5351104736 3732817 0.04079840643675542
156816 1.026321723120714 3843679.537902832 3745102 0.04079840643675542
158404 1.01774502675564 3882602.6267852783 3814907 0.04079840643675542
160000 1.040627637378911 3921721.8017578125 3768612 0.04079840643675542
161604 1.0341180206681824 3961037.0628204346 3830353 0.04079840643675542
163216 1.0194303312269213 4000548.4099731445 3924298 0.04079840643675542
164836 1.002884063075413 4040255.8432159424 4028637 0.04079840643675542
166464 1.0138863111433005 4080159.362548828 4024277 0.04079840643675542
168100 0.9923005132837812 4120258.9679718018 4152229 0.04079840643675542
169744 1.0041530819129711 4160554.6594848633 4143347 0.04079840643675542
171396 1.0038968827178978 4201046.437088013 4184739 0.04079840643675542
173056 0.9855772577118932 4241734.30078125 4303807 0.04079840643675542
174724 0.9751751624824838 4282618.250564575 4391640 0.04079840643675542
176400 0.9711089059726216 4323698.286437988 4452331 0.04079840643675542
178084 0.9605761836890984 4364974.408401489 4544121 0.04079840643675542
179776 0.9536551560343043 4406446.616455078 4620587 0.04079840643675542
181476 0.9650128760369617 4448114.910598755 4609384 0.04079840643675542
183184 0.9730349513669946 4489979.2908325195 4614407 0.04079840643675542
184900 0.97949619436137 4532039.757156372 4626909 0.04079840643675542
186624 0.9787861333712595 4574296.3095703125 4673438 0.04079840643675542
188356 0.9765498835510065 4616748.948074341 4727612 0.04079840643675542
190096 0.9524916442127849 4659397.672668457 4891799 0.04079840643675542
191844 0.9409539771470556 4702242.483352661 4997314 0.04079840643675542
193600 0.9308408649706078 4745283.380126953 5097846 0.04079840643675542
195364 0.9365243862972764 4788520.362991333 5113076 0.04079840643675542
197136 0.9479645310209867 4831953.431945801 5097188 0.04079840643675542
198916 0.9577217994434988 4875582.586990356 5090813 0.04079840643675542
200704 0.9609214995002411 4919407.828125 5119469 0.04079840643675542
202500 0.9706210900776472 4963429.155349731 5113663 0.04079840643675542
204304 0.9675131011185439 5007646.568664551 5175792 0.04079840643675542
206116 0.9628513914236839 5052060.068069458 5246978 0.04079840643675542
207936 0.9657948974156733 5096669.653564453 5277176 0.04079840643675542
209764 0.9713511575787076 5141475.325149536 5293117 0.04079840643675542
211600 0.9637739228595971 5186477.082824707 5381425 0.04079840643675542
213444 0.9649814520202633 5231674.926589966 5421529 0.04079840643675542
215296 0.9719189368014711 5277068.8564453125 5429536 0.04079840643675542
217156 0.9845473450738212 5322658.872390747 5406199 0.04079840643675542
219024 0.9965498573196013 5368444.9744262695 5387031 0.04079840643675542
220900 1.001658352402353 5414427.16255188 5405463 0.04079840643675542
222784 0.9908511459787568 5460605.436767578 5511025 0.04079840643675542
224676 0.9881420362176584 5506979.797073364 5573065 0.04079840643675542
226576 0.9836189985737323 5553550.243469238 5646038 0.04079840643675542
228484 0.9891571155328801 5600316.7759552 5661706 0.04079840643675542
230400 0.9857545518470856 5647279.39453125 5728890 0.04079840643675542
232324 0.9975443621177754 5694438.099197388 5708456 0.04079840643675542
234256 1.0103791768427264 5741792.889953613 5682810 0.04079840643675542
236196 1.0145229504970459 5789343.766799927 5706469 0.04079840643675542
238144 1.0034845023169572 5837090.729736328 5816822 0.04079840643675542
240100 0.9940754085504551 5885033.778762817 5920108 0.04079840643675542
242064 0.9965384882885189 5933172.9138793945 5953782 0.04079840643675542
244036 1.0000760961466248 5981508.13508606 5981053 0.04079840643675542
246016 1.014369713369728 6030039.4423828125 5944617 0.04079840643675542
248004 1.012200293093038 6078766.835769653 6005498 0.04079840643675542
250000 1.0143751767543026 6127690.315246582 6040852 0.04079840643675542
252004 1.018919440501422 6176809.880813599 6062118 0.04079840643675542
254016 1.033653754966361 6226125.532470703 6023415 0.04079840643675542
256036 0.9999425223236043 6275637.2702178955 6275998 0.04079840643675542
258064 1.0162899734132442 6325345.094055176 6223957 0.04079840643675542
260100 0.9986190623031789 6375249.003982544 6384065 0.04079840643675542
262144 1 6425349 6425349 0.04079840643675542
