4 0.4207252437232906 98.44970703125 234 0.04062988220706758
16 0.7108282096119134 393.798828125 554 0.04062988220706758
36 1.153707504272461 886.04736328125 768 0.04062988220706758
64 1.3673570421006944 1575.1953125 1152 0.04062988220706758
100 1.2257184640344871 2461.24267578125 2008 0.04062988220706758
144 1.573097848701731 3544.189453125 2253 0.04062988220706758
196 1.5446800014509285 4824.03564453125 3123 0.04062988220706758
256 1.7201150013650013 6300.78125 3663 0.04062988220706758
324 1.4955788202421698 7974.42626953125 5332 0.04062988220706758
400 1.5506332813238306 9844.970703125 6349 0.04062988220706758
484 1.6442256108738786 11912.41455078125 7245 0.04062988220706758
576 1.6211272512864494 14176.7578125 8745 0.04062988220706758
676 1.4583224198686344 16638.00048828125 11409 0.04062988220706758
784 1.4736629431896289 19296.142578125 13094 0.04062988220706758
900 1.488054822116838 22151.18408203125 14886 0.04062988220706758
1024 1.5985744640365342 25203.125 15766 0.04062988220706758
1156 1.5493337688973672 28451.96533203125 18364 0.04062988220706758
1296 1.5164830787356185 31897.705078125 21034 0.04062988220706758
1444 1.3940670055025202 35540.34423828125 25494 0.04062988220706758
1600 1.4016188358663155 39379.8828125 28096 0.04062988220706758
1764 1.4482727600500784 43416.32080078125 29978 0.04062988220706758
1936 1.521381168682152 47649.658203125 31320 0.04062988220706758
2116 1.5062005095737412 52079.89501953125 34577 0.04062988220706758
2304 1.4732925759937645 56707.03125 38490 0.04062988220706758
2500 1.4468025792878094 61531.06689453125 42529 0.04062988220706758
2704 1.3652252800755929 66552.001953125 48748 0.04062988220706758
2916 1.3490824343649552 71769.83642578125 53199 0.04062988220706758
3136 1.3258081026590172 77184.5703125 58217 0.04062988220706758
3364 1.3381420889756803 82796.20361328125 61874 0.04062988220706758
3600 1.3773684703341418 88604.736328125 64329 0.04062988220706758
3844 1.400180086680942 94610.16845703125 67570 0.04062988220706758
4096 1.3875316560229025 100812.5 72656 0.04062988220706758
4356 1.3675140111102342 107211.73095703125 78399 0.04062988220706758
4624 1.3681460536656689 113807.861328125 83184 0.04062988220706758
4900 1.3544422357484895 120600.89111328125 89041 0.04062988220706758
5184 1.3341993737647835 127590.8203125 95631 0.04062988220706758
5476 1.2279081004881585 134777.64892578125 109762 0.04062988220706758
5776 1.2243891631336772 142161.376953125 116108 0.04062988220706758
6084 1.1927927129778892 149742.00439453125 125539 0.04062988220706758
6400 1.2230347007624578 157519.53125 128794 0.04062988220706758
6724 1.207526760058454 165493.95751953125 137052 0.04062988220706758
7056 1.2751878521097675 173665.283203125 136188 0.04062988220706758
7396 1.299515329322101 182033.50830078125 140078 0.04062988220706758
7744 1.326466415748596 190598.6328125 143689 0.04062988220706758
8100 1.3340157968087125 199360.65673828125 149444 0.04062988220706758
8464 1.3453078810849601 208319.580078125 154849 0.04062988220706758
8836 1.33808784283246 217475.40283203125 162527 0.04062988220706758
9216 1.2986838715218139 226828.125 174660 0.04062988220706758
9604 1.2925080329064553 236377.74658203125 182883 0.04062988220706758
10000 1.3015010870937507 246124.267578125 189108 0.04062988220706758
10404 1.260312080974718 256067.68798828125 203178 0.04062988220706758
10816 1.2199736389706153 266208.0078125 218208 0.04062988220706758
11236 1.173273372750489 276545.22705078125 235704 0.04062988220706758
11664 1.208704246992232 287079.345703125 237510 0.04062988220706758
12100 1.164135718996999 297810.36376953125 255821 0.04062988220706758
12544 1.1820040706511128 308738.28125 261199 0.04062988220706758
12996 1.192300029613497 319863.09814453125 268274 0.04062988220706758
13456 1.1959282209864874 331184.814453125 276927 0.04062988220706758
13924 1.2386990362887158 342703.43017578125 276664 0.04062988220706758
14400 1.2244184679436465 354418.9453125 289459 0.04062988220706758
14884 1.2711100002889724 366331.35986328125 288198 0.04062988220706758
15376 1.2675149591153971 378440.673828125 298569 0.04062988220706758
15876 1.2983133826426039 390746.88720703125 300965 0.04062988220706758
16384 1.251579022511352 403250 322193 0.04062988220706758
16900 1.275611162347257 415950.01220703125 326079 0.04062988220706758
17424 1.2461481261241856 428846.923828125 344138 0.04062988220706758
17956 1.2621829407188017 441940.73486328125 350140 0.04062988220706758
18496 1.232310301241429 455231.4453125 369413 0.04062988220706758
19044 1.2311126451844394 468719.05517578125 380728 0.04062988220706758
19600 1.2065760018536837 482403.564453125 399812 0.04062988220706758
20164 1.2151338650030146 496284.97314453125 408420 0.04062988220706758
20736 1.1972433301194985 510363.28125 426282 0.04062988220706758
21316 1.1804855898834254 524638.4887695312 444426 0.04062988220706758
21904 1.142202824842635 539110.595703125 471992 0.04062988220706758
22500 1.1054963479163507 553779.6020507812 500933 0.04062988220706758
23104 1.1405804496417669 568645.5078125 498558 0.04062988220706758
23716 1.1208756281447367 583708.3129882812 520761 0.04062988220706758
24336 1.1059211810504874 598968.017578125 541601 0.04062988220706758
24964 1.1139942119260617 614424.6215820312 551551 0.04062988220706758
25600 1.1463698694937858 630078.125 549629 0.04062988220706758
26244 1.1333670126193698 645928.5278320312 569920 0.04062988220706758
26896 1.1284384195798458 661975.830078125 586630 0.04062988220706758
27556 1.16730813087902 678220.0317382812 581012 0.04062988220706758
28224 1.1579557575349682 694661.1328125 599903 0.04062988220706758
28900 1.1600471216522517 711299.1333007812 613164 0.04062988220706758
29584 1.1987442390249896 728134.033203125 607414 0.04062988220706758
30276 1.190649858303504 745165.8325195312 625848 0.04062988220706758
30976 1.1871550448222759 762394.53125 642203 0.04062988220706758
31684 1.2153148304081614 779820.1293945312 641661 0.04062988220706758
32400 1.1900139483446424 797442.626953125 670112 0.04062988220706758
33124 1.1970522685671137 815262.0239257812 681058 0.04062988220706758
33856 1.1949040958937995 833278.3203125 697360 0.04062988220706758
34596 1.1667975522539784 851491.5161132812 729768 0.04062988220706758
35344 1.194414466582991 869901.611328125 728308 0.04062988220706758
36100 1.1672564496790978 888508.6059570312 761194 0.04062988220706758
36864 1.1472058658041773 907312.5 790889 0.04062988220706758
37636 1.1763081919515301 926313.2934570312 787475 0.04062988220706758
38416 1.1535897347300594 945510.986328125 819625 0.04062988220706758
39204 1.1461523862059608 964905.5786132812 841865 0.04062988220706758
40000 1.1624563505639909 984497.0703125 846911 0.04062988220706758
40804 1.1439047564776623 1004285.4614257812 877945 0.04062988220706758
41616 1.1302784362064962 1024270.751953125 906211 0.04062988220706758
42436 1.1187622492521054 1044452.9418945312 933579 0.04062988220706758
43264 1.0922922586320087 1064832.03125 974860 0.04062988220706758
44100 1.0544616786738121 1085408.0200195312 1029348 0.04062988220706758
44944 1.0374430444096734 1106180.908203125 1066257 0.04062988220706758
45796 1.0701207506370793 1127150.6958007812 1053293 0.04062988220706758
46656 1.0784834241330377 1148317.3828125 1064752 0.04062988220706758
47524 1.0593890360809315 1169680.9692382812 1104109 0.04062988220706758
48400 1.033910292029677 1191241.455078125 1152171 0.04062988220706758
49284 1.0465656052589163 1212998.8403320312 1159028 0.04062988220706758
50176 1.069237371048109 1234953.125 1154985 0.04062988220706758
51076 1.0755080083894908 1257104.3090820312 1168847 0.04062988220706758
51984 1.0718114350728893 1279452.392578125 1193729 0.04062988220706758
52900 1.0693241935400872 1301997.3754882812 1217589 0.04062988220706758
53824 1.0799704378878467 1324739.2578125 1226644 0.04062988220706758
54756 1.110867705552023 1347678.0395507812 1213176 0.04062988220706758
55696 1.113227377504493 1370813.720703125 1231387 0.04062988220706758
56644 1.1009439969466865 1394146.3012695312 1266319 0.04062988220706758
57600 1.0955001439235292 1417675.78125 1294090 0.04062988220706758
58564 1.1224798252539137 1441402.1606445312 1284123 0.04062988220706758
59536 1.129271253484839 1465325.439453125 1297585 0.04062988220706758
60516 1.1209433409438705 1489445.6176757812 1328743 0.04062988220706758
61504 1.1346389688251424 1513762.6953125 1334136 0.04062988220706758
62500 1.1366150866001676 1538276.6723632812 1353384 0.04062988220706758
63504 1.1580473438628744 1562987.548828125 1349675 0.04062988220706758
64516 1.1343973114919104 1587895.3247070312 1399770 0.04062988220706758
65536 1.1202337975856287 1613000 1439878 0.04062988220706758
66564 1.139220476261591 1638301.5747070312 1438090 0.04062988220706758
67600 1.1384194654999145 1663800.048828125 1461500 0.04062988220706758
68644 1.136261204502876 1689495.4223632812 1486890 0.04062988220706758
69696 1.1203563530176492 1715387.6953125 1531109 0.04062988220706758
70756 1.1287336481660224 1741476.8676757812 1542859 0.04062988220706758
71824 1.1265721481750175 1767762.939453125 1569152 0.04062988220706758
72900 1.1040113749546403 1794245.9106445312 1625206 0.04062988220706758
73984 1.1002998189960216 1820925.78125 1654936 0.04062988220706758
75076 1.10838869446864 1847802.5512695312 1667107 0.04062988220706758
76176 1.1034200751570638 1874876.220703125 1699150 0.04062988220706758
77284 1.0787768394792674 1902146.7895507812 1763244 0.04062988220706758
78400 1.087358401191769 1929614.2578125 1774589 0.04062988220706758
79524 1.101441194388954 1957278.6254882812 1777016 0.04062988220706758
80656 1.088423603573136 1985139.892578125 1823867 0.04062988220706758
81796 1.067172260641137 2013198.0590820312 1886479 0.04062988220706758
82944 1.0615246709405954 2041453.125 1923133 0.04062988220706758
84100 1.0623811004165706 2069905.0903320312 1948364 0.04062988220706758
85264 1.0504445466526668 2098553.955078125 1997777 0.04062988220706758
86436 1.0323384498511137 2127399.7192382812 2060758 0.04062988220706758
87616 1.027821452568812 2156442.3828125 2098071 0.04062988220706758
88804 1.0047611027321348 2185681.9458007812 2175325 0.04062988220706758
90000 0.9996233711649684 2215118.408203125 2215953 0.04062988220706758
91204 1.0228910370799276 2244751.7700195312 2194517 0.04062988220706758
92416 1.0302290931502767 2274582.03125 2207841 0.04062988220706758
93636 1.0208588149360942 2304609.1918945312 2257520 0.04062988220706758
94864 1.0165809232054868 2334833.251953125 2296751 0.04062988220706758
96100 1.016354987070596 2365254.2114257812 2327193 0.04062988220706758
97344 0.9903846007278228 2395872.0703125 2419133 0.04062988220706758
98596 1.0031420249686374 2426686.8286132812 2419086 0.04062988220706758
99856 1.0094610534875141 2457698.486328125 2434664 0.04062988220706758
101124 1.0241155690954205 2488907.0434570312 2430299 0.04062988220706758
102400 1.0260605382078736 2520312.5 2456300 0.04062988220706758
103684 1.0169604762805706 2551914.8559570312 2509355 0.04062988220706758
104976 1.0254445187926853 2583714.111328125 2519604 0.04062988220706758
106276 1.0202935565043434 2615710.2661132812 2563684 0.04062988220706758
107584 1.0263974886115335 2647903.3203125 2579803 0.04062988220706758
108900 1.0456102531643927 2680293.2739257812 2563377 0.04062988220706758
110224 1.05469540075458 2712880.126953125 2572193 0.04062988220706758
111556 1.0530492997072622 2745663.8793945312 2607346 0.04062988220706758
112896 1.0361820853119275 2778644.53125 2681618 0.04062988220706758
114244 1.0481247490956114 2811822.0825195312 2682717 0.04062988220706758
115600 1.0484824341401822 2845196.533203125 2713633 0.04062988220706758
116964 1.0713631872780645 2878767.8833007812 2687014 0.04062988220706758
118336 1.0745771781501416 2912536.1328125 2710402 0.04062988220706758
119716 1.0571056670160865 2946501.2817382812 2787329 0.04062988220706758
121104 1.0713058972609515 2980663.330078125 2782271 0.04062988220706758
122500 1.0689093191654668 3015022.2778320312 2820653 0.04062988220706758
123904 1.0779112933013568 3049578.125 2829155 0.04062988220706758
125316 1.0763159714862809 3084330.8715820312 2865637 0.04062988220706758
126736 1.0884691677843932 3119280.517578125 2865750 0.04062988220706758
128164 1.0774435129153714 3154427.0629882812 2927696 0.04062988220706758
129600 1.07458475017897 3189770.5078125 2968375 0.04062988220706758
131044 1.0706251921714074 3225310.8520507812 3012549 0.04062988220706758
132496 1.0791483212072268 3261048.095703125 3021872 0.04062988220706758
133956 1.066511343597883 3296982.2387695312 3091371 0.04062988220706758
135424 1.0764823191446826 3333113.28125 3096301 0.04062988220706758
136900 1.0713722940245767 3369441.2231445312 3144977 0.04062988220706758
138384 1.0591731228731196 3405966.064453125 3215684 0.04062988220706758
139876 1.0598925311210514 3442687.8051757812 3248148 0.04062988220706758
141376 1.0726330031364193 3479606.4453125 3243986 0.04062988220706758
142884 1.067842018810105 3516721.9848632812 3293298 0.04062988220706758
144400 1.0436494440221769 3554034.423828125 3405391 0.04062988220706758
145924 1.0380433294229403 3591543.7622070312 3459917 0.04062988220706758
147456 1.0424727393055524 3629250 3481386 0.04062988220706758
148996 1.047661055721422 3667153.1372070312 3500324 0.04062988220706758
150544 1.0578020557436796 3705253.173828125 3502785 0.04062988220706758
152100 1.0433956212429218 3743550.1098632812 3587853 0.04062988220706758
153664 1.0391800808673013 3782043.9453125 3639450 0.04062988220706758
155236 1.027841530903103 3820734.6801757812 3717241 0.04062988220706758
156816 1.0135890194071724 3859622.314453125 3807877 0.04062988220706758
158404 1.0199766813926545 3898706.8481445312 3822349 0.04062988220706758
160000 1.0328103911971143 3937988.28125 3812886 0.04062988220706758
161604 1.0352440408274868 3977466.6137695312 3842057 0.04062988220706758
163216 1.0273153022131445 4017141.845703125 3910330 0.04062988220706758
164836 1.01388469370536 4057013.9770507812 4001455 0.04062988220706758
166464 1.0215442503489436 4097083.0078125 4010676 0.04062988220706758
168100 1.0090373878130858 4137348.9379882812 4100293 0.04062988220706758
169744 1.0126913953174912 4177811.767578125 4125454 0.04062988220706758
171396 1.0096338886453848 4218471.496582031 4178219 0.04062988220706758
173056 0.992982776491411 4259328.125 4289428 0.04062988220706758
174724 0.9802116597071049 4300381.652832031 4387197 0.04062988220706758
176400 0.9774851107932383 4341632.080078125 4441635 0.04062988220706758
178084 0.9675618582101161 4383079.406738281 4530025 0.04062988220706758
179776 0.9632305161806711 4424723.6328125 4593629 0.04062988220706758
181476 0.9724222222199733 4466564.758300781 4593236 0.04062988220706758
183184 0.9793739411887517 4508602.783203125 4603556 0.04062988220706758
184900 0.9847559082635092 4550837.707519531 4621285 0.04062988220706758
186624 0.9798841213154637 4593269.53125 4687564 0.04062988220706758
188356 0.9782076577013665 4635898.254394531 4739176 0.04062988220706758
190096 0.965479417391567 4678723.876953125 4846011 0.04062988220706758
191844 0.964640689619439 4721746.398925781 4894824 0.04062988220706758
193600 0.9537531145441688 4764965.8203125 4996016 0.04062988220706758
195364 0.949246613368563 4808382.141113281 5065472 0.04062988220706758
197136 0.952334243991353 4851995.361328125 5094845 0.04062988220706758
198916 0.9632518362141265 4895805.480957031 5082581 0.04062988220706758
200704 0.9645767231772567 4939812.5 5121223 0.04062988220706758
202500 0.9734422277333697 4984016.418457031 5119992 0.04062988220706758
204304 0.9720798145716602 5028417.236328125 5172844 0.04062988220706758
206116 0.9663384440631662 5073014.953613281 5249729 0.04062988220706758
207936 0.9657764203485039 5117809.5703125 5299166 0.04062988220706758
209764 0.9752305114832067 5162801.086425781 5293929 0.04062988220706758
211600 0.9645623561655763 5207989.501953125 5399329 0.04062988220706758
213444 0.9715773007973155 5253374.816894531 5407058 0.04062988220706758
215296 0.9733040019576444 5298957.03125 5444298 0.04062988220706758
217156 0.9870843735665389 5344736.145019531 5414670 0.04062988220706758
219024 0.997848921605374 5390712.158203125 5402333 0.04062988220706758
220900 1.0023500638812621 5436885.070800781 5424138 0.04062988220706758
222784 1.0022797253724924 5483254.8828125 5470783 0.04062988220706758
224676 0.9944956744765477 5529821.594238281 5560428 0.04062988220706758
226576 0.9749242450205367 5576585.205078125 5720019 0.04062988220706758
228484 0.9978426324966733 5623545.715332031 5635704 0.04062988220706758
230400 0.989535973025139 5670703.125 5730669 0.04062988220706758
232324 1.0021903956985871 5718057.434082031 5705560 0.04062988220706758
234256 1.0124140008797546 5765608.642578125 5694912 0.04062988220706758
236196 1.0197916108365077 5813356.750488281 5700534 0.04062988220706758
238144 1.0182944364327549 5861301.7578125 5755999 0.04062988220706758
240100 0.99651820934127 5909443.664550781 5930091 0.04062988220706758
242064 0.997193841392374 5957782.470703125 5974548 0.04062988220706758
244036 1.0042461975376926 6006318.176269531 5980922 0.04062988220706758
246016 1.0204033080759651 6055050.78125 5933978 0.04062988220706758
248004 1.0103510477451225 6103980.285644531 6041445 0.04062988220706758
250000 1.006561872865101 6153106.689453125 6112994 0.04062988220706758
252004 1.0256040951003733 6202429.992675781 6047587 0.04062988220706758
254016 1.0413181399352351 6251950.1953125 6003881 0.04062988220706758
256036 1.0200711946540528 6301667.297363281 6177674 0.04062988220706758
258064 1.0229122483824495 6351581.298828125 6209312 0.04062988220706758
260100 0.9928030260867632 6401692.199707031 6448099 0.04062988220706758
262144 1 6452000 6452000 0.04062988220706758
