4 0.0000054203555919229984 0.0014960181433707476 276 2673.764364239203
16 0.00004155605953807632 0.02393629029393196 576 668.4410910598008
36 0.00013770167001480744 0.12117746961303055 880 297.0849293599115
64 0.000329871356333257 0.3829806447029114 1161 167.1102727649502
100 0.00041816249535184133 0.9350113396067172 2236 106.95057456956813
144 0.0008335509517663323 1.9388395138084888 2326 74.27123233997787
196 0.0011263529514685372 3.591939562233165 3189 54.56661967835109
256 0.001604527445730972 6.127690315246582 3819 41.77756819123755
324 0.0017859124888383324 9.815375038655475 5496 33.009436595545715
400 0.0023240921910373585 14.960181433707476 6437 26.737643642392033
484 0.002953506153868813 21.903201637091115 7416 22.097226150737217
576 0.0035207618001289096 31.02143222093582 8811 18.567808084994468
676 0.003775538940780412 42.72777419281192 11317 15.821090912658008
784 0.004399864721767772 57.47103299573064 13062 13.641654919587772
900 0.005034963336533978 75.7359185081441 15042 11.883397174396459
1024 0.006226141172537328 98.04304504394531 15747 10.444392047809387
1156 0.006785539880116662 124.94893135246821 18414 9.251779807056067
1296 0.007421132247353161 157.0460006184876 21162 8.252359148886429
1444 0.007613941281817511 194.9625804622192 25606 7.406549485427155
1600 0.008642196011817873 239.3629029393196 27697 6.684410910598008
1764 0.009667301453378734 290.94710454088636 30096 6.06295774203901
1936 0.011223058547154866 350.45122619345784 31226 5.524306537684304
2116 0.011941560079269022 418.64721325901337 35058 5.054374979658229
2304 0.012896713494127037 496.34291553497314 38486 4.641952021248617
2500 0.013770255131113584 584.3820872541983 42438 4.278022982782725
2704 0.01403527863608349 683.6443870849907 48709 3.955272728164502
2916 0.014821598742213856 795.0453781310935 53641 3.6677151772828576
3136 0.0157754726952202 919.5365279316902 58289 3.410413729896943
3364 0.017018451578817605 1058.1052084614057 62174 3.1792679717469716
3600 0.018782836489658304 1211.7746961303055 64515 2.9708492935991146
3844 0.020896036960947037 1381.6041717838962 66118 2.7822730116953207
4096 0.021893771398508375 1568.688720703125 71650 2.611098011952347
4356 0.02312150514263124 1774.1593326043803 76732 2.4552473500819127
4624 0.02426016190131169 1999.1829016394913 82406 2.312944951764017
4900 0.02516266029720155 2244.962226395728 89218 2.182664787134043
5184 0.026342817708005384 2512.7360098958015 95386 2.063089787221607
5476 0.026449995373695686 2803.7788595978636 106003 1.953078425302559
5776 0.027941108967910886 3119.401287395507 111642 1.8516373713567889
6084 0.02824757765640265 3460.9497096177656 122522 1.7578989902953341
6400 0.030930185081925632 3829.8064470291138 123821 1.671102727649502
6724 0.03222144944914913 4227.389724829467 131198 1.5905796336937557
7056 0.03480150469602343 4655.153672654182 133763 1.5157394355097524
7396 0.03758571058197545 5114.588324574055 136078 1.4460596886096286
7744 0.03927119398170165 5607.2196190953255 142782 1.381076634421076
8100 0.0412407943419518 6134.609399159672 148751 1.3203774638218286
8464 0.043240582613948926 6698.355412144214 154909 1.2635937449145573
8836 0.044780616430364024 7300.091309861513 163019 1.2103958190308752
9216 0.04541885415247109 7941.48664855957 174850 1.1604880053121542
9604 0.04692522805705425 8624.246888921829 183787 1.1136044832316547
10000 0.04928634967090387 9350.113396067172 189710 1.0695057456956814
10404 0.049737149987713836 10120.863439549925 203487 1.0279755341173407
10816 0.04988170733684407 10938.310193359852 219285 0.9888181820411255
11236 0.04982757810547844 11804.30273592216 236903 0.9518563062439314
11664 0.05338091762140106 12720.726050097495 238301 0.9169287943207144
12100 0.053205261734274714 13689.501023181947 257296 0.8838890460294887
12544 0.0559452146797387 14712.584446907043 262982 0.8526034324742358
12996 0.05867065316347252 15791.969017439755 269163 0.8229499428252395
13456 0.06124224359669254 16929.68333538249 276438 0.7948169929367429
13924 0.06550217309340564 18127.791905773105 276751 0.7681023740991678
14400 0.06675731976987612 19388.39513808489 290431 0.7427123233997787
14884 0.07169727434104954 20713.629346226575 288904 0.7185606998761632
15376 0.07421296261613311 22105.66674854234 297868 0.6955682529238302
15876 0.07811100623056662 23566.715467811795 301708 0.6736619713376677
16384 0.07786698041537918 25099.01953125 322332 0.6527745029880867
16900 0.08189463847337973 26704.85887050745 326088 0.6328436365063203
17424 0.08255455638376419 28386.549321670085 343852 0.6138118375204782
17956 0.08596077167168316 30146.442625259282 350700 0.5956258329782141
18496 0.08643269795430668 31986.92642623186 370079 0.5782362379410042
19044 0.08895984205688554 33910.42427398008 381188 0.5615972199620255
19600 0.08993226329748413 35919.39562233165 399405 0.5456661967835108
20164 0.09259494412481721 38016.3358295497 410566 0.5304035636261065
20736 0.09351302932435698 40203.776158332825 429927 0.5157724468054018
21316 0.09452063375793998 42484.28377581504 449471 0.5017384808105091
21904 0.09509976628840375 44860.46175356582 471720 0.48826960632563976
22500 0.09520265217676127 47334.94906759006 497202 0.4753358869758583
23104 0.09989416351267454 49910.42059832811 499633 0.4629093428391972
23716 0.10064568980953102 52589.58713065577 522522 0.45096379899463707
24336 0.10134849364894333 55375.19535388425 546384 0.43947474757383354
24964 0.1053463716567598 58270.02786176023 553128 0.4284192219578919
25600 0.11083359677984966 61276.90315246582 552873 0.4177756819123755
26244 0.11203237807289661 64398.67562861857 574822 0.4075239085869842
26896 0.1156298101516723 67638.23559727147 584955 0.3976449084234389
27556 0.12257352713578144 70998.50926991296 579232 0.3881208251181889
28224 0.12435588310543338 74482.45876246691 598946 0.3789348588774381
28900 0.1277525374380691 78093.08209529263 611284 0.37007119228224267
29584 0.13403711736920318 81833.41319318488 610528 0.36151492215240716
30276 0.13477139649239528 85706.52188537386 635940 0.35325199686077463
30976 0.1405725561221927 89715.51390552521 638215 0.345269158605269
31684 0.1454508883726415 93863.53089174 645328 0.3375538901955818
32400 0.14652744039338428 98153.75038655475 669866 0.33009436595545716
33124 0.15053644919814382 102589.38583694142 681492 0.32287940638077567
33856 0.15370625803220223 107173.68659430742 697263 0.31589843622863933
34596 0.15473010071702611 111909.93791449559 723259 0.30914144574392455
35344 0.15960648332800526 116801.4609577842 731809 0.3025989547577188
36100 0.16020480277897683 121851.612788887 760599 0.2962619794170862
36864 0.16134243979291635 127063.78637695312 787541 0.29012200132803856
37636 0.16743435325385705 132441.4105955672 791005 0.28417093891372125
38416 0.1676232353656987 137987.95022274926 823203 0.2784011208079137
39204 0.17002629654019008 143706.9059409548 845204 0.2728052611202125
40000 0.17592038327727086 149601.81433707476 850395 0.26737643642392034
40804 0.17565091912329878 155676.24790243548 886282 0.26210806433086986
41616 0.17821716055872872 161933.8150327988 908632 0.25699388352933517
42436 0.18041180803618342 168378.16002836195 933299 0.25202793517194866
43264 0.17949587250968707 175012.96309375763 975025 0.24720454551028137
44100 0.1812931659247996 181841.94033805397 1003027 0.24251830968156038
44944 0.18053826654171998 188868.84377475455 1046143 0.23796407656098284
45796 0.18641346806907785 196097.4613217984 1051949 0.23353693460033217
46656 0.191271676173845 203531.61680155993 1064097 0.2292321985801786
47524 0.1910238707875949 211175.16994084907 1105491 0.22504539720892208
48400 0.19280664880685194 219032.01637091115 1136019 0.22097226150737218
49284 0.19725730890172657 227106.08762742695 1151319 0.21700871392250656
50176 0.20345504365141168 235401.3511505127 1157019 0.21315085811855894
51076 0.20852954954696115 243921.81028472004 1169723 0.2093949693976978
51984 0.2121403863447759 252671.50427903607 1191058 0.20573748570630987
52900 0.21486453321197715 261654.50828688336 1217765 0.20217499918632917
53824 0.22026650189152344 270874.93336611986 1229760 0.19870424823418573
54756 0.23045248928988307 280336.926479039 1216463 0.1953221100328149
55696 0.2344744583402005 290044.6704923697 1236999 0.19202559352479195
56644 0.23685981971737807 300002.38417727617 1266582 0.18881183279706257
57600 0.2398069899577599 310214.3222093582 1293600 0.18567808084994467
58564 0.25047979677028265 320684.775168651 1280282 0.18262170372510098
59536 0.25626066144710963 331418.0695396252 1293285 0.1796401749690408
60516 0.2563051600407093 342418.5677111868 1335980 0.1767310704104173
61504 0.26394491112924495 353690.6679766774 1340017 0.17389206323095754
62500 0.2685113498936022 365238.8045338739 1360236 0.17112091931130902
63504 0.27893936742022707 377067.4474849887 1351790 0.16841549283441692
64516 0.277955529838582 389181.10283666966 1400156 0.16577372213027486
65536 0.27902603360393985 401584.3125 1439236 0.16319362574702168
66564 0.2877587403141929 414281.65429049847 1439684 0.16067329873440317
67600 0.29191600055483957 427277.7419281192 1463701 0.15821090912658006
68644 0.28519149471582095 440577.22503725183 1544847 0.15580469461215565
69696 0.2928920604032536 454184.78914672136 1550690 0.15345295938011955
70756 0.3029534272902233 468105.1556897883 1545139 0.15115407113116644
71824 0.305661928688305 482343.0820041485 1578028 0.14890645824455354
72900 0.3039822452885416 496903.3613319334 1634646 0.1467086070913143
73984 0.303016078150722 511790.8228197098 1688989 0.14455905948525105
75076 0.30829792550479423 527010.3315184799 1709419 0.1424564102636903
76176 0.3180989745773066 542566.7883836813 1705654 0.14039930499050637
77284 0.316407432597149 558465.1302751873 1765019 0.13838643777440107
78400 0.322814026041084 574710.3299573064 1780314 0.1364165491958777
79524 0.3321740788920605 591307.3960987825 1780113 0.13448842433676392
80656 0.333339200764156 608261.3732727952 1824752 0.13260089090652663
81796 0.33165925334571766 625577.3419569593 1886205 0.13075281745998352
82944 0.3366390949975823 643260.4185333252 1910831 0.12894311170135045
84100 0.3403088669566463 661315.7552883786 1943281 0.12717071886987888
85264 0.3436119087438819 679748.5404130407 1978245 0.12543462020262727
86436 0.34193149759748104 698563.9980026681 2042994 0.12373383147018387
87616 0.3420216830333017 717767.3880570531 2098602 0.12206740158140994
88804 0.34080374564114724 737364.006480423 2163603 0.12043441125351124
90000 0.34252349722105985 757359.185081441 2211116 0.11883397174396458
91204 0.35305612911761886 777758.2915732053 2202931 0.11726522364103342
92416 0.3617698237932914 798566.7295732498 2207389 0.1157273357097993
93636 0.3639465370286379 819789.9386035439 2252501 0.11421950379081564
94864 0.36590583281823813 841433.3940904923 2299590 0.11274094974865927
96100 0.37119333778317004 863502.6073649351 2326288 0.11129092046781283
97344 0.3673623829138733 886003.125662148 2411796 0.10986868689345838
98596 0.37428233445646325 908940.532121842 2428489 0.10847354311490134
99856 0.3817112003508586 932320.4457881637 2442476 0.10710480548947297
101124 0.3931927852969131 956148.5216096949 2431755 0.10576181180488126
102400 0.4004547047430406 980430.4504394531 2448293 0.10444392047809388
103684 0.4002584944950542 1005171.9590348911 2511307 0.10315050978894345
104976 0.40802589261772254 1030378.8100578971 2525278 0.10188097714674604
106276 0.41077670821983575 1056056.802074795 2570878 0.10063473838831734
107584 0.41866014332874274 1082211.7695563436 2584941 0.09941122710585973
108900 0.4316094571795216 1108849.5828777377 2569104 0.09820989400327652
110224 0.44079185430538026 1135976.1483186074 2577126 0.09703020627954723
111556 0.4405201481110396 1163597.408063018 2641417 0.09587164703787168
112896 0.4367742562824801 1191719.3401994705 2728456 0.09473371471935953
114244 0.4552731937414432 1220347.9587209013 2680474 0.09361592256010655
115600 0.4607329435259672 1249489.313524682 2711960 0.09251779807056067
116964 0.47493673773026823 1279149.4904126201 2693305 0.09143888253613773
118336 0.4832978591171966 1309334.6110909581 2709167 0.09037873053810179
119716 0.48086061928564555 1340050.8331703742 2786776 0.08933690949377537
121104 0.4782096228059834 1371304.3501659818 2867580 0.08831299921519366
122500 0.49641088370224645 1403101.39149733 2826492 0.08730659148536174
123904 0.5071344869855176 1435448.2224884033 2830508 0.08631728965131726
125316 0.5143414201422373 1468351.1443676215 2854818 0.08534470823324086
126736 0.5231020237214444 1501816.49426784 2870982 0.08438847254889545
128164 0.5234878881298313 1535850.6452263494 2933880 0.08344821835271068
129600 0.5284358224965202 1570460.006184876 2971903 0.08252359148886429
131044 0.5311535059581123 1605651.0219895814 3022951 0.08161424755774253
132496 0.540484264666816 1641430.1733910628 3036962 0.08071985159519392
133956 0.54937628913678 1677803.9770443526 3054016 0.07984007776401814
135424 0.5539162356197954 1714778.9855089188 3095737 0.07897460905715983
136900 0.5584759391019333 1752361.7872486648 3137757 0.07812313701210236
138384 0.5563200776715702 1790559.0066319294 3218577 0.07728536143598114
139876 0.5627627285906599 1829377.303931487 3250708 0.07646099014095922
141376 0.5742082613685845 1868823.3753245473 3254609 0.0756497386894297
142884 0.5726181614260786 1908903.9528927554 3333642 0.07485133014862974
144400 0.5652462263651843 1949625.804622192 3449162 0.07406549485427155
145924 0.5808306609240954 1990995.734403373 3427842 0.07329197018281305
147456 0.5831585019177632 2033020.58203125 3486223 0.07253050033200964
148996 0.5900633706027426 2075707.22320521 3517770 0.07178083610940436
150544 0.5888818743201103 2119062.569529075 3598451 0.07104273472843031
152100 0.6023630570290621 2163093.5685111033 3591013 0.07031595961181338
153664 0.6053951792197475 2207807.203563988 3646886 0.06960028020197842
155236 0.6036220082594078 2253210.4940048577 3732817 0.06889547177817526
156816 0.6139513676944651 2299310.495055277 3745102 0.06820131528005313
158404 0.6149859741905227 2346114.2978412444 3814907 0.06751759713742592
160000 0.6351487044549017 2393629.029393196 3768612 0.06684410910598008
161604 0.6375030846102178 2441861.8526460016 3830353 0.06618064810869047
163216 0.6347173345242813 2490819.9664389677 3924298 0.06552701608271747
164836 0.6306129357189131 2540510.605515835 4028637 0.06488301983157085
166464 0.6438277088095031 2590941.0405247808 4024277 0.06424847088233379
168100 0.6363133097953935 2642118.5780184167 4152229 0.06362318534775023
169744 0.6502111844491401 2694050.560453791 4143347 0.06300698379298716
171396 0.6563717274105713 2746744.3661923865 4184739 0.062399691106891725
173056 0.650634986536367 2800207.409500122 4303807 0.06180113637757034
174724 0.6499729350646571 2854447.140547351 4391640 0.06121115277212526
176400 0.6534714165251558 2909471.0454088636 4452331 0.060629577420390095
178084 0.6525545085757803 2965286.646063884 4544121 0.0600562513025135
179776 0.6540081380127835 3021901.500396073 4620587 0.05949101914024571
181476 0.668055254713759 3079323.2021935256 4609384 0.058933729291789624
183184 0.679948557019087 3137559.381148774 4614407 0.058384233650083044
184900 0.690875420903844 3196617.7028587842 4626909 0.05784238754438514
186624 0.6968116125270002 3256505.868824959 4673438 0.05730804964504465
188356 0.7016717142720541 3317231.6164531345 4727612 0.05678108187133308
190096 0.6907075942927305 3378802.719053585 4891799 0.05626134930223052
191844 0.6886153213188161 3441226.985841018 4997314 0.055748720090056575
193600 0.687449613412131 3504512.2619345784 5097846 0.055243065376843044
195364 0.6979490287955517 3568666.4283578442 5113076 0.05474425921334951
197136 0.7128827506536607 3633697.4020388313 5097188 0.05425217848062664
198916 0.7267234400104637 3699613.1358099887 5090813 0.053766702814036144
200704 0.7357055230548721 3766421.618408203 5119469 0.053287714529639735
202500 0.7497816877011243 3834130.8744747946 5113663 0.052815098552873155
204304 0.7540389885365409 3902748.9645555206 5175792 0.05234874234942445
206116 0.7570612998759614 3972283.985100572 5246978 0.05188853585823912
207936 0.7660809623299616 4042744.068464577 5277176 0.05143437142657747
209764 0.7772617501004792 4114137.382906598 5293117 0.050986143747052945
211600 0.7779486163219098 4186472.1325901337 5381425 0.05054374979658229
213444 0.7857112924385569 4259756.557583117 5421529 0.050107088777181896
215296 0.798226392431677 4333998.933857918 5429536 0.04967606205854643
217156 0.8155836611436871 4409207.57329134 5406199 0.04925057312234897
219024 0.8326276243193373 4485390.823664624 5387031 0.04883052750820373
220900 0.8440640642001334 4562557.068663445 5405463 0.04841583276123501
222784 0.8420783298711065 4640714.727877915 5511025 0.04800639838119799
224676 0.8469078068894905 4719872.256802578 5573065 0.0476021357730991
226576 0.8501604393800429 4800038.146836419 5646038 0.04720295819926564
228484 0.8621466613213141 4881220.925282852 5661706 0.04680878073281636
230400 0.8663858365843525 4963429.155349731 5728890 0.046419520212486166
232324 0.8840694289575578 5046671.436149345 5708456 0.04603509519876041
234256 0.9028907182711399 5130956.402698416 5682810 0.045655425931275244
236196 0.9141016495346078 5216292.725918104 5706469 0.04528043428744269
238144 0.9116127522269039 5302689.112634003 5816822 0.0449100437422602
240100 0.9104824279516763 5390154.305576143 5920108 0.044544179329266194
242064 0.920204515949524 5478697.083378989 5953782 0.044182767602604325
244036 0.9309943016023169 5568326.260581442 5981053 0.04382573660016069
246016 0.9519622017073327 5659050.687626839 5944617 0.043473015807739386
248004 0.9576023921518165 5750879.2508629495 6005498 0.04312453612424321
250000 0.9673835532706285 5843820.872541983 6040852 0.042780229827827254
252004 0.9795065867771924 5937884.51082058 6062118 0.04244003054299461
254016 1.0016044319974333 6033079.1597598195 6023415 0.04210387320860423
256036 0.9766436906648496 6129413.8493252145 6275998 0.041771694046762224
258064 1.000472471995985 6226897.6453867145 6223957 0.041443430532568715
260100 0.9908325885965608 6325539.649718703 6384065 0.04111902136469363
262144 1 6425349 6425349 0.04079840643675542
