4 0.0394698248969184 10.893671671549479 276 0.3671856579307988
16 0.1513009954381872 87.14937337239583 576 0.1835928289653994
36 0.2879972669262657 253.43759489511382 880 0.14204680254679164
64 0.45038435851367353 522.896240234375 1161 0.12239521931026626
100 0.404606372788448 904.6998495549698 2236 0.11053389701478443
144 0.6044379018728447 1405.9225597562368 2326 0.10242384902406515
196 0.6372930851175029 2032.3276484397168 3189 0.09644114232785028
256 0.7302382686348956 2788.7799479166665 3819 0.0917964144826997
324 0.6694849531871436 3679.4893027165413 5496 0.08805569831682702
400 0.7314224895719786 4708.166565374827 6437 0.08495876142991877
484 0.7926280543843719 5878.129651314502 7416 0.08233911613224881
576 0.8162954216011885 7192.378959728072 8811 0.08008476795023844
676 0.7646596220929927 8653.652943226398 11317 0.0781172996461726
784 0.785826844386967 10264.470241382563 13062 0.07637997690705954
900 0.7995720244830434 12027.16239227394 15042 0.07483061844896564
1024 0.8854956334275312 13943.899739583334 15747 0.07343713158615975
1156 0.8698116814361437 16016.712301965152 18414 0.07217461225536066
1296 0.8622770452910025 18247.506832448194 21162 0.07102340127339582
1444 0.8059861338281622 20638.08094280392 25606 0.06996774574156776
1600 0.8372796667552118 23190.1349301191 27697 0.06899485513221129
1764 0.8607549766967274 25905.281778664707 30096 0.06809422167539633
1936 0.9218297474632662 28785.05569428795 31226 0.06725712190941413
2116 0.9079502380389358 31830.919445169013 35058 0.06647624501217937
2304 0.9105719150268872 35044.27072172478 38486 0.06574541151948399
2500 0.9054726349740813 38426.44768303006 42438 0.06505935757116714
2704 0.861827050912009 41978.733822873044 48709 0.06441356738889217
2916 0.8520042926566157 45702.36226239352 53641 0.06380414174782052
3136 0.8509070245848281 49598.51955602505 58289 0.06322769365036522
3364 0.8631960157245813 53668.34908166012 62174 0.06268126479689995
3600 0.8976664973028023 57912.95407349029 64515 0.06216225812676863
3844 0.9427599193267644 62333.400346047005 66118 0.061668382900015736
4096 0.9341342463363573 66930.71875 71650 0.06119760965513313
4356 0.9344980893736888 71705.9073938219 76732 0.06074813301052109
4624 0.9302712625315122 76659.9336601718 82406 0.06031834074495646
4900 0.9167851335104836 81793.73604153833 89218 0.059906787941702185
5184 0.913218143292736 87108.22581612092 95386 0.05951217524442576
5476 0.8736006394344478 92604.28858196977 106003 0.05913333047370538
5776 0.8803388121399932 98282.78566493312 111642 0.058769193006917915
6084 0.8500069817166309 104144.55541388506 122522 0.05841880044349252
6400 0.8899170124207973 110190.41439495554 123821 0.05808127717044858
6724 0.8873699179484364 116421.15849499896 131198 0.057755824516115245
7056 0.918322435526058 122837.5639432721 133763 0.05744171223762259
7396 0.9512220069314054 129440.38825921177 136078 0.05713827113365179
7744 0.9541144621399871 136230.37113327163 142782 0.056844886610667666
8100 0.962737966447139 143208.23524697838 148751 0.056560993060424614
8464 0.9707291831828669 150374.68703767474 154909 0.056286068930467247
8836 0.9675584895798277 157730.41741281393 163019 0.056019632388813856
9216 0.9452450810303068 165276.10241814915 174850 0.05576123749992292
9604 0.9413745469685121 173012.40386370194 183787 0.05551047084211355
10000 0.9537713874386905 180939.96991099397 189710 0.055266948507392215
10404 0.9290983484186904 189059.43562467405 203487 0.05503031343357178
10816 0.9000680552311464 197371.42349136193 219285 0.05480023302600018
11236 0.8690330806627876 205876.54390825637 236903 0.05457639703242268
11664 0.9004385027499354 214575.39564381237 238301 0.05435851563970471
12100 0.8685271682131737 223468.56627257672 257296 0.054146317765519536
12544 0.8843062741407371 232556.63258607933 262982 0.053939549521800544
12996 0.8984896177465221 241840.16098150713 269163 0.053737972829888125
13456 0.909135892423375 251319.70782973294 276438 0.053541364169961275
13924 0.9430709187108192 260995.81982413793 276751 0.053349513449610635
14400 0.9326450492941157 270869.0343115393 290431 0.05316222297834856
14884 0.972433332894072 280939.87960642896 288904 0.052979306536512796
15376 0.9776440412854829 291208.8752896242 297868 0.05280058852844945
15876 0.9998957021104765 301676.53249234764 301708 0.05262590321109154
16384 0.9690113118358296 312343.3541666666 322332 0.05245509399011412
16900 0.9911736566299688 323209.8353431533 326088 0.052288012776768374
17424 0.9721521566736768 334276.4633765571 343852 0.05212451939929776
17956 0.9852971718854382 345543.7181802232 350700 0.05196448106353592
18496 0.9646915184323671 357012.072449932 370079 0.051807771857894
19044 0.9671920204145704 368681.99187778926 381188 0.051654272298476425
19600 0.9528021315625634 380553.9353567457 399405 0.05150386891052964
20164 0.9563099603383799 392628.3551762873 410566 0.05135645384283698
20736 0.9418010434557404 404905.6972097961 429927 0.05121192451203258
21316 0.9286169766103896 417386.4010940484 449471 0.051070183274123805
21904 0.9117080055992623 430070.90040128405 471720 0.05093113712079136
22500 0.8909047485815641 442959.62280425086 497202 0.05079469739828413
23104 0.9127759580223932 456052.99023460236 499633 0.05066077954694445
23716 0.8982424070852508 469351.41903499945 522522 0.050529302859594644
24336 0.8837288795155921 482855.32010524726 546384 0.050400190257188254
24964 0.8977399427307494 496565.09904277395 553128 0.05027336808028389
25600 0.9233244457185265 510481.15627773886 552873 0.05014876589503676
26244 0.9126371071445484 524603.8872030436 574822 0.05002631631252568
26896 0.9213250289329855 538933.6822994945 584955 0.04990595482034363
27556 0.9555254669223389 553470.9272563602 579232 0.04978761962547752
28224 0.9486932095506799 568216.0030875416 598946 0.04967125150759209
28900 0.9540071165670458 583169.28624357 611284 0.049556793681911175
29584 0.9800224538753785 598331.1487196271 610528 0.04944419167096182
30276 0.9650312264675504 613701.958159774 635940 0.04933339318451027
30976 0.9860032715582765 629282.0779575654 638215 0.04922434800707738
31684 0.99960309695723 645071.8673532153 645328 0.04911700789247273
32400 0.9868715258386965 661071.6815274643 669866 0.04901132646483502
33124 0.9938221896842581 677281.8716923044 681492 0.04890725912570793
33856 0.9948940144230997 693702.7851786937 697263 0.04880476296672053
34596 0.982130558377284 710334.7655213961 723259 0.048703796687475986
35344 0.9936720545129494 727178.152541067 731809 0.048604320518284505
36100 0.9784831197828396 744233.282423708 760599 0.048506296147405426
36864 0.9669344044279556 761500.4877975966 787541 0.04840968665249008
37636 0.9847979441442206 778980.0978077992 791005 0.04831445643594103
38416 0.9677715438213524 796672.4381883688 823203 0.048220571163925155
39204 0.9637647613266379 814577.8313323196 845204 0.04812799770879859
40000 0.97918802010768 832696.5963594705 850395 0.04803670409471954
40804 0.9602237766108797 851029.0491822436 886282 0.0479466594462418
41616 0.9570161545812793 869575.502569497 908632 0.04785783393969752
42436 0.951823870172873 888336.2662084722 933299 0.04777019875719139
43264 0.9305521876515238 907311.646764927 975025 0.04768372604304192
44100 0.923705890211855 926501.9479415263 1003027 0.04759838886251673
44944 0.9041856328767248 945907.4705345555 1046143 0.04751416116272033
45796 0.9178472649235103 965528.5124890218 1051949 0.04743101773550236
46656 0.9260108514094135 985365.3689522027 1064097 0.047348934182263866
47524 0.9094767233072906 1005418.3323257 1105491 0.0472678868805476
48400 0.9028789943795442 1025687.6923160554 1136019 0.047187852952305896
49284 0.9086740824949278 1046173.7359839777 1151319 0.04710881023374763
50176 0.92209094906154 1066876.747792234 1157019 0.047030737246671526
51076 0.9299612041930042 1087797.0096522535 1169723 0.04695361317119998
51984 0.9310502099557582 1108934.8009694854 1191058 0.046877417819833074
52900 0.9281679130928894 1130290.3986875624 1217765 0.04680213161274738
53824 0.9366576220817896 1151864.0773313015 1229760 0.04672773555426977
54756 0.9648103633637793 1173656.109048593 1216463 0.04665421121046023
55696 0.9665866857218206 1195666.7636512064 1236999 0.046581540687742444
56644 0.9615613585654608 1217896.3086545584 1266582 0.046509706612524425
57600 0.9588319490696272 1240345.0093164698 1293600 0.04643869211175546
58564 0.9865116659259081 1263013.1286749535 1280282 0.046368480794368616
59536 0.9942904522862773 1285900.9275850581 1293285 0.04629905673356153
60516 0.9798115725945036 1309008.664754805 1335980 0.046230404449870824
61504 0.9942684285201171 1332336.5967802417 1340017 0.046162508894998545
62500 0.9968012743227256 1355884.978179647 1360236 0.04609535543635111
63504 1.0206127145687647 1379654.0614269103 1351790 0.046028929842253964
64516 1.0024912202526803 1403644.096984112 1400156 0.04596321826780729
65536 0.9920925639251195 1427855.3333333333 1439236 0.04589820724134985
66564 1.0087547107613313 1452288.0170077165 1439684 0.045833883651500464
67600 1.0090465147060768 1476942.3926217994 1463701 0.04577023473474793
68644 0.9721472112779762 1501818.7029011478 1544847 0.04570724806356221
69696 0.9846695269275656 1526917.1887113068 1550690 0.045644911535000984
70756 1.0045944663140929 1552238.0890860911 1545139 0.04558321335978742
71824 0.9998438818926123 1577781.6412552353 1578028 0.04552214205183615
72900 0.98097574684147 1603548.0806714217 1634646 0.04546168641820583
73984 0.9648006239452757 1629537.6410367072 1688989 0.045401835549457814
75076 0.9686042768498317 1655750.5543283625 1709419 0.04534257881040166
76176 0.9862416708336773 1682187.050824145 1705654 0.045283905831209136
77284 0.9681750503122186 1708847.3591270219 1765019 0.045225806498879535
78400 0.9749581850108198 1735731.7061893526 1780314 0.045168270949039906
79524 0.9902968616804421 1762840.3173365567 1780113 0.045111289558064656
80656 0.9810502557554522 1790173.416290273 1824752 0.04505485293550007
81796 0.9636975965979464 1817731.2251910295 1886205 0.0449989519167796
82944 0.9658174713621638 1845513.9646204347 1910831 0.04494357755621699
84100 0.9641023884980632 1873521.8536229047 1943281 0.04488872112026472
85264 0.9613344705670644 1901755.1097269424 1978245 0.0448343740810258
86436 0.9447966802477016 1930213.9489659728 2042994 0.04478052811000785
87616 0.9334302482789761 1958898.5858987558 2098602 0.04472717507210879
88804 0.9187495273529307 1987809.233629383 2163603 0.044674307019823944
90000 0.9121846632319909 2016946.1038268667 2211116 0.04462191618766504
91204 0.9289030871799181 2046309.4067443442 2202931 0.044569994986781866
92416 0.9404320449353913 2075899.3512378884 2207389 0.044518535999778126
93636 0.9348347213985504 2105716.1447849562 2252501 0.04446753197571293
94864 0.9287568625287399 2135759.993502465 2299590 0.04441697582528039
96100 0.9311104653269608 2166031.102164525 2326288 0.04436686061615958
97344 0.9107443889200485 2196529.6742198174 2411796 0.04431717956852802
98596 0.9171365041425538 2227255.9118086463 2428489 0.044267926050731626
99856 0.9245577093816507 2258210.015779657 2442476 0.044219093575105006
101124 0.9414567609427101 2289392.18570624 2431755 0.044170675793935625
102400 0.9479268289794655 2320802.6199026224 2448293 0.04412266649556633
103684 0.9367399188707942 2352441.5154396575 2511307 0.044075059600630316
104976 0.9441768661352606 2384309.068160319 2525278 0.04402784915841351
106276 0.9399144855161958 2416405.4726949064 2570878 0.043981029343339154
107584 0.9473063108504114 2448730.922475973 2584941 0.043934594451569685
108900 0.9658175028153687 2481285.609752975 2569104 0.04388853889772148
110224 0.975532327719583 2514069.725606658 2577126 0.04384285721168787
111556 0.9642867672780101 2547083.4599631797 2641417 0.04379754403556633
112896 0.9457095887226984 2580327.0016079787 2728456 0.04375259412068577
114244 0.9751262419256438 2613800.538199398 2680474 0.043708002324730065
115600 0.9762327822984336 2647504.25628206 2711960 0.043663763608954215
116964 0.9955940160137863 2681438.3413000107 2693305 0.04361987303548949
118336 1.0023756297081825 2715602.977609628 2709167 0.04357632576473444
119716 0.9868027959521354 2749998.348492308 2786776 0.043533117052828245
121104 0.9710712992024383 2784624.636166928 2867580 0.04349024224920355
122500 0.9975199016314544 2819482.021802093 2826492 0.04344769679421585
123904 1.0085011897257237 2854570.6855281787 2830508 0.0434054762168463
125316 1.0122854789514282 2889890.8064491586 2854818 0.04336357613247581
126736 1.0189693152566737 2925442.5626542354 2870982 0.04332199224072724
128164 1.009320807677641 2961226.1312292772 2933880 0.043280720323373614
129600 1.008526081863392 2997241.688268061 2971903 0.04323975624230979
131044 1.003486132882511 3033489.4088833197 3022951 0.04319909593758548
132496 1.0108685809100089 3069969.4672176223 3036962 0.04315873542549721
133956 1.017244846279148 3106682.0364540583 3054016 0.04311867079673731
135424 1.015469753673117 3143627.2888267543 3095737 0.043078898214597865
136900 1.0137194803903606 3180805.395631217 3137757 0.04303941391322772
138384 0.9998880024416098 3218216.527234509 3218577 0.0430002141959406
139876 1.0015851479386215 3255860.8530852604 3250708 0.04296129543357273
141376 1.0120228087993097 3293738.5417235126 3254609 0.042922654062888144
142884 0.9994623780209203 3331849.760790417 3333642 0.04288428658503003
144400 0.97710535980559 3370194.6770377685 3449162 0.04284618956401662
145924 0.9944371579370909 3408773.4563373933 3427842 0.042808359625280054
147456 0.9889173078401428 3447586.263690386 3486223 0.042770793454246815
148996 0.9911487286650941 3486633.263236208 3517770 0.042733487794958266
150544 0.9798423316759441 3525914.618261633 3598451 0.04269643944873007
152100 0.9928759631918811 3565430.4912095666 3591013 0.04265964527284904
153664 0.9885642281353791 3605181.0436877203 3646886 0.042623102179306344
155236 0.9765189229681382 3645166.436477157 3732817 0.042586807133565795
156816 0.9840551284159161 3685386.8295407044 3745102 0.04255075715336601
158404 0.9766535283904018 3725842.3820312424 3814907 0.04251494930755547
160000 0.999448404956483 3766533.2522998615 3768612 0.04247938071495939
161604 0.9940231612866763 3807459.5979039045 3830353 0.0424440485432772
163216 0.9807159332993773 3848621.57561488 3924298 0.04240895000800997
164836 0.965591921393331 3890019.341426265 4028637 0.04237408237141652
166464 0.9769837042930174 3931653.050561191 4024277 0.04233944294149747
168100 0.9569613953084022 3973522.8574800114 4152229 0.04230502907100633
169744 0.9691751417121865 4015628.915887763 4143347 0.04227083815648676
171396 0.9697071618424749 4057971.3787415163 4184739 0.04223686763733519
173056 0.952772835365904 4100550.398257625 4303807 0.04220311499488792
174724 0.9434667062689238 4143366.1259188564 4391640 0.042169577751532204
176400 0.9402757145597301 4186418.7124814377 4452331 0.04213625346984022
178084 0.9308089084736044 4229708.307981984 4544121 0.042103139751725534
179776 0.9248251492168295 4273235.061744343 4620587 0.04207023423762116
181476 0.9365674724402061 4316999.122386327 4609384 0.042037534605678745
183184 0.9450836559987811 4361000.637826367 4614407 0.04200503857098804
184900 0.9520912893013583 4405239.755290058 4626909 0.0419727438848162
186624 0.9521291651492163 4449716.621316623 4673438 0.04194064833386625
188356 0.9506768706410926 4494431.381765277 4727612 0.041908749739554246
190096 0.9279580338075047 4539384.181821518 4891799 0.04187704595730433
191844 0.9174078647055826 4584575.166003314 4997314 0.041845534875861456
193600 0.9082276079283714 4630004.478167216 5097846 0.04181421441662113
195364 0.9144538945860362 4675672.261514392 5113076 0.04178308253297549
197136 0.926310479149789 4721578.658596555 5097188 0.04175213720967572
198916 0.9365348543193094 4767723.811321846 5090813 0.0417213764622097
200704 0.9403529664816025 4814107.860960603 5119469 0.04169079833619509
202500 0.9505379897249939 4860730.948151082 5113663 0.0416604009067868
204304 0.9481820778163178 4907593.212905075 5175792 0.04163018227809904
206116 0.9442949436062965 4954694.794613479 5246978 0.04160014058264094
207936 0.9478622339015736 5002035.832051771 5277176 0.041570273980765814
209764 0.9539967590713406 5049616.463385417 5293117 0.041540580660133504
211600 0.9472280717793554 5097436.8261752175 5381425 0.04151105883518536
213444 0.9490859603227378 5145497.057382572 5421529 0.04148170674663166
215296 0.9565821634435586 5193797.293374686 5429536 0.04145252266095097
217156 0.9696901038843914 5242337.6699296925 5406199 0.041423504869901366
219024 0.9821956328526299 5291118.322241736 5387031 0.04139465169004274
220900 0.9879152599742068 5340139.384925956 5405463 0.041365961462270506
222784 0.97793078275338 5389400.992023446 5511025 0.04133743255135965
224676 0.9759267614869211 5438903.277006108 5573065 0.041309063345519696
226576 0.9721235267600894 5488646.372781482 5646038 0.041280852255959434
228484 0.9782617486138436 5538630.41169749 5661706 0.04125279771646178
230400 0.9755564386027885 5588855.525547129 5728890 0.04122489818296827
232324 0.9878891675039823 5639321.845573112 5708456 0.041197152133172744
234256 1.001270410672262 5690029.502472438 5682810 0.041169558066124406
236196 1.006047457087896 5740978.626400908 5706469 0.0411421145018396
238144 0.9957618347230847 5792169.346977603 5816822 0.04111481998092223
240100 0.9870768900312751 5843601.793289272 5920108 0.04108767306419274
242064 0.9901733207387687 5895276.093894708 5953782 0.0410606723323251
244036 0.9943386853166208 5947192.376829031 5981053 0.041033816385491965
246016 1.0092072827581566 5999350.769607945 5944617 0.041007103843017506
248004 1.0077018424170554 6051751.399231941 6005498 0.04098053334303776
250000 1.0105187798327835 6104394.39219043 6040852 0.04095410354216856
252004 1.0156977931584066 6157279.874465853 6062118 0.04092781311518042
254016 1.0310443447010904 6210407.971537719 6023415 0.04090166075468062
256036 0.9980530281218398 6263778.808386611 6275998 0.040875645170801986
258064 1.0150122357044136 6317392.509498134 6223957 0.04084976509089841
260100 0.997992532793263 6371249.198866823 6384065 0.040824019259246815
262144 1 6425349 6425349 0.04079840643675542
