4 0.04674724930258784 10.938856336805555 234 0.3656689398636082
16 0.15796182435820297 87.51085069444444 554 0.1828344699318041
36 0.3313656261494338 254.4888008827652 768 0.1414600559047156
64 0.45578568070023145 525.0651041666666 1152 0.12188964662120273
100 0.4524165113442609 908.4523547792759 2008 0.11007731938159455
144 0.6266107552845366 1411.754031656061 2253 0.1020007712186807
196 0.6534605562809046 2040.757317265265 3123 0.09604277703272016
256 0.7644955561622229 2800.347222222222 3663 0.09141723496590205
324 0.6929390571283802 3694.7510526085234 5332 0.08769197041604561
400 0.7446361714912048 4727.695052797659 6349 0.08460782591366509
484 0.8147012974782444 5902.5109002298805 7245 0.08199900147260211
576 0.8258675173383927 7222.211439124244 8745 0.07975396523005217
676 0.7616396249117956 8689.546480618676 11409 0.07779462386302471
784 0.787157867044062 10307.045111074947 13094 0.07606447740852419
900 0.8113024680438911 12077.048539301362 14886 0.0745215188190395
1024 0.8880969244647413 14001.736111111111 15766 0.07313378797272163
1156 0.875797553106633 16083.146265250209 18364 0.07187648367643668
1296 0.8711226425577205 18323.193663559094 21034 0.0707300279523578
1444 0.8128847326400652 20723.68337392582 25494 0.0696787329716114
1600 0.8288127401022515 23286.322745912857 28096 0.0687098610398169
1764 0.8677273818837691 26012.73145411163 29978 0.06781294779103939
1936 0.9228751618114115 28904.45006793341 31320 0.06697930579719966
2116 0.9243990925416894 31962.947422813995 34577 0.06620165443471199
2304 0.9142537543906721 35189.62700649697 38490 0.06547383976461638
2500 0.9072828547217268 38585.83252846032 42529 0.06479061966995368
2704 0.8647093789725785 42152.85280615526 48748 0.06414749702551936
2916 0.8626464045461276 45891.926075449446 53199 0.06354058871283584
3136 0.8554931345200775 49804.24381235535 58217 0.06296652172484198
3364 0.8709789917777604 53890.95413725715 61874 0.06242234998163303
3600 0.9039960960116035 58153.16486033044 64329 0.061905487150120064
3844 0.9263274562214268 62591.946216881806 67570 0.061413651952608984
4096 0.9250211040152683 67208.33333333333 72656 0.060944823310601366
4356 0.9184215163216656 72003.32845810226 78399 0.060497203299909895
4624 0.9253931403436725 76977.90298634805 83184 0.06006918635884458
4900 0.9224177547784654 82132.99930322934 89041 0.05965933353912402
5184 0.9146566747888906 87469.53246673639 95631 0.05926635085161125
5476 0.8471820096954717 92988.39174819436 109762 0.0588890709587558
5776 0.8499883043894522 98690.4420460505 116108 0.05852643761900294
6084 0.8330202183104385 104576.52518647414 125539 0.058177492407128675
6400 0.85910415953026 110647.4611225403 128794 0.05784136332700939
6724 0.8529904637821785 116904.04904227512 137052 0.0575172550060131
7056 0.9057117249285657 123347.0683945715 136188 0.05720444021765283
7396 0.9278921732241896 129977.27984089803 140078 0.05690225252485096
7744 0.95202434521633 136795.42613978923 143689 0.05661007987274751
8100 0.9622482867850376 143802.23297030316 149444 0.05632735898943061
8464 0.9751332569143911 150998.40969993654 154849 0.05605357047679925
8836 0.9745128507994469 158384.6501018817 162527 0.05578823449315448
9216 0.9501982882513906 165961.6330259879 174660 0.05553090694496161
9604 0.9499517343182572 173730.02302732583 182883 0.05528117611824294
10000 0.9607762281651498 181690.47095585515 189108 0.055038659690797284
10404 0.9343709186542821 189843.61451033974 203178 0.05480300207533897
10816 0.9082622028493145 198190.07875934322 218208 0.05457387205105041
11236 0.8770766581469297 206730.47663186392 235704 0.054350960647222564
11664 0.9071845790910815 215465.40937992278 237510 0.05413397924783958
12100 0.877158118431257 224395.4670152026 255821 0.05392265789032287
12544 0.8940356920265529 233521.2287216436 261199 0.05371674373533038
12996 0.9052061073593767 242843.2632457294 268274 0.0535159996876238
13456 0.9112947790068954 252362.12926604252 276927 0.053320203150665914
13924 0.9472803680404158 262078.3757435336 276664 0.05312914489986705
14400 0.9396582668143737 271992.5422538218 289459 0.05294262806133121
14884 0.9788588376835947 282105.15930273663 288198 0.052760467184605704
15376 0.979394205782274 292416.74862620776 298569 0.05258248739936209
15876 1.0065217665692783 302927.82347552286 300965 0.052408523647161157
16384 0.9734503508421626 313638.8888888889 322193 0.052238419980515455
16900 0.9953123076007993 324550.441950161 326079 0.05207202892238001
17424 0.9753731701687521 335662.97203553404 344138 0.051909210879999765
17956 0.9909663593103699 346976.9610489329 350140 0.051749833607735496
18496 0.9704392743265156 358492.8836467811 369413 0.051593771714095994
19044 0.972377149704717 370211.2074527775 380728 0.05144090620873267
19600 0.9557801998520916 382132.39326326444 399812 0.051291124085617285
20164 0.9653222056797662 394256.8952437301 408420 0.05114431793902955
20736 0.9537938761593159 406585.1611169455 426282 0.051000385609340365
21316 0.9430538095053129 419117.6323432082 444426 0.0508592298558909
21904 0.9149619999769587 431854.7442931247 471992 0.05072075805454737
22500 0.8879369624547391 444796.9264133398 500933 0.0505848819177569
23104 0.9185382691393799 457944.60238559096 498558 0.050451517235148784
23716 0.9050182142661242 471298.19027944107 520761 0.050320583632919025
24336 0.895231180701331 484858.1026990216 541601 0.05019200435040829
24964 0.9040410531829215 498624.7469240935 551551 0.050065706032437075
25600 0.9326264171754343 512598.5250457168 549629 0.04994161853609865
26244 0.9243048745381799 526779.8340967995 569920 0.0498196747508324
26896 0.9225049284519731 541169.066177781 586630 0.049699810430709875
27556 0.9565492770849613 555766.6085776875 581012 0.04958196403796379
28224 0.9511085023591915 570572.843890786 599903 0.04946607659687776
28900 0.9550269587403137 585588.1501290457 613164 0.04935209155723408
29584 0.9891324546859409 600812.9008306061 607414 0.04923995466658754
30276 0.9846599576325861 616247.4651644387 625848 0.049129613850697446
30976 0.9839446530635624 631892.2080313789 642203 0.04902101910150754
31684 1.0094855229812834 647747.4901616933 641661 0.04891412237211589
32400 0.9906010759534789 663813.6682093376 670112 0.048808877478224
33124 0.998580289553985 680091.0948430579 681058 0.04870524000559646
33856 0.9988816663336989 696580.1188344683 697360 0.04860316722310211
34596 0.9774080052060962 713281.0851432424 729768 0.0485026180009419
35344 1.0025900237255951 730194.3349995408 728308 0.04840355273370099
36100 0.9817736424404212 747320.205983794 761194 0.04830593326789139
36864 0.9668348303035592 764659.0321039517 790889 0.048209722833678005
37636 0.9933155260424841 782211.1438703052 787475 0.04811488598050484
38416 0.9760279010132484 799976.8683679837 819625 0.04802138851636009
39204 0.9716005883689433 817956.5293272204 841865 0.047929197450438825
40000 0.9872943522890553 836150.4471914761 846911 0.04783828093898048
40804 0.9733627268035145 854558.9391835115 877945 0.047748608234074744
41616 0.9635529908260704 873182.3193694841 906211 0.04766014963524511
42436 0.9554851798521101 892020.8987211531 933579 0.04757287644363313
43264 0.9345700769097736 911074.9851762619 974860 0.04748676091861955
44100 0.9038195864733501 930344.8836971701 1029348 0.04740177623673016
44944 0.8908085914819813 949830.8963278029 1066257 0.04731789645268504
45796 0.9204782736133071 969533.3222489811 1053293 0.04723509646246006
46656 0.9292797363444175 989452.4578321913 1064752 0.04715335196823852
47524 0.9143921448804921 1009588.5966918553 1104109 0.04707263944513944
48400 0.8939142104220271 1029942.0297361574 1152171 0.046992936109616516
49284 0.9063741732007111 1050513.0452164738 1159028 0.04691421988942965
50176 0.927546183522265 1071301.9287754633 1154985 0.046836469395096655
51076 0.934518344568506 1092308.9634938645 1168847 0.046759663892739715
51984 0.9328201207611129 1113534.4299360425 1193729 0.04668378327824653
52900 0.9321524801836524 1134978.6061943332 1217589 0.04660880805267122
53824 0.9429319084691447 1156641.7679322255 1226644 0.04653471929880529
54756 0.9714371108779123 1178524.1884264222 1213176 0.04646149865885297
55696 0.9750193388494559 1200626.138607815 1231387 0.046389128313150216
56644 0.9657502470557722 1222947.8871014183 1266319 0.04631759095986937
57600 0.9624444206085259 1245489.7002652872 1294090 0.046246869795656516
58564 0.9876404691984032 1268251.842228461 1284123 0.04617694849715059
59536 0.9951059660276287 1291234.5749279605 1297585 0.04610781120333738
60516 0.9892343050122355 1314438.1581448729 1328743 0.046039442498693905
61504 1.0027934554944573 1337862.8495395533 1334136 0.04597182739708153
62500 1.0060033993943835 1361508.9046859683 1353384 0.04590495132634891
63504 1.0264519807399681 1385376.5771052164 1349675 0.04583880011360767
64516 1.0069269367812155 1409466.1182982419 1399770 0.04577335997114651
65536 0.9957633756316701 1433777.7777777778 1439878 0.045708617482951026
66564 1.0140615699292352 1458311.803099534 1438090 0.04564455959179864
67600 1.0147577419723968 1483068.439892658 1461500 0.04558117358689986
68644 1.0142296551120058 1508047.9318894905 1486890 0.04551844709205849
69696 1.0013986730890068 1533250.5209546362 1531109 0.04545636805432533
70756 1.010252036714549 1558676.4471133724 1542859 0.045394924733121005
71824 1.0096701585183667 1584325.9485794122 1569152 0.04533410568980523
72900 0.9907662547283526 1610199.2617820469 1625206 0.045273899777670865
73984 0.9887371000405334 1636296.62139268 1654936 0.0452142961323424
75076 0.9973074675775313 1662618.2603507754 1667107 0.04515528416255974
76176 0.9941231850567841 1689164.4098892347 1699150 0.045096853541328856
77284 0.9731695100390085 1715935.2995592216 1763244 0.04503899419742237
78400 0.9821604649045197 1742931.1572544468 1774589 0.04498169630721367
79524 0.9961374625973726 1770152.2092349327 1777016 0.04492495028682907
80656 0.985597458669008 1797598.6801502677 1823867 0.0448687467846036
81796 0.96755426011229 1825270.7930623726 1886479 0.044813076673826384
82944 0.9636196609739328 1853168.7694677822 1923133 0.04475793104576275
84100 0.9655756467063973 1881292.829319463 1948364 0.04470330120294045
85264 0.9558840606575109 1909643.19104818 1997777 0.04464917865268832
86436 0.940537448639491 1938220.07158342 2060758 0.044595555100916125
87616 0.9375391425618522 1967023.6863738878 2098071 0.0445424224461251
88804 0.9175889806845346 1996054.2494075852 2175325 0.04448977277363899
90000 0.913968831122088 2025311.9732314844 2215953 0.04443759835004609
91204 0.9363322630769356 2054797.0689708076 2194517 0.04438589161784313
92416 0.9441394313938003 2084509.7463479193 2207841 0.04433464519027253
93636 0.9366252408398814 2114450.213700849 2257520 0.04428385184634456
94864 0.9337619437202573 2144618.678001445 2296751 0.04423350452603682
96100 0.9346089236574603 2175015.344873176 2327193 0.04418359632566341
97344 0.9117483075997005 2205640.4186085863 2419133 0.044134120493407
98596 0.9245202949322248 2236494.102186416 2419086 0.044085070425006576
99856 0.9313714735537998 2267576.5972883883 2434664 0.04403643965959506
101124 0.9459280953971844 2298888.104315682 2430299 0.043988221875680175
102400 0.9487557799963724 2330428.8224050896 2456300 0.043940410887262964
103684 0.941357021802365 2362198.9494448737 2509355 0.04389300064008841
104976 0.9502281636679111 2394198.6820903234 2519604 0.0438459852080228
106276 0.9464615045298189 2426428.215779024 2563684 0.04379935878955283
107584 0.9531300431644767 2458887.7447458464 2579803 0.04375311570440155
108900 0.9719902542769387 2491577.4620376565 2563377 0.043707250390256636
110224 0.9814572854866503 2524497.5595277636 2572193 0.043661757399606545
111556 0.9809393260158411 2557648.2279300992 2607346 0.04361663139668042
112896 0.9662187741927241 2591029.656813144 2681618 0.04357186715448763
114244 0.9783521834817496 2624642.034613609 2682717 0.043527459551953196
115600 0.9796776309286714 2658485.5486498633 2713633 0.04348340357114543
116964 1.0020641444872032 2692560.3851351375 2687014 0.04343969429459227
118336 1.0060746447170863 2726866.72919048 2710402 0.04339632690268299
119716 0.990699255400959 2761404.7648575 2787329 0.04335329667115203
121104 1.0049972397048599 2796174.6751108803 2782271 0.043310598968641936
122500 1.0037309239635912 2831176.6418706756 2820653 0.043268229254342525
123904 1.0131685418488576 2866410.8460144047 2829155 0.043226183075703216
125316 1.0126465659778006 2901877.4673889265 2865637 0.04318445606621626
126736 1.0250638348851506 2937576.6848221207 2865750 0.0431430439432679
128164 1.0156480304424949 2973508.6761343703 2927696 0.04310194250605522
129600 1.0139128708973264 3009673.618149851 2968375 0.04306114763356617
131044 1.0111276818095338 3046071.6867076294 3012549 0.04302065528262072
132496 1.0201302559051406 3082703.056672579 3021872 0.04298046148597072
133956 1.0091211640227322 3119567.9019461176 3091371 0.04294056235045649
135424 1.0194959713144045 3156666.395476762 3096301 0.04290095405521826
136900 1.0155873029502338 3193998.709270518 3144977 0.04286163284996029
138384 1.00493861163009 3231565.014401094 3215684 0.04282259505326608
139876 1.0065321780349779 3269365.481019957 3248148 0.04278383705096266
141376 1.0195482589524796 3307400.2783662183 3243986 0.04274535529453259
142884 1.015902470646862 3345669.5747763696 3293298 0.042707146299571626
144400 0.9937694489983254 3384173.5376938563 3405391 0.04266920664429086
145924 0.9893047531713932 3422912.3336785072 3459917 0.04263153296806162
147456 0.9943988194402477 3461886.128415806 3481386 0.04259412197000175
148996 1.0002202901005823 3501095.086726031 3500324 0.04255697040760187
150544 1.0107783870757794 3540539.372573234 3502785 0.04252007509539031
152100 0.9978723066619789 3580219.149074101 3587853 0.04248343290363535
153664 0.99469276360622 3620134.5785066574 3639450 0.04244704075708367
155236 0.9846781046262142 3660285.822318853 3717241 0.0424108956337337
156816 0.9718467905179202 3700673.0411370066 3807877 0.042374994563642764
158404 0.9787950798773561 3741296.3947741324 3822349 0.04233933462776693
160000 0.9919404992014257 3782156.042238127 3812886 0.04230391295683254
161604 0.9951055233537264 3823252.141739848 3842057 0.042268726730238314
163216 0.9883014606698309 3864584.85070106 3910330 0.04223377317498711
164836 0.9761834946943718 3906154.3257622677 4001455 0.04219904956464643
166464 0.9843629160746058 3947960.722790436 4010676 0.042164553218336606
168100 0.973102214131182 3990004.196886587 4100293 0.042130281499746035
169744 0.9774160376999219 4032284.9023932936 4125454 0.04209623181617236
171396 0.9752487825319978 4074802.992902061 4178219 0.042062401617588965
173056 0.959931865335099 4117558.621260603 4289428 0.042028788395735914
174724 0.9483394385025354 4160551.939580008 4387197 0.04199538968323461
176400 0.9464494717017057 4203783.099241805 4441635 0.04196220305272542
178084 0.9375781040733622 4247252.250904933 4530025 0.041929226116027576
179776 0.9341110360703055 4290959.544512602 4593629 0.04189645652332065
181476 0.94375841548291 4334905.1292990595 4593236 0.04186389196234707
183184 0.9512405526936724 4379089.153796271 4603556 0.04183153015763476
184900 0.9572038439179784 4423511.765840495 4621285 0.04179936886973959
186624 0.9531972496970206 4468173.112578765 4687564 0.041767405894507004
188356 0.9522907232133373 4513073.340475291 4739176 0.041735639062352003
190096 0.9406112770519441 4558212.595317769 4846011 0.04170406623755726
191844 0.9405018489374898 4603591.022223599 4894824 0.04167268531758858
193600 0.9305832418563149 4649208.765646019 4996016 0.04164149423242748
195364 0.9268763047905827 4695065.969380163 5065472 0.04161049094391995
197136 0.9305803761584542 4741162.77656902 5094845 0.041579673445141456
198916 0.9419425543261064 4787499.329709336 5082581 0.04154903975977722
200704 0.9439299500641564 4834075.770657409 5121223 0.04151858794151778
202500 0.9533007552814209 4880892.2406348325 5119992 0.04148831607346895
204304 0.9526575478081571 4927948.880234139 5172844 0.041458222267576166
206116 0.9477147924063106 4975245.829424389 5249729 0.04142830466406252
207936 0.9478440999124523 5022783.22755667 5299166 0.0413985614308803
209764 0.9578068034855648 5070561.2133695325 5293929 0.04136899076317547
211600 0.948002969442008 5118579.924994348 5399329 0.04133959088276494
213444 0.955573160110471 5166839.499960603 5407058 0.041310360037626
215296 0.9579453724247139 5215340.075201125 5444298 0.041281296501397814
217156 0.9721888475303626 5264081.787057228 5414670 0.04125239857289459
219024 0.9834759855202954 5313064.771283814 5402333 0.041223664575629954
220900 0.9885974809369481 5362289.163054376 5424138 0.04119509285735249
222784 0.9892103373440295 5411755.096965982 5470783 0.041166681789591784
224676 0.9822018569513262 5461462.707044149 5560428 0.041138429767215066
226576 0.9635303880542506 5511412.126747686 5720019 0.04111033520799391
228484 0.9868515963530858 5561603.488973471 5635704 0.04108239655218072
230400 0.979298739128215 5612036.926061149 5730669 0.041054612262095
232324 0.9924902322993361 5662712.5697978 5705560 0.041026980821718746
234256 1.0032868903720593 5713630.551422525 5694912 0.04099950073630105
236196 1.011272102162883 5764791.001630988 5700534 0.040972170531971566
238144 1.0104577937869512 5816194.050579897 5755999 0.040944988755362476
240100 0.989502492945122 5867839.827891432 5930091 0.040917953973238955
242064 0.9908244879206958 5919728.462657617 5974548 0.04089106477213774
244036 0.9984848629433115 5971860.083444636 5980922 0.040864319758013704
246016 1.015210170697819 6024234.818297102 5933978 0.04083771755589409
248004 1.0058608155403677 6076852.794742276 6041445 0.04081125680954035
250000 1.0027351801415512 6129714.139794221 6112994 0.04078493618111736
252004 1.0223613120336965 6182818.979957927 6047587 0.040758754350869716
254016 1.0386893812907627 6236167.441233366 6003881 0.040732710016805077
256036 1.0181436652564562 6289759.649119513 6177674 0.04070680189438428
258064 1.0216261847718902 6343595.728618315 6209312 0.04068102871621807
260100 0.9921801455341503 6397675.804238609 6448099 0.04065538923177034
262144 1 6452000 6452000 0.04062988220706758
