4 2.1453625460911225 478.4158477783203 223 0.008360927044067
16 2.3801783471558227 1913.6633911132812 804 0.008360927044067
36 2.130501053936112 4305.742630004883 2021 0.008360927044067
64 1.9482447351624141 7654.653564453125 3929 0.008360927044067
100 1.9993975584182562 11960.396194458008 5982 0.008360927044067
144 1.937777961298327 17222.97052001953 8888 0.008360927044067
196 1.846292552661077 23442.376541137695 12697 0.008360927044067
256 1.8228620740496815 30618.6142578125 16797 0.008360927044067
324 1.8477819793078365 38751.683670043945 20972 0.008360927044067
400 1.8481644432446895 47841.58477783203 25886 0.008360927044067
484 1.7747897593640358 57888.31758117676 32617 0.008360927044067
576 1.7043586769272934 68891.88208007812 40421 0.008360927044067
676 1.6834404571195163 80852.27827453613 48028 0.008360927044067
784 1.6714706981203349 93769.50616455078 56100 0.008360927044067
900 1.6784427011074186 107643.56575012207 64133 0.008360927044067
1024 1.6633997070617557 122474.45703125 73629 0.008360927044067
1156 1.6010906144164736 138262.18000793457 86355 0.008360927044067
1296 1.5809592913548312 155006.73468017578 98046 0.008360927044067
1444 1.5591878615482235 172708.12104797363 110768 0.008360927044067
1600 1.558472030615665 191366.33911132812 122791 0.008360927044067
1764 1.519053847434943 210981.38887023926 138890 0.008360927044067
1936 1.5187904310319957 231553.27032470703 152459 0.008360927044067
2116 1.4918856128291929 253081.98347473145 169639 0.008360927044067
2304 1.5062367973955457 275567.5283203125 182951 0.008360927044067
2500 1.4865908225270719 299009.9048614502 201138 0.008360927044067
2704 1.4772531042367947 323409.11309814453 218926 0.008360927044067
2916 1.4642985025144766 348765.1530303955 238179 0.008360927044067
3136 1.436887868133404 375078.0246582031 261035 0.008360927044067
3364 1.4182404624035228 402347.7279815674 283695 0.008360927044067
3600 1.435888907046775 430574.2630004883 299866 0.008360927044067
3844 1.4315487550324162 459757.6297149658 321161 0.008360927044067
4096 1.4056640798727178 489897.828125 348517 0.008360927044067
4356 1.3920220006588546 520994.8582305908 374272 0.008360927044067
4624 1.3992908523580612 553048.7200317383 395235 0.008360927044067
4900 1.3691089628496127 586059.4135284424 428059 0.008360927044067
5184 1.3702071104487081 620026.9387207031 452506 0.008360927044067
5476 1.37491691233365 654951.2956085205 476357 0.008360927044067
5776 1.3686870775147937 690832.4841918945 504741 0.008360927044067
6084 1.389737080327701 727670.5044708252 523603 0.008360927044067
6400 1.3552209020555188 765465.3564453125 564827 0.008360927044067
6724 1.3673416634481994 804217.0401153564 588161 0.008360927044067
7056 1.3500432811520484 843925.555480957 625110 0.008360927044067
7396 1.313337959423756 884590.9025421143 673544 0.008360927044067
7744 1.3371654878431518 926213.0812988281 692669 0.008360927044067
8100 1.3240689097541523 968792.0917510986 731678 0.008360927044067
8464 1.3139164270700145 1012327.9338989258 770466 0.008360927044067
8836 1.314494365797829 1056820.6077423096 803975 0.008360927044067
9216 1.3053576576599915 1102270.11328125 844420 0.008360927044067
9604 1.3012285862861799 1148676.450515747 882763 0.008360927044067
10000 1.2879392356676287 1196039.6194458008 928646 0.008360927044067
10404 1.28790364221469 1244359.6200714111 966190 0.008360927044067
10816 1.279752418405299 1293636.4523925781 1010849 0.008360927044067
11236 1.2980778249775682 1343870.1164093018 1035277 0.008360927044067
11664 1.3004563164675194 1395060.612121582 1072747 0.008360927044067
12100 1.2789595338870443 1447207.939529419 1131551 0.008360927044067
12544 1.281716612147644 1500312.0986328125 1170549 0.008360927044067
12996 1.257341296280945 1554373.0894317627 1236238 0.008360927044067
13456 1.2564944060358523 1609390.9119262695 1280858 0.008360927044067
13924 1.247337773916914 1665365.566116333 1335136 0.008360927044067
14400 1.2428214917649878 1722297.0520019531 1385796 0.008360927044067
14884 1.257167310544579 1780185.3695831299 1416029 0.008360927044067
15376 1.2572547446118834 1839030.5188598633 1462735 0.008360927044067
15876 1.252999975473713 1898832.4998321533 1515429 0.008360927044067
16384 1.2338356254301224 1959591.3125 1588211 0.008360927044067
16900 1.2101250453434045 2021306.9568634033 1670329 0.008360927044067
17424 1.2501548809145917 2083979.4329223633 1666977 0.008360927044067
17956 1.2213536637485782 2147608.74067688 1758384 0.008360927044067
18496 1.2168563098105916 2212194.880126953 1817959 0.008360927044067
19044 1.2122939322296444 2277737.851272583 1878866 0.008360927044067
19600 1.2105039059133986 2344237.6541137695 1936580 0.008360927044067
20164 1.2055192430911355 2411694.2886505127 2000544 0.008360927044067
20736 1.2186303557866764 2480107.7548828125 2035160 0.008360927044067
21316 1.2072626995993287 2549478.052810669 2111784 0.008360927044067
21904 1.224698480856157 2619805.182434082 2139143 0.008360927044067
22500 1.2176378083033053 2691089.1437530518 2210090 0.008360927044067
23104 1.2020958850717682 2763329.936767578 2298760 0.008360927044067
23716 1.193858396460532 2836527.561477661 2375933 0.008360927044067
24336 1.185804647950811 2910682.017883301 2454605 0.008360927044067
24964 1.1855810130250202 2985793.305984497 2518422 0.008360927044067
25600 1.188368146015701 3061861.42578125 2576526 0.008360927044067
26244 1.191887722798254 3138886.3772735596 2633542 0.008360927044067
26896 1.180981403997889 3216868.160461426 2723894 0.008360927044067
27556 1.1982795446651977 3295806.7753448486 2750449 0.008360927044067
28224 1.175600727823668 3375702.221923828 2871470 0.008360927044067
28900 1.1832713437178284 3456554.5001983643 2921185 0.008360927044067
29584 1.1727211627135719 3538363.610168457 3017225 0.008360927044067
30276 1.182335524379894 3621129.5518341064 3062692 0.008360927044067
30976 1.1620153333157626 3704852.3251953125 3188299 0.008360927044067
31684 1.1703527336059578 3789531.930252075 3237940 0.008360927044067
32400 1.166812409106822 3875168.3670043945 3321158 0.008360927044067
33124 1.1642795742313354 3961761.6354522705 3402758 0.008360927044067
33856 1.1646505398700902 4049311.735595703 3476847 0.008360927044067
34596 1.1649185555713284 4137818.6674346924 3552024 0.008360927044067
35344 1.1788002001537714 4227282.430969238 3586089 0.008360927044067
36100 1.163767790578369 4317703.026199341 3710107 0.008360927044067
36864 1.1571593903844408 4409080.453125 3810262 0.008360927044067
37636 1.1705512972643493 4501414.711746216 3845551 0.008360927044067
38416 1.1594614712560025 4594705.802062988 3962793 0.008360927044067
39204 1.137054827747544 4688953.724075317 4123771 0.008360927044067
40000 1.14880947702402 4784158.477783203 4164449 0.008360927044067
40804 1.1433032040813822 4880320.0631866455 4268614 0.008360927044067
41616 1.1374454362875617 4977438.4802856445 4375980 0.008360927044067
42436 1.1525605780341237 5075513.7290802 4403685 0.008360927044067
43264 1.1417218035206316 5174545.8095703125 4532230 0.008360927044067
44100 1.142767726813035 5274534.721755981 4615579 0.008360927044067
44944 1.1478860744581996 5375480.465637207 4682939 0.008360927044067
45796 1.1428629042699625 5477383.041213989 4792686 0.008360927044067
46656 1.1318367062805137 5580242.448486328 4930254 0.008360927044067
47524 1.1205914010785134 5684058.687454224 5072374 0.008360927044067
48400 1.1402424219377427 5788831.758117676 5076843 0.008360927044067
49284 1.1325302358060418 5894561.660476685 5204772 0.008360927044067
50176 1.148855622627987 6001248.39453125 5223675 0.008360927044067
51076 1.1405883479215162 6108891.960281372 5355913 0.008360927044067
51984 1.1192321414932673 6217492.357727051 5555141 0.008360927044067
52900 1.1221348429215583 6327049.586868286 5638404 0.008360927044067
53824 1.1264190373355143 6437563.647705078 5715070 0.008360927044067
54756 1.1107521290978255 6549034.540237427 5896036 0.008360927044067
55696 1.1278330185573022 6661462.264465332 5906426 0.008360927044067
56644 1.113015215777671 6774846.820388794 6086931 0.008360927044067
57600 1.1053575094480395 6889188.2080078125 6232543 0.008360927044067
58564 1.1133287102547695 7004486.427322388 6291481 0.008360927044067
59536 1.1067397595784443 7120741.4783325195 6433980 0.008360927044067
60516 1.1090395056940472 7237953.361038208 6526326 0.008360927044067
61504 1.1092680363053744 7356122.075439453 6631510 0.008360927044067
62500 1.1084983972216915 7475247.621536255 6743580 0.008360927044067
63504 1.0910950828052197 7595329.999328613 6961199 0.008360927044067
64516 1.112081563852064 7716369.208816528 6938672 0.008360927044067
65536 1.1042497051785038 7838365.25 7098363 0.008360927044067
66564 1.1036060627400175 7961318.122879028 7213913 0.008360927044067
67600 1.1081178449714335 8085227.827453613 7296361 0.008360927044067
68644 1.1148378959766023 8210094.363723755 7364384 0.008360927044067
69696 1.0881460139914105 8335917.731689453 7660661 0.008360927044067
70756 1.1061048937184785 8462697.931350708 7650900 0.008360927044067
71824 1.1073874163984196 8590434.96270752 7757389 0.008360927044067
72900 1.1099218630830456 8719128.825759888 7855624 0.008360927044067
73984 1.106245262086623 8848779.520507812 7998931 0.008360927044067
75076 1.0985953960267887 8979387.046951294 8173516 0.008360927044067
76176 1.0850148897193763 9110951.405090332 8397075 0.008360927044067
77284 1.08615082153067 9243472.594924927 8510303 0.008360927044067
78400 1.090873183196239 9376950.616455078 8595821 0.008360927044067
79524 1.087658381580608 9511385.469680786 8744828 0.008360927044067
80656 1.0974705551645618 9646777.15460205 8790010 0.008360927044067
81796 1.067680639707308 9783125.671218872 9162970 0.008360927044067
82944 1.0822295075089228 9920431.01953125 9166661 0.008360927044067
84100 1.083903663525005 10058693.199539185 9280062 0.008360927044067
85264 1.0777692806945929 10197912.211242676 9462055 0.008360927044067
86436 1.0942426217992616 10338088.054641724 9447711 0.008360927044067
87616 1.088493830049206 10479220.729736328 9627267 0.008360927044067
88804 1.084076748118536 10621310.23652649 9797563 0.008360927044067
90000 1.0934655080161662 10764356.575012207 9844258 0.008360927044067
91204 1.096067724984243 10908359.745193481 9952268 0.008360927044067
92416 1.0977442566307736 11053319.747070312 10069121 0.008360927044067
93636 1.088262721870616 11199236.5806427 10290931 0.008360927044067
94864 1.071275300528291 11346110.245910645 10591218 0.008360927044067
96100 1.076489773235815 11493940.742874146 10677241 0.008360927044067
97344 1.0716128054170775 11642728.071533203 10864678 0.008360927044067
98596 1.071072149323551 11792472.231887817 11009970 0.008360927044067
99856 1.0755188448951047 11943173.223937988 11104569 0.008360927044067
101124 1.0631654862991888 12094831.047683716 11376245 0.008360927044067
102400 1.0764538962464354 12247445.703125 11377585 0.008360927044067
103684 1.0724274696594371 12401017.19026184 11563502 0.008360927044067
104976 1.0735953791909434 12555545.509094238 11694858 0.008360927044067
106276 1.0620591347369863 12711030.659622192 11968289 0.008360927044067
107584 1.0575126740992304 12867472.641845703 12167677 0.008360927044067
108900 1.0652096681072236 13024871.45576477 12227519 0.008360927044067
110224 1.0759434278298992 13183227.101379395 12252714 0.008360927044067
111556 1.0728733613301784 13342539.578689575 12436267 0.008360927044067
112896 1.0645454889094923 13502808.887695312 12684107 0.008360927044067
114244 1.068674354344619 13664035.028396606 12785967 0.008360927044067
115600 1.0628795664658603 13826218.000793457 13008264 0.008360927044067
116964 1.0556574976618915 13989357.804885864 13251796 0.008360927044067
118336 1.0486758338827098 14153454.440673828 13496501 0.008360927044067
119716 1.0547619884981652 14318507.908157349 13575108 0.008360927044067
121104 1.058537902423049 14484518.207336426 13683514 0.008360927044067
122500 1.0545635868838157 14651485.33821106 13893411 0.008360927044067
123904 1.0508312960514858 14819409.30078125 14102558 0.008360927044067
125316 1.0573984603571083 14988290.095046997 14174685 0.008360927044067
126736 1.0604543965432403 15158127.7210083 14293993 0.008360927044067
128164 1.0542051665094299 15328922.178665161 14540739 0.008360927044067
129600 1.0634868192379823 15500673.468017578 14575332 0.008360927044067
131044 1.0597448539639498 15673381.589065552 14789769 0.008360927044067
132496 1.0613572488276402 15847046.541809082 14930926 0.008360927044067
133956 1.0538986259203498 16021668.326248169 15202286 0.008360927044067
135424 1.0600984201902972 16197246.942382812 15279003 0.008360927044067
136900 1.0570925623707113 16373782.390213013 15489450 0.008360927044067
138384 1.038032505396649 16551274.66973877 15944852 0.008360927044067
139876 1.0529594332630834 16729723.780960083 15888289 0.008360927044067
141376 1.053743347871728 16909129.723876953 16046725 0.008360927044067
142884 1.0485963362520263 17089492.49848938 16297494 0.008360927044067
144400 1.0331580958336413 17270812.104797363 16716524 0.008360927044067
145924 1.0438315860651854 17453088.542800903 16720215 0.008360927044067
147456 1.0527582354921567 17636321.8125 16752490 0.008360927044067
148996 1.0490038436995415 17820511.913894653 16988033 0.008360927044067
150544 1.0399941436110258 18005658.846984863 17313231 0.008360927044067
152100 1.0415326056730048 18191762.61177063 17466340 0.008360927044067
153664 1.0465890775373397 18378823.208251953 17560687 0.008360927044067
155236 1.0244745770056114 18566840.636428833 18123281 0.008360927044067
156816 1.0370324707991017 18755814.89630127 18086044 0.008360927044067
158404 1.0471588147606858 18945745.987869263 18092524 0.008360927044067
160000 1.0390856084097995 19136633.911132812 18416802 0.008360927044067
161604 1.0383712215243048 19328478.66609192 18614228 0.008360927044067
163216 1.0581068681129502 19521280.252746582 18449252 0.008360927044067
164836 1.032146884401336 19715038.6710968 19101001 0.008360927044067
166464 1.0267641646287171 19909753.921142578 19390776 0.008360927044067
168100 1.035086980620983 20105426.00288391 19423900 0.008360927044067
169744 1.026967195124595 20302054.9163208 19768942 0.008360927044067
171396 1.0381655415601028 20499640.661453247 19746023 0.008360927044067
173056 1.0380234398382653 20698183.23828125 19939996 0.008360927044067
174724 1.0335905023571845 20897682.64680481 20218532 0.008360927044067
176400 1.016812226796114 21098138.887023926 20749297 0.008360927044067
178084 1.033351713745007 21299551.9589386 20612103 0.008360927044067
179776 1.0247647225415757 21501921.862548828 20982301 0.008360927044067
181476 1.0261701159166365 21705248.597854614 21151706 0.008360927044067
183184 1.0271157390473984 21909532.164855957 21331123 0.008360927044067
184900 1.0388874175770875 22114772.563552856 21286977 0.008360927044067
186624 1.021440990821768 22320969.793945312 21852432 0.008360927044067
188356 1.0231779718566438 22528123.856033325 22017796 0.008360927044067
190096 1.0244617339519313 22736234.749816895 22193347 0.008360927044067
191844 1.0321341696139577 22945302.47529602 22230930 0.008360927044067
193600 1.0296373985555 23155327.032470703 22488817 0.008360927044067
195364 1.0187694843780761 23366308.421340942 22935815 0.008360927044067
197136 1.0089013989088738 23578246.64190674 23370219 0.008360927044067
198916 1.0209386526491417 23791141.69416809 23303204 0.008360927044067
200704 1.0124674007183818 24004993.578125 23709399 0.008360927044067
202500 1.0208647272710418 24219802.293777466 23724791 0.008360927044067
204304 1.0155028519912697 24435567.84112549 24062530 0.008360927044067
206116 1.0165791845189938 24652290.220169067 24250241 0.008360927044067
207936 1.0104415029792704 24869969.430908203 24612973 0.008360927044067
209764 1.0314125317192562 25088605.473342896 24324511 0.008360927044067
211600 1.0097688564905447 25308198.347473145 25063358 0.008360927044067
213444 1.0228238347068859 25528748.05329895 24959086 0.008360927044067
215296 1.0237674137465722 25750254.590820312 25152446 0.008360927044067
217156 1.0169037749115737 25972717.96003723 25540979 0.008360927044067
219024 1.0232692193582058 26196138.160949707 25600436 0.008360927044067
220900 1.0079982142357986 26420515.19355774 26210875 0.008360927044067
222784 1.0195890725062315 26645849.057861328 26133910 0.008360927044067
224676 1.019351639051422 26872139.753860474 26361992 0.008360927044067
226576 1.0124905027945434 27099387.281555176 26765078 0.008360927044067
228484 1.0204169956688922 27327591.640945435 26780808 0.008360927044067
230400 1.0033834987842098 27556752.83203125 27463829 0.008360927044067
232324 1.0126867182318904 27786870.854812622 27438763 0.008360927044067
234256 1.00938158593362 28017945.70928955 27757536 0.008360927044067
236196 1.0119355256302531 28249977.395462036 27916776 0.008360927044067
238144 1.0093076223397637 28482965.913330078 28220302 0.008360927044067
240100 0.9986726610242899 28716911.262893677 28755079 0.008360927044067
242064 1.0128086360806947 28951813.444152832 28585670 0.008360927044067
244036 1.0107247681253537 29187672.457107544 28877963 0.008360927044067
246016 0.9989076598371815 29424488.301757812 29456665 0.008360927044067
248004 1.002029816394689 29662260.978103638 29602174 0.008360927044067
250000 0.9967872340168885 29900990.48614502 29997365 0.008360927044067
252004 0.9967328738130442 30140676.825881958 30239473 0.008360927044067
254016 1.0011469190882198 30381319.997314453 30346515 0.008360927044067
256036 1.0054552731771131 30622920.000442505 30456770 0.008360927044067
258064 1.0087545348810136 30865476.835266113 30597609 0.008360927044067
260100 0.9982663905204704 31108990.50178528 31163015 0.008360927044067
262144 1 31353461 31353461 0.008360927044067
