4 0.00003273563455339237 0.007300046505406499 223 547.941714759975
16 0.00014527455732152238 0.11680074408650398 804 136.98542868999374
36 0.00029257979561500563 0.5913037669379264 2021 60.88241275110833
64 0.00047564568729551127 1.8688119053840637 3929 34.246357172498435
100 0.0007627096398995423 4.562529065879062 5982 21.917668590399
144 0.0010644532258108487 9.460860271006823 8888 15.220603187777083
196 0.0013804372418272824 17.527411659481004 12697 11.182483974693367
256 0.001780138744189142 29.90099048614502 16797 8.561589293124609
324 0.002283788151915508 47.89560512197204 20972 6.764712527900926
400 0.0028200751392283467 73.00046505406499 25886 5.47941714759975
484 0.0032768182507789357 106.87998088565655 32617 4.528443923636157
576 0.0037449287334828225 151.37376433610916 40421 3.805150796944271
676 0.004341147419024632 208.49662824091502 48028 3.242258667218787
784 0.004998905286126489 280.43858655169606 56100 2.795620993673342
900 0.0057624757041804375 369.564854336204 64133 2.435296510044333
1024 0.006497655105709983 478.4158477783203 73629 2.140397323281152
1156 0.007060473443090223 609.7071841780562 86355 1.895992092595069
1296 0.007816021887191243 766.3296819515526 98046 1.6911781319752315
1444 0.008588666046431102 951.3493606310803 110768 1.5178440852076869
1600 0.009512158389988189 1168.0074408650398 122791 1.3698542868999375
1764 0.010221904704571684 1419.7203444179613 138890 1.2424982194103742
1936 0.011216652963554168 1710.0796941705048 152459 1.1321109809090393
2116 0.012042350604044235 2042.85231411946 169639 1.0358066441587428
2304 0.01323840935210929 2421.9802293777466 182951 0.9512876992360677
2500 0.014177234864493102 2851.5806661744136 201138 0.87670674361596
2704 0.015237779212403461 3335.9460518546402 218926 0.8105646668046967
2916 0.016288354619339803 3879.544014879735 238179 0.7516347253223251
3136 0.017189332406869335 4487.017384827137 261035 0.6989052484183355
3364 0.01819977155885868 5163.184192390414 283695 0.6515359271818966
3600 0.01971893335482937 5913.037669379264 299866 0.6088241275110833
3844 0.020991796166780884 6741.746248719515 321161 0.5701786834130853
4096 0.021963501248011216 7654.653564453125 348517 0.535099330820288
4356 0.023130980815391427 8657.27845173818 374272 0.5031604359595729
4624 0.024682315449919414 9755.3149468489 395235 0.47399802314876727
4900 0.025591407462932977 10954.632287175627 428059 0.4472993589877347
5184 0.027096380846275723 12261.274911224842 452506 0.42279453299380787
5476 0.028721027419811505 13681.46245861915 476357 0.4002496090284697
5776 0.030157228697683138 15221.589770097286 504741 0.3794610213019217
6084 0.032253877245764666 16888.226887514116 523603 0.36025096302430965
6400 0.033086447804089814 18688.119053840637 564827 0.3424635717249844
6724 0.035072347049811145 20628.186713163974 588161 0.32596175773942593
7056 0.03633844525073568 22715.52551068738 625110 0.31062455485259355
7396 0.03705386180075874 24957.406292730244 673544 0.2963448971119389
7744 0.039501226569585296 27361.275106728077 692669 0.2830277452272598
8100 0.040912468601259744 29934.753201232525 731678 0.27058850111603705
8464 0.04242320495117417 32685.63702591136 770466 0.2589516610396857
8836 0.044307221283682315 35621.89823154849 803975 0.24804966716160026
9216 0.045891480152109074 38751.683670043945 844420 0.23782192480901693
9604 0.047672269221086395 42083.31539441389 882763 0.22821395866721156
10000 0.04913098280592456 45625.29065879062 928646 0.21917668590399
10404 0.051114461874395875 49386.28191842255 966190 0.2106657880661188
10816 0.05280228484142958 53375.136829674244 1010849 0.20264116670117419
11236 0.05563813187197859 57600.87825002638 1035277 0.19506647018867035
11664 0.05786332121001109 62072.70423807576 1072747 0.18790868133058128
12100 0.059034005584843584 66799.98805353534 1131551 0.1811377569454463
12544 0.06133214257347124 71792.27815723419 1170549 0.17472631210458386
12996 0.06233370775782455 77059.29821111751 1236238 0.1686493428008541
13456 0.06449656954810495 82610.94707824662 1280858 0.16288398179547414
13924 0.06625339952094693 88457.298822799 1335136 0.1574092831829862
14400 0.06827022354666071 94608.60271006823 1385796 0.15220603187777082
14884 0.07137938785608489 101075.28320646402 1416029 0.14725657478096613
15376 0.07374400693188599 107867.93997951224 1462735 0.14254467085327133
15876 0.07588435215233104 114997.34789785487 1515429 0.1380553577122638
16384 0.07711472658938265 122474.45703125 1588211 0.133774832705072
16900 0.07801480585595526 130310.39265057188 1670329 0.12969034668875148
17424 0.08309440095922793 138516.4552278109 1666977 0.12579010898989323
17956 0.08365870050914562 147104.1204360735 1758384 0.12206320221875139
18496 0.08585729334356956 156085.0391495824 1817959 0.11849950578719182
19044 0.08806963213112391 165471.03744367626 1878866 0.1150896271287492
19600 0.090507036422358 175274.11659481004 1936580 0.11182483974693368
20164 0.0927280045230471 185506.45308055473 2000544 0.10869702732790616
20736 0.09639556525265702 196180.39857959747 2035160 0.10569863324845197
21316 0.09816746408332555 207308.47997174156 2111784 0.10282261489209514
21904 0.10233228883618645 218903.3993379064 2139143 0.10006240225711742
22500 0.10451069140176532 230978.0339601275 2210090 0.09741186040177333
23104 0.10594643908957724 243545.43632155657 2298760 0.09486525532548043
23716 0.10800760547812643 256618.83410646138 2375933 0.09241722293135014
24336 0.11008354916584373 270211.63020022586 2454605 0.09006274075607741
24964 0.11290300143873826 284337.40268935007 2518422 0.0877971021887478
25600 0.1160515767593458 299009.9048614502 2576526 0.0856158929312461
26244 0.11932335432860329 314243.06520525855 2633542 0.08351496948025834
26896 0.12116880738039865 330050.9874106236 2723894 0.08149043943485648
27556 0.12596050694577862 346447.95036850986 2750449 0.07953864345477936
28224 0.12657224633062442 363448.4081709981 2871470 0.07765613871314839
28900 0.13044945462587448 381066.9901112851 2921185 0.07583968370380277
29584 0.13234627867781948 399318.5006836839 3017225 0.07408622427798472
30276 0.13655239233446378 418217.91958362353 3062692 0.0723928807979885
30976 0.13730845247188211 437780.40170764923 3188299 0.07075693630681495
31684 0.14145452885273427 458021.27715342236 3237940 0.06917582562302424
32400 0.14421356985115444 478956.0512197204 3321158 0.06764712527900926
33124 0.14711607596145154 500600.40440643695 3402758 0.06616854422895484
33856 0.15041507216583927 522970.1924145818 3476847 0.06473791525992142
34596 0.15373810710352204 546081.4461462807 3552024 0.06335318704589837
35344 0.15893369397825202 569950.3717047758 3586089 0.062012416790400066
36100 0.16026312728835723 594593.3503944252 3710107 0.060713763408307475
36864 0.16272553927281197 620026.9387207031 3810262 0.05945548120225423
37636 0.16805598687683507 646267.8683902 3845551 0.05823591399298278
38416 0.16991375686557997 673333.0463106222 3962793 0.05705348966680289
39204 0.17004813181692016 701239.5545907926 4123771 0.05590671510661922
40000 0.17529441482910463 730004.6505406499 4164449 0.0547941714759975
40804 0.1779607541631192 759645.766671249 4268614 0.053714509828445736
41616 0.1805722399770476 790180.5106947608 4375980 0.0526664470165297
42436 0.1865770747736209 821626.6655244727 4403685 0.05164876187764869
43264 0.18842869608885426 854002.1892747879 4532230 0.050660291675293546
44100 0.19224569989187182 887325.2152612258 4615579 0.049699928776414964
44944 0.19680248920612078 921614.052000422 4682939 0.04876661754716759
45796 0.19965572190836792 956887.1832101282 4792686 0.04785935145077954
46656 0.20144261691369494 993163.2678092122 4930254 0.04697717033264532
47524 0.20315164850179776 1030461.139917658 5072374 0.04611915787896431
48400 0.2105244950171919 1068799.8088565655 5076843 0.04528443923636157
49284 0.2129196935328101 1108198.459148151 5204772 0.04447217878094108
50176 0.21989814651863815 1148676.450515747 5223675 0.043681578026145966
51076 0.22223163779617067 1190253.3178838019 5355913 0.04291187365964249
51984 0.2219473405585709 1232948.7713778801 5555141 0.04216233570021353
52900 0.22644398952694106 1276782.6963246625 5638404 0.041432265766349716
53824 0.23127890878885926 1321775.153251946 5715070 0.040720995448868536
54756 0.232011198352358 1367946.3778886434 5896036 0.04002788478047885
55696 0.23962321396471978 1415316.781164784 5906426 0.03935232079574655
56644 0.24050000718120723 1463906.949211513 6086931 0.03869371617540957
57600 0.24287640588457898 1513737.6433610916 6232543 0.038051507969442705
58564 0.24872200999206667 1564829.8001468976 6291481 0.037425156393687244
59536 0.25135367708687695 1617204.5313034244 6433980 0.03681414369524153
60516 0.25602201357490906 1670883.1237662819 6526326 0.03621797308215843
61504 0.2602555134007482 1725887.039672196 6631510 0.03563616771331783
62500 0.26428661280195515 1782237.9163590085 6743580 0.0350682697446384
63504 0.2643161855257518 1839957.5663656779 6961199 0.03451383942806595
64516 0.273693291372222 1899067.9774322782 6938672 0.03397245426002697
65536 0.27606242629462596 1959591.3125 7098363 0.033443708176268
66564 0.280229316559702 2021549.9097111498 7213913 0.03292721079021543
67600 0.2857542660525089 2084966.2824091502 7296361 0.03242258667218787
68644 0.29192708027426867 2149863.11913854 7364384 0.031929474666975995
69696 0.28930444561441554 2216263.283644974 7660661 0.03144752724747331
70756 0.29855178016641487 2284189.8148752237 7650900 0.030976409902197695
71824 0.3034095527473453 2353665.926977176 7757389 0.030515800554687847
72900 0.30865975883008584 2424715.0092998343 7855624 0.030065389012893007
73984 0.3122117976006192 2497360.626393318 7998931 0.029624876446797954
75076 0.3146291654667175 2571626.5180088626 8173516 0.029193974892640792
76176 0.3152927178926972 2647536.5990988202 8397075 0.0287724067821873
77284 0.320213623394685 2725114.959816658 8510303 0.028359904495625227
78400 0.3262499144080549 2804385.8655169606 8595821 0.02795620993673342
79524 0.3299520307037974 2885373.7567554275 8744828 0.0275610741290667
80656 0.33766778983060036 2968103.2492888756 8790010 0.02717425683197654
81796 0.33314516298484403 3052599.1340752365 9162970 0.026795526175361878
82944 0.3424241801102451 3138886.3772735596 9166661 0.026424658312112992
84100 0.3477336811159245 3226990.1202440085 9280062 0.026061437087275863
85264 0.35055129985482697 3316935.679547865 9462055 0.025705653723023785
86436 0.360801526099552 3408748.546947525 9447711 0.025357106518579066
87616 0.3638056770843171 3502454.3894065022 9627267 0.025015600564279355
88804 0.36724224678008455 3598079.0490894252 9797563 0.0246809474690318
90000 0.3754115895136068 3695648.54336204 9844258 0.02435296510044333
91204 0.3813391143396869 3795189.064791207 9952268 0.024031477336957808
92416 0.38699773109737234 3896726.981144905 10069121 0.023716313831370107
93636 0.38871981897383495 4000288.8353922265 10290931 0.02340730978512431
94864 0.3876703647968895 4105901.345703382 10591218 0.023104305732837536
96100 0.39463297732529373 4213591.405449697 10677241 0.022807147336523413
97344 0.39793043873031614 4323386.083203614 10864678 0.022515685189019353
98596 0.40284511426813063 4435312.62273869 11009970 0.02222977462615015
99856 0.40968707952821953 4549398.443029601 11104569 0.02194927554718695
101124 0.41012400297744434 4665671.138252136 11376245 0.021674052243185596
102400 0.42048980322126384 4784158.477783203 11377585 0.021403973232811523
103684 0.42416980653445846 4904888.406200823 11563502 0.021138911105280468
104976 0.42992305193309205 5027889.043284137 11694858 0.020878742370064585
106276 0.4305702079899138 5153188.684013397 11968289 0.020623347313033048
107584 0.43400361454121256 5280815.798569977 12167677 0.02037260985871412
108900 0.4425099672579828 5410799.032336363 12227519 0.02012641743838292
110224 0.45240321498536223 5543167.205896158 12252714 0.01988466086369484
111556 0.45656379965419536 5677949.315034081 12436267 0.019647234205599877
112896 0.4584614849698106 5815174.53073597 12684107 0.019414034678287097
114244 0.4657349889287821 5954872.1991887735 12785967 0.019184962527921817
115600 0.4687075724924219 6097071.841780562 13008264 0.018959920925950693
116964 0.471015638567068 6241803.155100518 13251796 0.018738815866761568
118336 0.4733890666135573 6389096.010938942 13496501 0.01852155606949618
119716 0.48168901906984835 6538980.456287251 13575108 0.018308052883824217
121104 0.4890181508447301 6691486.7133379765 13683514 0.018098220199497125
122500 0.49279800183588945 6846645.179484767 13893411 0.01789197435950939
123904 0.4966819797743351 7004486.427322388 14102558 0.01768923407670374
125316 0.5054815119099098 7165041.204646719 14174685 0.017489920353665134
126736 0.5126867233287967 7328340.434454758 14293993 0.01729395640575606
128164 0.5154081381245215 7494415.214944617 14540739 0.01710126758715318
129600 0.5257716818742466 7663296.819515526 14575332 0.016911781319752316
131044 0.529759234019668 7835016.69676783 14789769 0.016725427024815328
132496 0.5364440538050347 8009606.470502991 14930926 0.01654213605723871
133956 0.5385438702918486 8187097.939723586 15202286 0.01636184164232957
135424 0.5476485002740891 8367523.078633308 15279003 0.016184478814980356
136900 0.5520476218740478 8550914.03663697 15489450 0.016009984361138787
138384 0.5479701623031993 8737303.138340492 15944852 0.015838296761474593
139876 0.5618429324611933 8926722.883550921 15888289 0.01566935613714933
141376 0.5682907850216423 9119205.947276413 16046725 0.015503104197600016
142884 0.5715470844613438 9314785.179726245 16297494 0.01533948419025153
144400 0.5691071664366829 9513493.606310803 16716524 0.015178440852076869
145924 0.5810549940680546 9715364.427641599 16720215 0.015019920362927961
147456 0.5921765074643381 9920431.01953125 16752490 0.014863870300563558
148996 0.5962271755060459 10128726.9329935 16988033 0.014710239597303953
150544 0.5972476133566981 10340285.8942432 17313231 0.014558978498245695
152100 0.6043133137621461 10555141.804696323 17466340 0.014410038520972385
153664 0.6134913025310431 10773328.740969956 17560687 0.014263372416700722
155236 0.6066716592256283 10994880.954882303 18123281 0.014118934132803601
156816 0.6203585965760495 11219832.873452682 18086044 0.013976678776654806
158404 0.6327596469625537 11448219.09890153 18092524 0.013836562580742277
160000 0.6342075246641843 11680074.408650398 18416802 0.013698542868999375
161604 0.6401250567749549 11915433.755321955 18614228 0.013562578024305709
163216 0.6587981055676394 12154332.266739983 18449252 0.013428627457111434
164836 0.6490133813368936 12396805.245929385 19101001 0.013296651575140745
166464 0.6520052715330306 12642888.171116173 19390776 0.013166611754132425
168100 0.6637501580901614 12892616.695727484 19423900 0.013038470309577036
169744 0.6649838240403337 13146026.648391563 19768942 0.012912190469412173
171396 0.6787773939561287 13403154.032937778 19746023 0.0127877363476388
173056 0.6852576614557297 13664035.028396606 19939996 0.012665072918823387
174724 0.6889078786234157 13928705.988999648 20218532 0.012544165993451957
176400 0.684225756862009 14197203.444179613 20749297 0.012424982194103741
178084 0.7019935859320291 14469564.098570334 20612103 0.012307488932413355
179776 0.7027744398484586 14745824.832006752 20982301 0.012191654386791897
181476 0.7103929441684247 15026022.699524933 21151706 0.012077447480878462
183184 0.717739751974711 15310194.931362052 21331123 0.011964837862694885
184900 0.7327662792587413 15598378.932956403 21286977 0.011853795884477554
186624 0.7271782053799501 15890612.284947395 21852432 0.01174429258316133
188356 0.7351749804192734 16186932.743175557 22017796 0.011636299661491536
190096 0.7428973303883604 16487378.238682527 22193347 0.011529789469741078
191844 0.7553434281746677 16791986.877711065 22230930 0.011424734988010572
193600 0.7604133619703094 17100796.941705048 22488817 0.011321109809090393
195364 0.7592425596086061 17413846.88730946 22935815 0.011218888121864315
197136 0.7587081381809224 17731175.346370418 23370219 0.01111804469523527
198916 0.7746926614012019 18052821.125935134 23303204 0.011018554862554547
200704 0.7751703536750111 18378823.208251953 23709399 0.010920394506536492
202500 0.7885937014480054 18709220.750770327 23724791 0.010823540044641481
204304 0.7914401804856277 19044053.08614083 24062530 0.010727968414910622
206116 0.7993058593609501 19383359.722215146 24250241 0.010633657062236315
207936 0.8014952253856567 19727180.342046082 24612973 0.010540583925053382
209764 0.8253220302717515 20075554.803887554 24324511 0.010448727422436167
211600 0.8150752641044589 20428523.1411946 25063358 0.010358066441587429
213444 0.8328079627043783 20786125.56262337 24959086 0.010268580325705571
215296 0.8408089794539718 21148402.452031136 25152446 0.010180248862217134
217156 0.842387222842017 21515394.368476275 25540979 0.010093052271362063
219024 0.8549519252804247 21887142.046218295 25600436 0.010006971195119712
220900 0.8494064541804807 22263686.394717805 26210875 0.009921986686464011
222784 0.8665013577622539 22645068.498636544 26133910 0.009838080198936637
224676 0.8736566499920551 23031329.617837355 26361992 0.009755233576527533
226576 0.875114624638277 23422511.187384207 26765078 0.009673429043852393
228484 0.8893926881348082 23818654.817542177 26780808 0.00959264919661727
230400 0.8818800282283096 24219802.293777466 27463829 0.009512876992360676
232324 0.8974892773685673 24625995.576757383 27438763 0.009434095741464076
234256 0.9019992553499836 25037276.80235036 27757536 0.009356289098421811
236196 0.9117703377218752 25453688.28162594 27916776 0.009279441053362038
238144 0.9169027496890285 25875272.50085479 28220302 0.009203535923810383
240100 0.9146930920102386 26302072.12150868 28755079 0.009128558346688463
242064 0.9352283847207538 26734129.98026051 28585670 0.009054493270539608
244036 0.9409074001855423 27171489.088984285 28877963 0.008981325947974479
246016 0.9374514268589175 27614192.634755135 29456665 0.008909041928329458
248004 0.9479805091291369 28062283.979849298 29602174 0.00883762705053104
250000 0.9506103840035328 28515806.661744136 29997365 0.0087670674361596
252004 0.9581782193465515 28974804.39311812 30239473 0.008697349482706227
254016 0.970105498501256 29439321.061850846 30346515 0.008628459857016487
256036 0.9820279934813513 29909400.731023014 30456770 0.008560385488915231
258064 0.9930543147641521 30385087.63891645 30597609 0.008493113565006743
260100 0.9904826666808104 30866426.199014094 31163015 0.008426631522644753
262144 1 31353461 31353461 0.008360927044067
