4 0.23837361623234693 53.15731641981336 223 0.07524834339660302
16 0.5289285215901827 425.2585313585069 804 0.03762417169830151
36 0.6119183702413057 1236.6870262576788 2021 0.029110032882724658
64 0.6494149117208047 2551.5511881510415 3929 0.025082781132201006
100 0.7379838802398668 4414.619571594883 5982 0.02265200848640117
144 0.7718734806642661 6860.411496143997 8888 0.020989994562416188
196 0.7810545597702724 9917.049745403148 12697 0.01976394240543685
256 0.8101609217998583 13608.27300347222 16797 0.018812085849150756
324 0.8561235858589231 17954.623842633337 20972 0.018045490835105135
400 0.8875148701367869 22974.209928360866 25886 0.01741082723833797
484 0.8793948410379625 28683.221530135223 32617 0.016873976289291596
576 0.8682689579433739 35096.299549029114 40421 0.016411986659600246
676 0.8792122653077967 42226.80667820286 48028 0.016008788094055565
784 0.8928169875204278 50087.032999896 56100 0.015652753877468204
900 0.9151038561479723 58688.35560633791 64133 0.015335239685993292
1024 0.924110948367642 68041.36501736111 73629 0.015049668679320602
1156 0.9050543340353873 78155.96701562587 86355 0.014790937200852224
1296 0.9081601074042068 89041.46589055286 98046 0.014555016441362329
1444 0.9091672085829101 100706.63336031178 110768 0.01433867811699757
1600 0.9215640094255183 113159.76628136882 122791 0.014139301030559232
1764 0.910135614184728 126408.73545411688 138890 0.013954731796524353
1936 0.921303611251094 140461.02726773053 152459 0.013783182692447644
2116 0.9156136237569036 155323.77952049737 169639 0.0136231554919172
2304 0.9346973367400502 171003.81245392893 182951 0.013473383820730506
2500 0.9322338683757461 187507.65581736082 201138 0.013332788941882404
2704 0.935665807682072 204841.5726126053 218926 0.013200445424785831
2916 0.9363192390619158 223011.58004052806 238179 0.013075554190818581
3136 0.9271686481610424 242023.4680727177 261035 0.012957421133465314
3364 0.923113963920086 261882.81599430882 283695 0.01284544000043556
3600 0.9424042979303544 282595.00720318366 299866 0.012739078569111547
3844 0.9470802572614375 304165.2425023405 321161 0.012637867391999666
4096 0.9371093865818119 326598.5520833333 348517 0.012541390566100503
4356 0.9348810660888853 349899.8063672193 374272 0.012449278109712312
4624 0.9464590075368013 374073.7258438077 395235 0.012361199626008281
4900 0.9324062571490299 399124.8900289566 428059 0.012276859004319435
5184 0.9393416786568347 425057.74564228964 452506 0.012195989964061571
5476 0.9486091609722606 451876.6140932631 476357 0.012118352287356488
5776 0.9501619609888192 479585.6983514576 504741 0.012043728617960455
6084 0.9705618364807638 508189.08926683734 523603 0.011971921728538813
6400 0.9519565661648198 537690.7713971767 564827 0.011902752177370931
6724 0.9658828592725472 568094.6283926007 588161 0.011836056290525521
7056 0.9588783541792936 599404.4479810182 625110 0.011771684417369302
7396 0.9377619377396952 631623.9265929452 673544 0.011709499416678064
7744 0.9597032257249581 664756.673659681 692669 0.01164937533814742
8100 0.9550734279490388 698806.2156148968 731678 0.011591196270159976
8464 0.9523794685635895 733775.9996263145 770466 0.011534855329569799
8836 0.9573300128501684 769669.3970812141 803975 0.011480253773254338
9216 0.9550812473022497 806489.7068469657 844420 0.01142730021444498
9604 0.9563610599057012 844240.1583255365 882763 0.011375909929525913
10000 0.9507647847715671 882923.9143189767 928646 0.011326004243200585
10404 0.9548267667034095 922544.0737211672 966190 0.011277509981755668
10816 0.9527671037411092 963103.6740495964 1010849 0.011230358985675528
11236 0.9703738166979431 1004605.6938295964 1035277 0.011184487674132054
11664 0.9760484576906653 1047053.0548422881 1072747 0.011139836654940933
12100 0.9636760731477644 1090448.624246426 1131551 0.011096350374472637
12544 0.9694555431540289 1134795.2165834054 1170549 0.011053976802763548
12996 0.9545860875283355 1180095.5956738545 1236238 0.011012667149714312
13456 0.9574460841197757 1226352.4764134877 1280858 0.010972375608807478
13924 0.9538867399839691 1273568.5264752365 1335136 0.010933059125241142
14400 0.9537813414990827 1321746.3679240628 1385796 0.010894677185772536
14884 0.9681218243060924 1370888.5787503317 1416029 0.010857191627905959
15376 0.9714662562440392 1420997.6943271246 1462735 0.010820566466352285
15876 0.9713923970020694 1472076.208796449 1515429 0.010784767734939495
16384 0.9596499308900951 1524126.5763888888 1588211 0.010749763342371859
16900 0.9442159075732358 1577151.2126808953 1670329 0.010715522940424212
17424 0.9785092990446684 1631152.4957935843 1666977 0.010682017803321888
17956 0.9589104356822027 1686132.7675366143 1758384 0.010649220717199594
18496 0.9582693198803975 1742094.3345004476 1817959 0.01061710587865714
19044 0.9575134517842449 1799039.469100057 1878866 0.010585648801538792
19600 0.9588916598193266 1856970.4105729114 1936580 0.010554826231158427
20164 0.9576841928664789 1915889.3659338772 2000544 0.010524616065276453
20736 0.9708320283857147 1975798.510889471 2035160 0.010494997281208094
21316 0.9644452229554492 2036699.9907137502 2111784 0.010465949868507598
21904 0.9810451760765645 2098595.9210879505 2139143 0.010437454766730208
22500 0.9780092163241524 2161488.388905846 2210090 0.01040949380782452
23104 0.9680782043565542 2225379.4530466725 2298760 0.010382049662752703
23716 0.9639460140994436 2290271.145117333 2375933 0.010355105791975999
24336 0.9598959792575563 2356165.470165494 2454605 0.010328646399478333
24964 0.9621359753707165 2423064.4073650707 2518422 0.010302656390032475
25600 0.9667940128201742 2490969.910675512 2576526 0.010277121329441382
26244 0.9720307895132125 2559883.909476205 2633542 0.010252027407512384
26896 0.9654591218223718 2629808.309177228 2723894 0.010227361403544575
27556 0.9819287657424749 2700744.991807624 2750449 0.010203110654129774
28224 0.9656015269469215 2772695.8165822765 2871470 0.010179263023085564
28900 0.9741466632371507 2845662.620448416 2921185 0.010155806873355202
29584 0.9676597597503404 2919647.2186127207 3017225 0.010132731040723793
30276 0.9777840556771366 2994651.4050499205 3062692 0.010110024809213245
30976 0.9631082131863283 3070676.9529937576 3188299 0.0100876778880305
31684 0.9721383396267744 3147725.615411118 3237940 0.010065680389954134
32400 0.9712874622225367 3225799.1254600757 3321158 0.010044022811054296
33124 0.9712413274563154 3304899.196932597 3402758 0.010022696011649507
33856 0.9735911659853189 3385027.524682558 3476847 0.01000169119841203
34596 0.9758339991620913 3466185.7850397285 3552024 0.00998099990754058
35344 0.9894834278263389 3548375.636210328 3586089 0.009960613988925778
36100 0.9788393484782868 3631598.7186647314 3710107 0.009940525591239683
36864 0.9752233981581485 3715856.6555128633 3810262 0.009920727147886178
37636 0.98845420405757 3801151.0528677925 3845551 0.009901211363753982
38416 0.9809958532272649 3887483.5001980327 3962793 0.009881971202718429
39204 0.9638885308299117 3974855.570668996 4123771 0.009862999875842457
40000 0.9757038257579909 4063268.8214740395 4164449 0.0098442908302309
40804 0.9728508584181067 4152724.7941555483 4268614 0.00982583773849561
41616 0.9696627989425015 4243225.014916408 4375980 0.009807634488792209
42436 0.9843508322966542 4334770.9949222915 4403685 0.009789675175391992
43264 0.9768622136553279 4427364.230595087 4532230 0.009771954089755303
44100 0.9795100904778843 4521006.203897823 4615579 0.009754465712075073
44944 0.9856413638126418 4615698.382611409 4682939 0.009737204703261433
45796 0.9830483825987164 4711442.220603512 4792686 0.009720165897340404
46656 0.9752518142249579 4808239.158089856 4930254 0.00970334429424155
47524 0.9672178395931024 4906090.621888223 5072374 0.00968673505295124
48400 0.985848493968682 5004998.025665445 5076843 0.0096703334850097
49284 0.9808235154542044 5104962.77017761 5204772 0.00965413504833167
50176 0.9966137333397963 5205986.243503761 5223675 0.009638135341331651
51076 0.9910672225768596 5308069.821273296 5355913 0.009622330097336197
51984 0.9740913627372036 5411214.866887312 5555141 0.009606715179266704
52900 0.9781886384399017 5515422.731734095 5638404 0.009591286574577357
53824 0.9834865986591519 5620694.755398959 5715070 0.009576040390433825
54756 0.9713360410059643 5727032.265868641 5896036 0.009560972849119253
55696 0.9878116782857225 5834436.579730427 5906426 0.009546080283654976
56644 0.9763391440392867 5942909.002366199 6086931 0.009531359133624106
57600 0.9711045440266619 6052450.828141564 6232543 0.00951680594118703
58564 0.9795886438487592 6163063.340590236 6291481 0.009502417347278363
59536 0.9752513704726824 6274747.812593829 6433980 0.009488190087975704
60516 0.9787291512188033 6387505.506557208 6526326 0.009474120991031041
61504 0.980370635734478 6501337.674579549 6631510 0.009460206972556237
62500 0.9811176791290734 6616245.558621237 6743580 0.009446445033854578
63504 0.9671078776323955 6732230.390666754 6961199 0.009432832258390762
64516 0.9871187732874028 6849293.39288365 6938672 0.009419365808892273
65536 0.9815552934920033 6967435.777777777 7098363 0.009406042924575378
66564 0.9823598854525748 7086658.7483448405 7213913 0.009392860918489504
67600 0.9877476591712536 7206963.498218427 7296361 0.009379817174974013
68644 0.9951071551693392 7328351.211814599 7364384 0.009366909147221781
69696 0.9726083773284272 7450823.064473166 7660661 0.009354134354944326
70756 0.9899985913547079 7574380.2225957345 7650900 0.009341490382133466
71824 0.9924761854511391 7699023.843780627 7757389 0.009328974874914873
72900 0.9960704683618733 7824755.076954773 7855624 0.009316585539489004
73984 0.9940797167149784 7951575.062502659 7998931 0.009304320140155285
75076 0.9884956403575179 8079484.932392418 8173516 0.009292176497415563
76176 0.9775410854731145 8208485.8102991525 8397075 0.009280152486153085
77284 0.9798216128997486 8338578.811725569 8510303 0.00926824603388344
78400 0.9853352046442088 8469765.044119988 8595821 0.00925645511907418
79524 0.9836723611935914 8602045.606991831 8744828 0.009244777769529852
80656 0.9937897217437325 8735421.592024626 8790010 0.00923321206083955
81796 0.9680151831978752 8869894.083186634 9162970 0.009221756114884029
82944 0.9824148789661944 9005464.156839134 9166661 0.009210408098399767
84100 0.9851370477742974 9142132.881842442 9280062 0.009199166221597412
85264 0.9807490359821139 9279901.319659742 9462055 0.009188028736832119
86436 0.9969367738342936 9418770.524458768 9447711 0.009176993937323564
87616 0.9928821485070888 9558741.543211395 9627267 0.009166060155923429
88804 0.9900232757667623 9699815.415791227 9797563 0.009155225763928224
90000 0.9997699344195555 9841993.175069185 9844258 0.009144489169935575
91204 1.0033166155701605 9985275.84700721 9952268 0.009133848818742017
92416 1.0060127841099593 10129664.450750059 10069121 0.009123303190280601
93636 0.9984674854700045 10275159.998715319 10290931 0.009112850798596528
94864 0.9840004706429069 10421763.496681627 10591218 0.009102490190859297
96100 0.9899070315894509 10569475.94387518 10677241 0.009092219946409756
97344 0.9865270128626503 10718298.333054554 10864678 0.009082038675840667
98596 0.9871263637043419 10868231.650593894 11009970 0.009071945020109341
99856 0.9923191865046272 11019276.876564503 11104569 0.00906193764968108
101124 0.981996694411459 11171434.984814888 11376245 0.0090520152637021
102400 0.9953524357804641 11324706.94304927 11377585 0.00904217658920081
103684 0.992700456393284 11479093.712904653 11563502 0.00903242038031624
104976 0.9948471584713898 11634596.250026401 11694858 0.009022745417552568
106276 0.9852047777374418 11791215.504142469 11968289 0.009013150507058691
107584 0.9820241299252283 11948952.419136211 12167677 0.00900363447993186
108900 0.9902097010127642 12107807.933117893 12227519 0.008994196191544398
110224 1.001229848219331 12267782.978494871 12252714 0.008984834520892652
111556 0.9994058894072091 12428878.482040524 12436267 0.008975548369967262
112896 0.9926670726572961 12591095.364961918 12684107 0.008966336663143958
114244 0.9975338230550945 12754434.542966278 12785967 0.008957198346594083
115600 0.9931299769382194 12918896.92632627 13008264 0.008948132387714082
116964 0.9873743468390342 13084483.419944126 13251796 0.008939137774573256
118336 0.9818244686837456 13251194.923414642 13496501 0.008930213515379074
119716 0.9885028046249851 13419032.331087071 13575108 0.008921358637959393
121104 0.9930195220413376 13587996.532125952 13683514 0.008912572189260951
122500 0.9902599448451399 13758088.41057086 13893411 0.008903853234863545
123904 0.9877150546301721 13929308.84539517 14102558 0.008895200858509278
125316 0.9948481190632295 14101658.710563773 14174685 0.008886614161646376
126736 0.9986809756440932 14275138.87508984 14293993 0.008878092262986997
128164 0.9937424915673547 14449750.203090606 14540739 0.008869634298078554
129600 1.0034415376502064 14625493.553842258 14575332 0.008861239418888044
131044 1.000851993147008 14802369.78183383 14789769 0.008852906793398948
132496 1.0033121681013144 14980379.736820286 14930926 0.008844635605220206
133956 0.9971871509241884 15159524.263874676 15202286 0.008836425053206896
135424 1.0039793960011287 15339804.203439435 15279003 0.008828274351092156
136900 1.0020510987399076 15521220.391376862 15489450 0.008820182727129991
138384 0.984880490519371 15703773.659018774 15944852 0.008812149423748554
139876 0.9999481274047415 15887464.833215352 15888289 0.008804173697213558
141376 1.001593455136995 16072294.736383194 16046725 0.008796254817301487
142884 0.9975928929044316 16258264.186552618 16297494 0.00878839206698221
144400 0.9837795224302724 16445373.997414188 16716524 0.008780584742110756
145924 0.9948212375477555 16633624.978364546 16720215 0.008772832151127863
147456 1.0042099971139484 16823017.93455145 16752490 0.008765133614769079
148996 1.0015022732130436 17013553.6669182 16988033 0.008757488465782047
150544 0.9937621101599848 17205232.972247265 17313231 0.0087498960486518
152100 0.9960905743964303 17398056.643203348 17466340 0.008742355719333673
153664 1.0017845810004862 17592025.468375683 17560687 0.008734866844993727
155236 0.9814525434064482 17787140.232319757 18123281 0.008727428803756302
156816 0.9943247796808603 17983401.715598345 18086044 0.008720040984458563
158404 1.004879733464605 18180810.69482197 18092524 0.008712702786411754
160000 0.9979673964398758 18379367.942688696 18416802 0.008705413619168984
161604 0.9981114568932632 18579074.228023373 18614228 0.00869817290229929
163216 1.0179236706082315 18779930.315816257 18449252 0.008690980065167825
164836 0.993766607690408 18981936.96726109 19101001 0.008683834546721931
166464 0.9893928401726976 19185094.93979258 19390776 0.008676735795282945
168100 0.9982240943952223 19389404.98712336 19423900 0.00866968326834353
169744 0.9911945646499629 19594867.859280366 19768942 0.008662676432370387
171396 1.0028087328086641 19801484.302640736 19746023 0.008655714762612142
173056 1.0034733738144759 20009255.059967153 19939996 0.008648797742912278
174724 0.9999826332813218 20218180.87044267 20218532 0.00864192486552696
176400 0.9845279321851272 20428262.469705064 20749297 0.00863509563094755
178084 1.0013291991545288 20639500.58988066 20612103 0.008628309547727758
179776 0.9937849981094891 20851895.95961773 20982301 0.008621566132315182
181476 0.9959219981650342 21065449.304119345 21151706 0.008614864908887198
183184 0.9976109248995386 21280161.34517582 21331123 0.008608205409191013
184900 1.0098208308862595 21496032.801196698 21286977 0.008601587172387758
186624 0.9936223294158854 21713064.387242235 21852432 0.008595009744900545
188356 0.9960695800367356 21931256.815054517 22017796 0.008588472680266308
190096 0.9980743685523461 22150610.793088105 22193347 0.008581975538991354
191844 1.0063063950334177 22371127.026540257 22230930 0.008575517888410518
193600 1.0046240412459555 22592806.217380747 22488817 0.008569099302549794
195364 0.9947607732439983 22815649.064381294 22935815 0.008562719361992335
197136 0.9858553855718906 23039656.263144523 23370219 0.008556377653747785
198916 0.9983532095471781 23264828.50613264 23303204 0.008550073771124746
200704 0.9907955272377675 23491166.4826956 23709399 0.008543807313606393
202500 0.9997420368887132 23718670.87909901 23724791 0.00853757788672905
204304 0.9952129879340025 23947342.378551573 24062530 0.008531385101963749
206116 0.9969872737030618 24177181.66123221 24250241 0.008525228576600567
207936 0.9916798512848012 24408189.404316828 24612973 0.008519107933635769
209764 1.01298506194039 24640366.282004695 24324511 0.008513022801661614
211600 0.9924333748711769 24873712.96554451 25063358 0.008506972814758774
213444 1.0059755442671303 25108230.123260114 24959086 0.008500957612391275
215296 1.007612477155338 25343918.420575872 25152446 0.00849497683930392
217156 1.0015582613353118 25580778.520041708 25540979 0.008489030145422093
219024 1.0085301313367423 25818811.081357867 25600436 0.008483117185753893
220900 0.9941681367523693 26058016.761399258 26210875 0.008477237620294559
222784 1.0062939764558625 26298396.21423963 26133910 0.008471391113933044
224676 1.0067505555413003 26539950.091175314 26361992 0.008465577336360781
226576 1.000657612159722 26782679.040748704 26765078 0.00845979596198253
228484 1.0091773074498533 27026583.70877149 26780808 0.008454046669829211
230400 0.9930030054566502 27271664.738347508 27463829 0.008448329143472773
232324 1.0028849613189703 27517922.769895393 27438763 0.00844264307094293
234256 1.000281813240588 27765358.441170897 27757536 0.008436988144645798
236196 1.0034816479986413 28013972.387288917 27916776 0.008431364061284353
238144 1.0015401408796165 28263765.24074532 28220302 0.008425770521780632
240100 0.9916417767949246 28514737.631438423 28755079 0.008420207231199699
242064 1.0063395465871625 28766890.186690256 28585670 0.00841467389867526
244036 1.0049262661382152 29020223.53126753 28877963 0.008409170237336939
246016 0.9938239202368088 29274738.287402395 29456665 0.008403695964239122
248004 0.9975765656540264 29530435.074812915 29602174 0.008398250800291373
250000 0.9929977019889342 29787314.510723285 29997365 0.008392834470190364
252004 0.9935813765631383 30045377.209883854 30239473 0.008387446702353255
254016 0.9986195708004969 30304623.78459084 30346515 0.008382087228852546
256036 1.0035553620658355 30565054.844705876 30456770 0.00837675578535229
258064 1.0074862711552162 30826670.99767528 30597609 0.0083714521110457
260100 0.9976400822753866 31089472.848549105 31163015 0.008366175948594073
262144 1 31353461 31353461 0.008360927044067
